2.004231344990503594e-01
2.668059550152398485e-01
1.445982442751506947e-01
2.386864506172410305e-01
2.575713096843411654e-01
2.561520634411904029e-01
6.227751141566362225e-02
7.367472807186459249e-02
2.184772348345911386e-01
2.670183686651273480e-01
-6.197006457489395714e-02
-3.112924468522861310e-01
-3.117497609102415357e-02
3.122451978856202737e-01
-1.942394378308220371e-01
1.939618415444420707e-01
3.374323337711896964e-01
3.768227675380954600e-01
4.523153246406733663e-01
4.935631690660211568e-01
5.218147153277078454e-01
4.650632984172711204e-01
6.582473774409142164e-01
8.010896322653695556e-01
6.067141490784445645e-01
5.957273925931461100e-01
7.189325899300254008e-01
4.853157003376084577e-01
2.775857628310707814e-01
1.000475652051903697e-01
1.447484253036253055e-01
3.021370781205167666e-01
2.547914865842084153e-01
4.310693384458501587e-01
3.510430487145059786e-01
2.154293482139662541e-01
3.483842057422602556e-01
4.878844883140801558e-01
3.706537764111435540e-01
4.538461591796956740e-01
5.813631115069541888e-01
5.871219262994182841e-01
4.575375398051051423e-01
3.862330398257134978e-01
2.650478084031140380e-01
8.784877931434367793e-02
4.100460635341296456e-01
4.733787876646838866e-01
4.084834024745055414e-01
4.826735839216211854e-01
4.511096220149576341e-01
3.568098783035603683e-01
1.301296268993139826e-01
4.483250936953497301e-01
1.306192813525487162e-01
2.967004008945073323e-01
3.149163309817666345e-01
2.717633023072284493e-01
4.524070639433213081e-01
3.326253571718329471e-01
4.824942486414335319e-01
1.402849545644502816e-01
1.511208977405233966e-01
1.020750959786824730e-01
2.182085559136633379e-01
-9.819176410589203208e-02
5.555243167530157788e-02
-2.045284518237697746e-01
-3.417457956979001454e-01
-1.448789203162915151e-01
1.778402137864776300e-02
-3.642033591073895460e-02
1.162473231063280432e-01
1.838400876042894927e-01
3.640102555541790963e-01
6.071625632818711260e-02
2.314583122656927172e-01
3.518252677734484690e-01
4.291658571705521674e-01
4.566814529193828354e-01
4.101886209415287476e-01
4.693354244779849860e-01
5.488014926780278024e-01
5.131913407185866305e-01
6.187548827192709266e-01
5.721877304757938543e-01
6.065955115566126210e-01
8.362059759505586776e-01
7.578837956966475442e-01
8.562497053225328614e-01
8.996916160424879294e-01
7.261229728628901814e-01
6.771351866071488868e-01
5.218464865564949040e-01
4.346988834042118666e-01
3.235921705734572940e-01
4.162347965443169429e-01
4.100736302491359009e-01
4.819360925714580302e-01
3.219066854921482923e-01
4.114212886286703341e-01
5.465695062235880197e-01
5.707659497734516307e-01
5.068900438520873575e-01
4.736729830150433473e-01
5.362680125101235706e-01
6.554772942778768208e-01
6.158345119919128585e-01
8.021836560131891947e-01
5.907890711254213389e-01
6.000521059106911359e-01
4.921200801140473979e-01
5.810892682731508829e-01
-1.820215971875981942e-01
-4.056498298291652538e-01
-5.379091151219808076e-01
-3.834647183947106908e-01
-4.100700166891408371e-01
-2.363494415737950605e-01
3.309318140640724049e-02
2.497989899562738370e-01
1.253803298611101402e-01
1.170981955112603556e-01
2.406455555703550520e-01
2.325543895840952446e-01
2.680407692441245104e-01
3.764484837963099628e-01
4.086617316046268211e-01
5.346220607472601527e-01
3.207735438264695538e-01
9.689364667972453216e-01
1.090353324128130463e+00
9.467369791422304282e-01
9.096598138515814558e-01
8.237900616649955765e-01
1.149190542938367976e+00
1.186753803491756187e+00
6.634216675309496658e-01
7.797616688009030295e-01
5.694938782759868534e-01
1.079475804847458420e+00
-7.366383794753144088e-01
-1.113218300201941791e+00
5.649556967152457032e-01
7.551582930880744726e-01
-1.664519331584406237e+00
4.316279215669039937e-01
3.067726925684768902e-01
5.283348053176155634e-01
-2.578769919734101634e+00
-3.427073730953588360e+00
-1.498268296550144374e+00
-9.867805476457780500e-01
-1.034881460122837993e+00
-1.684844303575270263e+00
-2.459220599088355552e+00
-1.181714058170641790e+00
-1.108288277108795628e+00
-1.363432138823710948e+00
-1.971719970651000242e-01
-2.927686186173764860e+00
-1.397038707198442253e+00
-1.231231468184765809e-01
2.202035042545833210e-01
1.718199432611555999e-01
1.794235404366154585e-01
4.571731449029436956e-01
5.033476063664256150e-01
8.168773213680091683e-01
8.073897971949870467e-01
7.246518795296389426e-01
5.724340317965090907e-01
3.744632846983411700e-01
1.261960586830977116e+00
8.945928432296983424e-01
7.925030645299917520e-01
7.811862581650070858e-01
9.446012641938565935e-01
6.272584329096413391e-01
6.579449381978181854e-01
5.698210328064345909e-01
7.208477536523183460e-01
9.276607765966304875e-01
2.703584966085910146e-01
7.001251837155251234e-01
5.486980240378012130e-01
5.430991371307885007e-01
2.823669722470552590e-01
5.037303625215472369e-01
4.701813351895960946e-01
4.693252341004640060e-01
5.416632226537594352e-01
4.283835134853892779e-01
3.539650306136805646e-01
4.868969647614126428e-01
3.169477551340280641e-01
1.959502915572284565e-01
3.035399625661500678e-01
-7.010289866444598950e-01
1.454640603652928577e-01
1.682890615869136464e-01
2.114400047214282929e-01
2.273612187716970434e-01
-7.269836268896290310e-01
-1.382612921064162448e-01
7.799433123831345238e-02
-1.490325936348409486e-01
1.972470877126192845e-01
-1.654019636044494201e-01
-1.465549392511051208e+00
-1.739508324263431049e+00
-1.948042288552221279e+00
-6.506008020140743309e-01
4.953798131622527690e-01
-8.119660610775730758e-02
-7.211198473640068052e-02
3.157150389067467922e-01
2.971632933619671735e-01
3.763905737175570754e-01
2.797851560182814112e-01
6.400945910162454400e-01
7.964601896084300137e-01
-5.544124856860064288e-01
-2.515149523043433977e+00
-4.841372870278620177e-01
1.776140969072886655e+00
5.629015076520682559e-01
6.310435399924103628e-01
6.313391925395110960e-01
2.694546549680558178e-01
1.795327767627841464e-01
-1.084010534923026015e+00
-1.701022663897676424e+00
-2.142070725388440344e+00
-6.012434981728034256e-01
-2.840411737979195439e-01
-4.139917650539304828e-01
-4.387490697846629928e-02
1.944030578083972838e-01
1.853344696064934682e-01
5.098565875564752270e-01
2.672102304275048579e-01
-5.124525092426474027e-02
-1.872034294237977736e+00
-2.515102262444384618e+00
-1.752727270503128043e+00
-4.956957330549453533e-01
1.648748557674500903e-02
-4.033686623143882266e-01
-2.272073984421698056e-01
3.597689274624210065e-01
4.460866763273159674e-01
-3.011348320244855437e-04
8.189898940326403864e-02
-6.674633806596212970e-01
4.786695339207117095e-02
4.026880049856539356e-01
6.884049230846605028e-01
-4.646708792748617811e-01
1.428372542069381579e-01
2.809153009987742644e-01
3.326201788839149853e-01
1.105845070891616100e+00
-4.706989114204742086e-01
-2.752676622184936583e+00
6.333955420024587335e-01
1.079290057995370589e+00
3.499092769071593390e-01
1.692567663458087179e-01
-2.878941522995379088e-01
6.705539445774510998e-01
1.372402722201395420e-01
-1.991882662875071874e-02
-7.284093246032741220e-04
-7.829801004640546402e-01
-5.700174714677397336e-01
-1.564153759823626033e-01
-4.772988037352539625e-01
-9.170857454914453921e-01
-8.078335026260805574e-01
-5.953646531840219858e-01
-8.083468411839398460e-01
-9.026415734151487236e-01
-9.746331617214996079e-01
-4.866400336351751066e-01
-1.665997881906344569e+00
-3.306732705955702234e-01
-3.562744075444212455e-01
2.831141078069758787e-01
-1.132183513154066734e+00
-1.159784257189604428e-01
-2.371472245135671231e-01
-3.183812948428911827e-01
2.098046505645545234e-01
-9.744628178063541313e-03
7.096162313514581266e-02
1.028452185885913028e-01
3.583350151629817182e-01
4.571435058078405778e-01
5.616962116457493437e-01
2.539465527316371873e-01
3.241511157782915320e-01
1.182444217542470699e-01
-6.623962840931130192e-01
-8.768061918905711849e-01
-1.737287114575755798e+00
-1.186137004040127563e+00
-1.595823108202538032e+00
-9.007658716053434933e-02
-2.322142601956220354e+00
-6.286516640439001602e-01
-4.171412395578248389e-01
-4.685763876836144814e-01
1.815145405411798252e-01
2.068246635641188269e-01
2.651736314681993889e-01
5.120214252515082887e-01
4.914847756299332571e-01
3.598086284620963804e-01
3.794901776481418576e-01
4.254979904254033163e-02
1.701293663317260396e-02
3.025893730590757946e-01
4.276777961205041612e-01
2.062162270347478898e+00
4.273093027846514014e-01
-3.830900443345694573e+00
-1.574023357707057036e+00
-5.724464482276547805e-01
-1.591814623129499617e+00
-8.599509670484439816e-01
-1.084132235143377976e-01
-6.551453753274044667e-02
5.781865611718497999e-02
2.697232911145577838e-01
7.154400474491673378e-04
6.070302324393405113e-01
1.390826643732951284e+00
5.223927151836103011e-01
2.920645558334807323e-01
3.005921679696293980e-01
-2.170627545862126584e-01
9.103244806340804463e-01
6.063359105664841708e-01
2.915246555755157121e-01
6.196859435246562797e-02
7.630701378472211083e-01
1.759191345531179729e-01
5.922370303680206671e-01
6.459711304570888712e-01
2.734890048291006015e-01
-1.088101259220802364e+00
-1.242270375502931845e-01
1.242747535999255915e+00
3.181736041444245267e-01
-3.112219062396940905e-01
-6.382055092569056676e-01
-1.858766832548459091e-01
-9.555856634466786126e-03
1.335684539058453746e+00
8.503796066146238619e-01
-2.476180684254414288e-02
1.449990875837943727e-01
3.689933687994874645e-01
5.443164447285104846e-01
4.348358336227832188e-01
7.594014040008607580e-01
4.662386178433454154e-01
5.026204789246993543e-02
9.008057719042408262e-01
3.675012626962850693e+00
4.544831107860755059e-01
1.925237172097100435e+00
5.294066985178615958e-01
5.574386712335487326e-01
5.427405334672227299e-01
4.294185764132346650e-01
4.593518074680516539e-01
5.726494268358934825e-01
7.749309151270322715e-01
-3.109225920511175523e-01
8.838698636517372531e-03
4.923604584582925714e-01
5.544191583000288581e-01
4.271792802862674487e-01
1.786714836892956404e-01
6.571916270040540908e-01
7.980972255544827032e-01
6.798290985422033028e-01
4.149720782015818843e-01
6.741151973469747816e-01
2.573724780586856276e-01
8.640066681663769455e-01
6.451171051903721310e-01
2.636685140483387979e-01
-7.029874150966328727e-01
6.916439513387958593e-01
4.047138966804229021e-01
2.844216561457532100e-01
2.902497005405100805e-01
1.142441995075422490e-01
-1.365545469239490606e+00
-1.136211637660837215e-01
2.004898455364497456e-01
2.517696110674873533e-01
1.186342853168607658e-01
2.468138492264066175e-01
7.100692984324000201e-02
1.663505841370840621e-01
-7.384794184699103869e-01
-1.209138238896552586e+00
-3.028335232447968983e-01
1.013695293414408338e-01
-5.143487022368969930e-02
-9.648373970417245538e-02
-1.830022873940684303e-01
4.715742520333471299e-02
-4.397980339844599906e-01
-8.802285224711265954e-01
-1.903583068904360687e+00
-3.098778967309064325e-01
2.518955995204519294e-02
-7.642236251214629128e-03
-5.124754579910730801e-01
-4.692303038486362321e-01
-1.203502577312384858e+00
-9.725225073951708765e-01
-8.884211343536925209e-01
-1.099187856334149727e+00
-1.300797257220557501e+00
-2.389775681616600700e+00
-1.335636802584792449e+00
-1.240418036089207421e+00
-7.964723230408560228e-02
-1.772123984110081651e-01
9.095547114367666386e-02
-3.703476680650454322e-01
2.201891173113381395e-01
-9.395690298429963949e-01
2.579319483634029408e-01
-2.903824242549146728e-03
-3.319252948319521557e-01
-5.942677708457004826e-01
1.716498375889385919e-04
-5.087172894235492127e-03
4.461368960186598565e-01
2.104630532830849277e-01
-3.139203998066825152e-02
1.002385104681162986e-01
1.658648969382521265e-01
1.885793733031904118e-01
-2.073445596874629038e-02
2.533572619497628797e-01
3.597559303518353402e-01
7.537760066519075819e-01
4.595141105344751065e-01
1.853236558523568833e-02
5.332941848400183371e-01
6.096047381168326895e-01
1.288297601077982579e-01
-1.032528077978202452e+00
-3.459404819774833051e+00
-1.233401857411629665e+00
-1.401557414581231953e+00
-1.956591770541913800e+00
-9.336219200495632364e-01
4.778437436567475882e-02
-5.040013713621709357e-01
-2.207334716562404653e-01
-7.908016917241988963e-02
-3.254569224758183110e-01
-1.740531133410077036e+00
-5.591807081312567540e-01
-1.424722627154008658e-01
-2.060432466547085228e-01
-5.946970972038942982e-01
-4.787632316095142282e-01
-3.266685877995603726e-01
-3.903141136703827674e-01
-1.106998251588327431e+00
-2.501840465651161693e+00
-1.555153496827574200e+00
-1.956513892100935958e+00
-5.884906029687436479e+00
-1.481095814966761903e+00
1.456429256304260789e-01
3.098192041858302548e-01
2.777212600775672002e-01
-1.165745359418168814e-01
4.080430640511488738e-01
-1.531799405130709890e-01
1.764984539303333377e-01
3.857502157109111707e-01
4.077998836634472712e-01
5.262830755258658399e-01
5.209199707045950589e-01
4.421188486199277845e-01
6.376205255456086629e-01
3.219298797497898157e-01
3.524371254875496295e-01
7.222277793264182399e-01
-5.699365892775516418e-01
-1.562724523707609947e+00
-3.977446662937764166e-01
-9.500036165275338451e-02
1.410447628624413308e-01
3.085733529916775963e-02
-1.176539984202265465e+00
-3.855456413261922344e-01
3.054249031015283666e-01
-1.188675495259647330e-01
2.470395203940258244e-01
5.749719888572188964e-01
-1.481355511998734276e-01
4.995962620517002684e-01
3.919191605553244973e-01
7.830742787774827018e-01
8.614111851499706152e-01
2.740542061105303295e-01
6.553730845892533630e-01
5.305081707802428159e-01
4.614729469540799767e-01
6.745708848525369117e-01
3.277245348381639944e-01
-1.827838012052782179e+00
-8.440851697556484012e-01
6.748498263721698365e-01
1.437144810863613564e+00
-1.081130617946433725e+00
-7.421968333590991396e-01
-1.468770736474391270e-01
1.356273517170135112e-01
3.808514204550232929e-01
4.591323922322079198e-01
-1.192143345767375795e+00
-1.700420205248698968e+00
-2.429148386227089618e-01
-9.075966034157929574e-01
-7.486257319081874861e-01
-1.289892054373295016e+00
-2.965083766261503939e+00
-1.238943619035617116e+00
-5.856443100249892897e-01
-3.307650583944958256e-01
-1.797764957577676626e-01
2.653796798461508510e-01
6.189949581576692506e-01
-1.166439458752924763e-01
-9.170088088637223800e-02
6.677852441575488074e-01
-9.098569610386497697e-01
5.338404653699946323e-03
-2.837796374548920419e-01
-2.133611969492187344e-01
2.324067017441161509e-01
-1.883254094601804152e+00
-3.383532315843757576e+00
-1.156292275745576914e+00
-1.207974511925508088e+00
-3.971158665182343284e-01
-2.328358570808310435e-01
-1.537041511143577566e-02
-2.502810573562453733e+00
-6.667564186317918029e-01
-2.747443477961464264e-02
2.380837261339651956e-01
5.303581776357928490e-01
3.598463441649102368e-01
-2.570747507965265299e-02
-1.844908823648793383e+00
-5.887782913185115596e-01
5.241643806669622485e-01
5.122947290172992219e-01
2.194651277709366299e-01
7.407927150123307936e-01
5.885309225980094316e-01
6.668115784197825580e-01
2.324709306365846384e-02
-4.184338127414324870e-01
1.133366762903450231e-01
-8.112338686559100731e-02
-2.655833845502277302e-01
-2.116449089861477617e+00
-2.081041481663341131e+00
-2.779740748496774216e+00
-9.959307904037315584e-01
-6.647169425919297048e-02
-2.401082756204343749e+00
-1.835953437027075363e+00
-9.386347555360945449e-01
-2.195491197644276582e+00
-3.555913539593718475e+00
-3.975466336300591319e+00
-3.908605349716006483e+00
-1.803279999198661887e+00
-4.547390714860985450e-01
-1.501921592634094749e+00
-1.080549163349499242e+00
-4.327470263410301832e-01
-6.166812548066664679e-01
1.418279850701978928e-01
6.671030518166432000e-01
4.087487157708316055e-01
5.323379537060275446e-01
9.176897150543616988e-01
-3.182019824901367033e-01
-3.657637470187041773e-02
-2.243148521094564529e+00
-5.857106919994499172e-01
3.729224583492610212e-02
1.768818628862044717e-01
-2.244407580198785057e-01
-1.943286225235528186e-01
-6.649881143378340020e-01
-2.276128327628934134e+00
-1.077979946200127159e+00
-7.489584003125209222e-01
-1.084857425361390515e+00
-1.189734699119599393e+00
-1.716965335107837554e+00
-3.048576150970692122e+00
-5.712725164127194333e+00
-1.067464718380326971e+00
-3.427620940204071931e-01
-9.725302892199487736e-01
-2.418692238363287395e+00
-1.826360118750178341e+00
-2.821462491810127649e+00
-2.055310949941695498e+00
-1.868196134822251331e+00
-9.927877159016029740e-01
-9.132143291035199617e-01
-1.962018324969454941e+00
-2.725592898343400350e+00
-2.838504387025104325e+00
-2.854166131178858534e-01
8.817138673034985441e-02
3.311158774900168633e-01
2.859790227667058926e-01
3.413724059438143499e-01
2.707372230342270369e-01
5.403749095840423289e-01
1.669583943063778220e-01
1.574523972889324552e-02
2.336366549811397242e-02
-1.743638348969883012e+00
-1.237404696695602491e+00
-3.197930706952407109e-01
-9.622305054413704539e-01
-9.621189596495001162e-01
-8.196920725479759362e-01
-1.514818617979888371e+00
-1.399216047492784609e+00
-6.916021043611566554e-01
-1.206925543421916602e+00
-2.504237762752915319e+00
-3.955572759567034691e+00
-3.188892846871966391e+00
-2.487507820793157354e+00
3.519216006830896970e-01
4.188495528843380611e-01
9.233782705030584292e-01
8.168517537406021489e-01
3.879865550010149766e-01
3.547772734374178283e-01
-8.161573600250009441e-01
-1.757480187188553700e-01
-1.273061031669558973e-01
4.630302884156947685e-01
2.215622512844508951e-02
6.935058204227819711e-01
-5.328480771610216715e-02
4.650075830214588368e-01
3.652079256911439087e-01
1.688717921247869236e-01
2.360366317408841286e-01
2.549064881042234498e-01
3.158934528208142689e-01
-1.116581136408759667e-01
1.935719638600049697e-01
2.257240573704323294e-01
3.152837076247634318e-01
4.257261520527526599e-01
5.193359395228669406e-01
3.568714630302554647e-01
7.603543935819512267e-02
-4.897203030199591134e-01
-2.254452720593987936e-01
-4.467211298260507779e-01
-8.061325915446215795e-02
2.253901981053909043e-01
3.744765421926255500e-01
-5.107546814839930560e-02
-1.659854982325292827e-01
-2.083943502887758203e+00
-1.909006251004203292e-01
-4.315145416477695339e-01
4.359344308197599660e-01
1.515263310631870253e-02
-2.653863434863691917e-01
-1.002386945928265050e+00
-5.819615358745933165e-01
-4.388538241321295330e-01
1.160081579816711339e-01
-2.526371430477508673e-02
1.441583274278863680e-01
2.122533859460480066e-01
3.477021247574860752e-01
4.843408999246812119e-01
2.716267725949169098e-01
3.116719882181806511e-01
2.951411634655817240e-01
2.257631855716289992e-01
2.950744577681431724e-01
3.959319266609765409e-01
3.534747253873259387e-01
4.955417269647646172e-01
2.123285330733699350e-01
-1.097414175926463842e-01
2.572868431232945285e-01
3.169684205859772952e-01
2.134015554321155861e-01
1.392195855808189831e-01
1.569703254533525438e-01
2.979968175524119189e-01
6.842676442581357987e-02
9.827843880430842116e-02
1.189759120321032537e-01
1.133638725321572671e-01
-8.380588203492371768e-01
9.783785130667535523e-02
-1.519893181919090841e-01
4.201863714797329785e-02
2.327648646219893092e-01
4.785965262508601326e-01
1.945415908020174389e-01
-1.415521255001761514e-01
2.558174775613522023e-01
-3.252822419693855438e-01
-3.967276232871647657e-01
-1.526580032702800627e-01
-2.873532799206320321e-01
9.855758319416516033e-02
4.070231545647038929e-01
1.655242989422457400e-01
-4.238795882148621019e-01
-1.020342952386143476e-01
-7.655490418777304296e-01
-1.058150330510581605e-01
-1.173596733133674963e-02
1.064243233007438616e-01
1.276841997116951177e-01
2.379580948160757159e-01
1.253045175308258596e-01
-2.583287537471126605e+00
-9.911908334705228363e-01
-1.703847879498228690e-01
2.407579557653573010e-01
2.292316257350799080e-01
3.464326538588335391e-01
1.789217305158867233e-01
2.011459256789517869e-01
1.878153347612316892e-01
1.904942403313340527e-01
1.597831544761498246e-01
2.400853848160837134e-01
4.218235617530630144e-02
-2.991869794438851149e-01
-9.622519853931033040e-03
1.363771630354544129e-01
6.240948355752151677e-02
-1.303728065192022445e-02
1.572090494765692459e-01
-2.524768873407468028e-03
1.137320620690998041e-01
-1.300105695465489486e+00
-8.260492694095795674e-01
-4.750640846113546867e-01
-6.268739171688664236e-02
2.849072410550644863e-01
-5.343106320841833901e-02
2.311237059431457130e-01
3.245524323738918637e-01
3.253794265028775445e-01
2.225410007622112551e-01
-3.248388608140463929e-01
-2.291958473609609359e-01
-3.672920985427899354e-01
-4.119894025312824115e-01
-3.314668855426813110e+00
-1.095083453640416149e+00
-4.575668515476254972e-01
-6.240403982115034776e-01
3.589966662632176342e-01
-3.325487037879672148e+00
-1.634347181068077637e+00
-5.809698329961796581e+00
-3.392917757189181760e+00
-1.850379002422502417e+00
-3.243402237014783585e-01
2.546936228204548236e-01
4.071292935190773399e-01
4.580296431698374082e-01
2.703859233849035815e-01
6.715315288746728783e-02
-3.023401934967243077e-01
-1.552579380728992819e-01
1.023772863754918161e-01
-3.104914698915516857e-01
-5.231865296586666325e-01
-1.739392950413912509e+00
-4.371892810238128813e-01
1.902399391529960848e-01
2.845457848263051037e-01
5.128044144176452379e-01
2.218051661718893619e-01
1.546282051068682550e-01
2.666648395131270277e-01
3.270139021990393080e-01
5.479009193630304253e-01
4.573712618715704004e-01
2.983716359349612435e-01
3.869391258154562530e-01
4.107371592755140188e-01
4.893260068020266473e-01
2.221601128168764483e-01
3.429175328228379893e-01
3.544075178771760593e-01
3.410275399884928338e-01
3.414028966557112188e-01
2.183173013347208535e-01
1.425119967329178394e-01
4.551942228653812483e-01
4.945178692833178680e-01
4.148673291875244473e-01
5.924606394965513667e-01
2.718167439687952935e-01
3.264487710730457071e-01
2.797658034734823440e-01
2.861554596295173281e-01
3.398258931017238416e-01
5.085327071777034913e-01
5.922456087460583607e-01
3.520839617174984504e-01
9.839896647718412992e-02
6.258300746460435104e-02
-6.650107709245620669e-01
-1.055052644553388097e+00
-3.848830017164231454e-01
-8.332650080298964479e-01
-4.227377116572858529e-01
-1.571950908067329067e+00
-2.638220920632428079e+00
-2.088375009363736545e-01
5.259632163056218723e-02
-1.020104096399988003e-01
9.582084906511345590e-02
9.174753619959044593e-02
7.996385922222448706e-02
2.976072833630006298e-01
-2.471015328613379025e-01
-8.330006450146054675e-02
1.289809503168124760e-01
-4.778315602792515548e-03
-4.085769542738730276e-01
-3.295568541226367443e-01
-2.856888433238281011e-01
-7.462098065062372498e-02
-7.181467454478823731e-02
-2.323189415446720862e-01
-1.420758328995218145e+00
-1.379702692571057598e-01
5.081532800988091125e-01
2.012535446001261774e-01
2.680408187059596381e-01
3.521980998004790031e-01
4.496585257235262700e-01
1.213762798412830191e-01
-9.146020160139298749e-01
-1.921507452028514695e-03
2.292716009550679335e-01
-3.495745687451934924e-01
5.025912265092519204e-02
2.593425700739951933e-01
1.972857392569312696e-01
3.083539253556518700e-01
2.456044799701731229e-01
2.074659404775289206e-01
2.763660015888912969e-01
2.452306786999951804e-01
1.708466103148499338e-01
9.742976383237519911e-02
2.327899967559239058e-01
-1.966276629798230369e-02
1.514744860154577100e-01
4.450134502310235107e-02
8.422606192929313340e-02
7.772479827616282644e-02
-1.758186601179377306e-01
-1.725229612871356233e+00
-1.947800493095481755e+00
-7.512614654471430065e-01
-8.511215839864147981e-01
2.668986319244059935e-03
2.878267003281443914e-01
6.279898499951150903e-01
3.113200337532021633e-01
3.434068531357614140e-01
1.123426354135644289e-01
6.795548140961682471e-02
1.272268979581645254e-01
1.309012360358273175e-01
-3.269637407489308090e-01
1.215186329716078095e-02
-1.045507515933907783e-01
-3.555082725266386912e-01
-1.564606336078803395e+00
-4.322899846533094226e-01
-7.374004796484751045e-02
-5.180121668304940030e-01
-1.759059616340752363e-02
-1.156523435812051748e+00
-1.191920327840209515e+00
-7.780789370190033249e-01
-1.670544101488831701e-01
-5.735424056214262212e-01
2.447805272641320751e-02
-5.765243156013235559e-01
-7.963212411823559211e-01
1.639525822912904218e-01
-2.703133996879120149e-02
1.738015685364061313e-01
1.790649692403013971e+00
-7.386531137567420302e-01
-4.728663652787228888e-01
2.909835169365601604e-01
2.624501275253694477e-01
2.508753793650215225e-01
2.036864612913835693e-02
-7.000776665299346391e-01
-5.797434723213650276e-01
-6.129331960760342479e-02
-7.930298045687467212e-01
-1.037744938864525457e+00
-3.024070316433704053e-01
-4.617137754639664693e-01
2.874993367904731811e-01
1.018020388811012866e-01
3.341410369443729711e-01
8.091250182624492027e-01
4.199586935110889985e-01
8.412423357123814949e-01
4.439917297629153992e-01
4.608918924849558230e-01
4.423656398894879049e-01
-1.634826639622938282e-02
2.591526567991787044e-01
2.271487671779341966e-01
1.018670409358280182e-01
2.410525666244641707e-01
2.187177612371477009e-01
2.778348250032245392e-01
2.995669742223203147e-01
1.206497286776064382e+00
-1.170210394534455300e+00
-1.179362957370650111e+00
1.730649926664811766e-01
-7.880286449545601535e-01
-9.012576763583952655e-01
1.583055634634696895e-01
-4.118820033512182177e-01
-4.628114475190009958e-01
2.819876086572375984e-02
-5.107997346639409075e-02
-9.952459771927317789e-01
-5.736184699997943781e-01
-1.016106555469884931e+00
2.417391628356989897e-01
-7.692605647967765137e-01
-3.102563363999391477e+00
-1.183012741927692124e+00
-1.464113582590599871e-01
2.627829141817590308e-01
1.855316508053775904e-01
3.368009010231237110e-01
3.679328503689408003e-01
3.754752322939554077e-01
4.834829194128238417e-01
-1.057542538038974689e-01
-5.165893057019832479e-01
-3.764484097781523042e-02
1.252865817565985695e-01
6.354092941585157139e-02
1.988070409060628263e-01
-2.185050061636417684e-02
-4.237742093076324323e-02
8.334601187388540611e-02
2.803635025723508201e-02
3.231051145877351094e-01
2.623016041466796899e-01
3.101345296633221116e-01
3.006661528454723231e-01
1.452480411438279995e-01
-1.253152399018838681e-01
-7.597283118024489301e-03
-1.404538561068194857e-01
-3.765921711527189797e-01
1.821463949929129078e-01
8.007058979198622417e-04
4.900191302500943591e-01
-7.188293121185890255e-02
2.452350104545363285e-01
5.198180177786696499e-01
6.328380033861332743e-01
4.890198323676581138e-01
6.109491879820777571e-01
7.923646143172633494e-01
-1.196257092515368714e-01
5.691339852501438035e-01
7.200413932507738757e-01
6.528283996285657587e-01
7.511087393920425903e-01
-1.669899582845890684e-02
3.709343895743328900e-01
2.036386197538112841e-01
-3.713144264934409300e-02
-2.737641993559613574e-01
7.660303243521769945e-01
-2.114769693306498777e+00
-2.212877519269527138e+00
-1.264996423562823047e-01
-3.731321961788125474e-02
2.802505158847682920e-01
1.908302243423326550e-02
1.648677806301183935e-01
-4.126546191209685133e-01
-2.918200262219079910e+00
-7.090633408877931032e-01
-6.507351833026910892e-01
-7.644076932917684974e-01
-3.699113009409469854e-01
2.006082644071889853e-01
4.509500305427873723e-01
7.991511568278739652e-01
6.260503774919897735e-01
-1.529367906779188768e-01
2.665005722630206519e-02
3.939912217318834453e-01
3.031745698464536898e-01
3.557360352929510028e-01
4.802743050252585855e-01
4.426247535425380519e-01
3.464902166964984875e-01
-2.437442576093803992e-01
2.069984740064621520e-01
-5.325257139611740964e-01
5.200240447176798231e-01
6.910384331807548630e-01
4.132216593461752741e-01
-1.427575441296189962e-01
3.129034826667799196e-01
5.776581793225246120e-01
2.329444338876063003e-01
9.051850726629140365e-02
-1.302985328449330460e+00
2.684766884770920514e-01
8.265099364984027641e-01
-3.490356335472664662e-01
-1.232863097459268586e-01
-1.445376112779109268e-01
5.222775517554869573e-01
3.689144320053489023e-01
3.934931571345027246e-01
-7.008286402157710704e-01
-7.484706813993871055e-01
2.928514036079474248e-02
2.150323381699427994e-01
-1.843711181793129317e+00
-2.929285459456923424e-01
-2.759334753189543465e-01
9.343550460579749806e-02
-2.599145335178376093e-01
-8.201514403294265509e-01
-6.719180113104032959e-01
-5.324503849750672480e-02
1.297024413829599876e+00
2.238307239447789421e+00
1.355315662190480497e-01
6.102897109669846998e-01
1.927765805226934415e+00
2.401014200001652554e+00
3.949394498262850384e-01
-3.895003842079312606e-01
4.732611067897228296e-01
3.617249529989080559e-02
1.621391857635293698e+00
1.835260763404175099e+00
-1.527726721728176473e-01
3.990358940327839998e-02
4.090533877471465019e-01
1.603746318403410087e-01
3.082586729356851518e-01
1.680896497590477767e-01
1.080725674395826008e+00
1.470084429490139177e+00
2.583013115303793295e-01
-4.475226250118941596e-01
-7.800105845144358341e-01
-9.054840534816988029e-01
-6.003304814430996394e-01
-6.167582126264068432e-01
-1.927070017957338566e-02
1.448061190012100985e-01
2.918737561562750327e-01
3.326364058333343143e-01
1.422842597563530320e-01
-2.277168083483540606e-01
2.553389016437721537e-01
5.274870363630768111e-02
-1.812359056907138499e-01
2.442994438537020307e-01
-5.187650916741265439e-02
5.060536620570045274e-01
8.192832120152010456e-02
3.857113142832532815e-01
-8.052381249360998083e-01
-2.356541359900694022e-01
7.913055173761440741e-02
1.366559215252359516e-01
4.206386493060431109e-01
-2.833699290905295487e-01
8.856126118385487800e-02
-8.317104209846792884e-02
6.095948990881955298e-02
3.619533091492697086e-01
1.372746397853719102e+00
1.342193552924309419e+00
1.126685474951070187e+00
6.521609591450531207e-01
7.600145000209164170e-01
1.527628051218661298e+00
4.064292767446778143e+00
1.094643501616143988e+00
-5.401807715548951894e-01
7.171213836262618768e-02
-4.382627353382232971e-01
1.844951111356653017e-01
3.954556837990089169e-01
5.484793418092872574e-01
-3.763562016008426547e-01
-6.834888252467361536e-01
-5.781231207115782311e-01
-8.158451248505500519e-01
2.107538519371497943e-01
1.192289505012850970e-01
1.627842708002941174e-01
3.152455758137100994e-01
-1.737547137880757209e-02
1.021940994327432684e-01
6.801619735984087978e-02
-1.021583942459752814e-02
8.003497457575763363e-01
4.245519173572995242e-01
2.855278048484768960e-01
1.434357086085528366e+00
1.261674859909401203e+00
1.919536838057592343e+00
1.337282024073330522e+00
3.250103438373903586e-01
-2.412528648761906314e-01
-7.509878735266084515e-02
-5.698742066777162663e-01
-2.978727833855027707e-01
2.774796991783619049e-01
6.706466957036469889e-01
1.161840016419635635e+00
1.650413481796695558e+00
1.457685180711728146e+00
1.689858420516307635e+00
7.282591636671152946e-01
1.313006561528321292e+00
7.370807341446612426e-01
9.131426585659792039e-01
7.043136128206166635e-01
5.731492392564965233e-01
1.267584682698093823e-01
-1.370896396442957021e+00
1.229391898241292802e+00
1.685004807014939820e-01
8.614437162788518565e-02
4.206811962604412591e-01
-6.606623943027489787e-01
-5.169707429462317982e-01
-8.078131162503154883e-01
2.142815314740830479e-01
-1.066712378052313337e+00
3.829771424915015543e-01
1.293695346580092387e-01
7.025531641300931662e-01
1.893500520443839874e-01
3.893415611381137453e-01
2.833807710294583004e-01
4.224325533921867715e-01
8.270232648100832584e-01
-5.269100989264634549e-01
-1.542318607725877144e-01
-6.682315316339246802e-01
-5.155466978149105817e-01
-5.796599873855770024e-01
-1.699018729964090202e-01
1.759556377455121501e-01
-4.213501538849919181e-01
-3.083234797779594305e-01
2.244685340194522982e-01
2.514196844643620810e-01
5.613251880185650133e-01
2.892241810914472078e-01
2.274679758519237427e-01
-5.461625208938170051e-02
8.037180187987935653e-01
-8.719316387047371109e-02
-3.630363783386023058e-01
-6.008881071566012366e-01
3.647062553885187519e-01
7.239111638161126461e-01
5.137235223997478339e-01
4.882622714414430742e-01
5.192995641316899835e-01
2.678445939348441107e-01
6.329850412620132705e-01
6.809550081993935855e-01
6.181317446909007085e-01
6.840511274093811211e-01
9.173864848395147931e-01
7.008305354856452229e-01
6.020168219994611603e-01
3.938321016075861936e-01
-1.629503209826371757e-02
4.538443515800738570e-03
3.923928573118667384e-01
-1.977109989371320653e-01
7.134448049905975364e-02
2.977219858515489648e-01
-1.544701693883399063e-01
-1.196820009425435760e+00
-8.245119434270307135e-01
-1.911653449182470599e+00
-1.980543693573284525e+00
-4.329491188703929794e+00
-2.363032596198178847e+00
-1.236395887927379089e+00
-7.388058731016455827e-02
2.681837434244749852e-01
4.513653518519478713e-01
2.429121365867583093e-01
2.061728181832181150e-01
6.031457949728904477e-01
6.894506835218556784e-01
6.033021322288865118e-01
-4.462070215771202220e-02
3.705007327257915373e-01
1.855599953795524781e-01
4.681231367503966290e-01
7.685636179828156389e-02
-3.223977410233030971e-02
5.191030265588633119e-01
4.221337708667945998e-01
3.112559702281103569e-02
-4.560727280414939577e-01
-2.003235579606434946e-01
1.341832467025305675e-01
3.253930254957481671e-01
3.498956814889802036e-01
3.797459946281110943e-01
4.852472217302035151e-01
3.966824582305732982e-01
3.726751196380218567e-01
4.517011202280214466e-01
3.864757401180932694e-01
1.810374636953032135e-01
-9.483848344602376912e-01
-2.777989643630872418e+00
-3.756033256424533118e+00
-4.845765644739072342e-01
-4.351183503448628365e+00
-3.717970592862128942e+00
-1.578060047033680968e+00
-1.817401644945160655e+00
-4.097215606182387226e+00
-1.503832867176307708e+00
-3.301883001658735051e+00
-2.286174033329040789e+00
-1.923486926543160891e+00
-1.763844840178704576e+00
-1.739085883654917897e+00
-2.747306539894193822e+00
-5.212543631463391947e+00
-3.361420276637001603e+00
-5.474249266533420588e+00
-7.466123618175378063e+00
-7.773574353319950170e+00
-5.132254645075690291e+00
-6.762312003238028169e+00
-6.728209744677720927e+00
-3.593405684270849054e+00
-4.743931377121969994e+00
-2.107163005806991229e+00
-4.410872520021156262e+00
-7.840104790280538971e+00
-2.633251203738596669e+00
-3.856098876089749883e+00
-7.081167706576520615e+00
-6.165216056268653766e+00
-7.825285036428449637e+00
-7.352099146351835479e+00
-1.038398227147822617e+01
-4.593776152692962356e+00
-3.177593129086128343e+00
-4.432058248883756768e+00
-4.029321827870506745e+00
-1.369455823075999890e+00
-2.517792226334188310e+00
-3.187852177657598762e+00
-4.728793008057136760e+00
-4.639216840772718342e+00
-4.059632068576810582e+00
-1.704417239527937777e+00
-3.591888156063462567e+00
-1.435618514985995464e+00
-6.643502227032889174e-01
-2.456037349341432474e+00
-2.967189125243148151e+00
-2.782633979645928957e+00
-3.135126517730279616e+00
-2.453906146808477740e+00
-2.761058041316610812e+00
-4.360659277851211435e+00
-6.068443583031100097e+00
-2.198992867199449641e+00
-3.498143100604480527e+00
-4.835776963644986104e+00
-3.355800478371609330e+00
-5.717932989845189162e+00
-7.859468650320679650e+00
-5.932878764285054451e+00
-2.210354957212709248e+00
-1.796837970867614764e+00
-3.463411348378027999e+00
-5.588015827121538770e+00
-2.875821162251357421e+00
-2.187358876365538496e+00
-1.223769673453648510e+00
-1.444566310538153653e+00
-2.511369758145846731e+00
-4.153124635901490613e+00
-3.657853616932683849e+00
-2.456324761425606074e+00
-3.589242371002834275e+00
-3.514965153631436579e+00
-3.700445553919286201e+00
-4.135464403121440036e+00
-3.139593685845349924e+00
-2.619693443002682809e+00
-1.948583683804288480e+00
-3.187071994507614026e+00
-2.751127845921066406e+00
-3.989899893441161804e+00
-3.088742863656968485e+00
-2.882248083692693807e+00
-5.336612540494265922e+00
-3.419801102498723377e+00
-4.739191363520032674e+00
-3.217755639696725289e+00
-5.308779236810399205e-01
-3.328266423480095604e+00
-2.088334093534083724e+00
-3.076341169253821839e+00
-3.166418126686276757e+00
-3.364110415820035005e+00
-3.150315853414754841e+00
-2.662449280363496484e+00
-2.025192028856924953e+00
-3.961016599483580425e+00
-1.589582169989573801e+00
-4.179420657062362210e+00
-4.709356903553311824e+00
-4.801422405764471435e+00
-7.111236838079739719e+00
-7.025049982842105578e+00
-3.575953004669607083e+00
2.594070447433502569e+00
-9.283577619523177837e-01
-1.940284129474618258e+00
-2.288876129523561342e+00
-3.657541394086906372e+00
-3.942686265989396421e+00
-3.814006612079181568e+00
-3.997782505510696804e+00
-4.869498572103410972e+00
-2.272058829715738248e+00
-5.053697652551544905e+00
-2.466427110614850982e+00
-5.689790186979402975e+00
-4.821491485809787925e+00
-3.658770686100401903e+00
-5.591798697465165446e+00
-8.009528398719055531e+00
-4.912049378984805870e+00
-7.777889008667412618e+00
-5.133772528068437424e+00
-6.615335600278764439e+00
-6.446857389873732913e+00
-3.540467171477188035e+00
-3.982590566843686286e+00
-3.098920193686003355e+00
-2.792352494214163094e+00
-4.566173259915411897e+00
-3.994830040944060467e+00
-3.109350594805488477e+00
-2.570846713939566097e+00
-2.605648439958931917e+00
-3.583483190438383037e+00
-4.703418001926611858e+00
-3.642188080841343378e+00
-4.196222584082916818e+00
-4.917997534796525017e+00
-6.211669562045424975e+00
-4.134094426366969444e+00
-5.886713461688838578e+00
-7.159469276015506978e+00
-4.833190201794299590e+00
-5.406271191069533799e+00
-7.040324949434500823e+00
-5.967413036825464090e+00
-7.631990061280666815e+00
-6.639905223953706859e+00
-5.083080327062432069e+00
-3.337328887804683397e+00
-4.940444301306791353e+00
-6.717148016383609033e+00
-6.263503723491631980e+00
-3.280158942181005788e+00
-4.167911670198177099e+00
-4.256500585233036205e+00
-8.045722591758869058e+00
-7.185536281455375374e+00
-5.494609716351101625e+00
-3.634969614813346794e+00
-3.377923599123038745e+00
-5.709656310530013101e+00
-3.068197786913022362e+00
-3.665925942708426089e+00
-1.644829952833128495e+00
-4.929061762838952809e+00
-5.693133935128297907e+00
-8.391161726377019292e+00
-4.711177566208439416e+00
-7.192089105640277147e+00
-3.966174199967490654e+00
-9.736590509063432819e+00
-4.623305041480162636e+00
-7.880058414622156171e+00
-7.492007370576676539e-01
-6.560316081320583415e+00
-3.094155127047349740e+00
-3.894967174562340428e+00
-7.389649410078545699e+00
-3.923783250651499355e+00
-2.866159570087917441e+00
-2.579149622610752868e+00
-3.547722702117239280e+00
-5.424727696355395423e+00
-1.093119090259637183e+01
-6.737603419925140891e+00
-4.154154212187664896e+00
-3.568571976902962017e+00
-1.565343278230122648e+00
-2.126868290887423463e+00
-3.926085966039349007e+00
-3.003378151307608768e+00
-3.465860358794989882e+00
-3.852873153217213353e+00
-3.280884828218098459e+00
-6.995285289981521437e+00
-6.755214046663484240e+00
-7.184729382581426904e+00
-1.011072727117296388e+01
-2.794814086187448421e+00
-4.480226020876176385e+00
-5.805955768760997948e+00
-4.642050040962830693e+00
-5.310345473352640067e-01
-1.842835806331338588e+00
3.674979288361632235e-01
-1.105250703192002693e+00
-2.566664135841506766e+00
-3.800040965916703595e+00
-2.562382967873159334e+00
-3.623598381361269105e+00
-6.301807326177640611e+00
-8.114481779897502634e+00
-5.067019241395652962e+00
-1.436727948476970518e+01
-5.330604863490457923e+00
-8.010164614582825138e+00
-1.179216609499628987e+01
-3.308566058285870692e+00
-1.543845056313637443e+00
-2.000585210728882402e+00
-2.564760902144031185e+00
-6.887967242467571971e-01
-4.199020163848421028e+00
-2.643218593027962360e+00
-6.497528096376632867e+00
-9.072592871567808359e+00
-3.500141628913271852e+00
-5.105849129931971042e+00
-5.860654153810699540e+00
-8.492845523188510271e+00
-7.211493014655419920e+00
-7.312741502128624838e+00
-9.546161808737304355e+00
-9.088658289012554903e+00
-6.959607577745051010e+00
-5.598405328296832906e+00
-5.415241646676614451e+00
-7.274403597996442983e+00
-4.425668322870552451e+00
-5.748805928022060474e-01
-3.119367963999093440e+00
-5.123942851590578051e+00
-4.394572758074045460e+00
-7.810267427538421181e+00
-1.349388895487703799e+01
-1.645525857250105162e+01
-1.417563567930850610e+01
-1.236440947078335917e+01
-5.304960501609808254e+00
-7.065078695106276285e+00
-1.042605175014556451e+01
-8.782884685265271330e+00
-8.614448231489641117e+00
-3.771110794650388787e+00
-3.021761369764808691e+00
-2.588226284235763508e+00
-2.682737238214419673e+00
-4.364563058328761791e+00
-1.051462803382484168e+01
-9.604165857319737043e+00
-2.926401683271832699e+00
-3.259657163105415201e+00
-2.233030674640827939e+00
-1.406089139289617762e+00
-2.006093768613792072e+00
-2.332788020144564989e+00
-3.720281493874116219e+00
-2.211769325017494570e+00
-4.613077957950562968e+00
-1.328063838709540256e+00
-3.467560884888493788e+00
-3.091395826432297600e+00
-1.302253481429949122e+00
-3.135314365475728060e+00
-2.388056417480198590e+00
1.562297883522517195e+00
-4.795357866047197937e-01
-6.381833036486720623e+00
-3.115943932660594218e+00
-3.352742458118865176e+00
4.774855613162731771e+00
7.595669691195450213e+00
1.711625050772106249e+00
-4.136893725506591402e+00
-2.446377486841713189e+00
-2.522297643904156672e+00
-2.770374594123179435e+00
-2.448392147500648708e+00
-4.172065979808727398e+00
-5.231101390725668487e+00
-1.091704749478027647e+00
-2.344033287583370817e-01
2.225412760983848770e+00
7.858432813322631105e-01
2.838811310524193221e+00
6.471382678667323418e-01
3.545966367407247244e-01
4.775070676743539133e-01
-1.576164620872476663e+00
1.321196197593121013e+00
1.007641297013427972e-01
-1.917071509849511468e+00
-1.964527986974721419e+00
-1.239956736324413278e+00
-3.945255963851951986e+00
-5.175735406421563489e+00
-3.670057754670112082e+00
-2.202703874969021758e+00
-2.402346710992937062e+00
-2.752254808826907873e+00
-4.306953785675557533e+00
-1.978987012766641129e+00
-2.155546791452485511e+00
-8.350323371991037469e-01
-1.611874533752089556e-01
-1.927268414926370799e+00
-2.162657514183631946e+00
-1.434675487155988582e+00
-1.783700643641095152e+00
-1.520436952386410745e+00
-1.193508121185705484e+00
-1.633977817263296384e+00
-1.883459479167197692e+00
-3.002673225111176958e+00
-1.730062052552602925e+00
-3.484775306115837079e+00
5.623849993379221868e-01
7.102634937300709161e-01
2.294889736146419335e+00
4.994555702938849873e-01
2.195359406299326022e+00
2.409343044865969841e+00
4.029556803320693881e+00
3.537705445237237178e+00
4.761231724879769978e+00
2.770369099833784876e+00
2.218656573300405110e+00
3.766332287658430644e+00
2.775151441950631792e+00
1.404187281195394377e+00
2.162059208299950797e+00
4.036047670545838351e+00
2.949781192447301637e-01
4.935125097524050375e+00
6.687633071087306647e+00
6.680776105003395138e+00
5.504072272561685075e+00
2.620352222162231737e+00
4.661739894184025346e+00
3.703592253965850567e+00
3.386858546440953077e+00
2.454619590500258575e+00
1.524912583479838268e+00
1.324628952873573295e-01
4.000125649320969146e-01
6.182803003959330690e-01
5.419726483354202706e+00
2.497638285160782345e+00
1.265604975432445833e+01
1.418396619853609986e+00
6.470754634366426394e+00
5.828212746178669690e+00
-2.378388317859106760e+00
-2.093462207193547808e+00
-3.495532999687111619e+00
-4.289472455029735620e+00
-3.586553363946517248e+00
1.212642312182789395e+00
-7.109807055734280734e-01
-4.109871851770429685e-01
1.536806899532600357e-01
-5.922903010447879701e-01
3.151373889787386640e-01
-1.136026390757660431e+00
-1.372201504181681742e+00
-2.861961167281150686e+00
-1.444966374199601944e+00
-5.554319850365923017e-01
-2.307414104302377034e+00
4.780309662075374888e-01
-2.461076004030029019e+00
-1.325547927236006895e+00
1.828633716951039712e-01
-1.687343982445774992e+00
-4.024362275305721215e-01
-6.077380833332028942e-01
-7.204398344078848382e-01
1.130909928580141610e+00
1.380359326290967692e+00
2.281468874858930906e+00
1.330670479308275311e+00
2.268532427372580429e+00
4.355705883479826568e+00
2.510553330538303207e+00
7.621250943269726186e-01
4.804926626732046735e-01
6.387889273952063185e-01
1.297948230050664620e+00
5.970110419177983019e-01
5.497740386478224828e-01
2.479611424492940142e+00
2.086471304790998627e+00
1.533129637217433894e+00
1.504936426988723541e+00
1.909300387848164471e+00
3.790584175510478104e+00
2.798017467637618161e+00
2.059012759718052976e+00
7.758434800433862133e-01
-2.138501041141421588e+00
-1.203977104855791902e+00
-5.672043496815688535e-01
-1.833590625110952832e+00
3.793711080607743424e-01
6.675757472554098015e-01
9.230071182632060278e-01
2.208272895088124077e+00
2.538530640898726265e+00
3.310808772101458075e+00
3.493433245849176139e+00
2.988422435702143165e+00
6.478782216517752879e+00
7.461538721907579053e-01
4.770601220958667454e+00
-4.334964246943842525e+00
-1.685981440595428760e+00
-2.661074307434772468e+00
-2.265256279498298664e+00
-1.060388429644751662e+00
-3.424631543712060910e+00
-2.316419881810010128e+00
-2.267411887863011177e+00
-2.334946270355474418e+00
-3.699237364955946461e+00
-3.328288998758220707e+00
-3.445410880837449064e+00
-3.541934105966961788e+00
-3.242522361683259469e+00
-1.141956997072033797e+00
2.560820462860074476e-01
-1.223208086327358446e+00
-2.965139509104095961e+00
-2.373651736602716777e+00
4.549028913265575902e-01
1.365821647305693443e+00
2.141679610625252028e+00
3.554440087746728594e+00
2.828235578326960376e+00
3.186043007343504208e+00
2.750839952130623267e+00
3.491720347821711368e+00
-7.874811098286500499e-01
-1.432927803339920092e-01
-1.606501342747248540e+00
8.030352745140711956e-01
4.706982977483589736e-01
7.133635875208617083e-01
-3.237629995394130655e-01
6.906133566906145216e-01
5.906403496157350830e-01
-1.308779912847547466e+00
1.275807920009675245e+00
7.592438114698306650e-01
-8.770672158157180043e-01
-1.241897737594211737e+00
1.272835516769908748e-01
-3.688465103127412381e-01
-9.891593412287458253e-01
-6.151637270064822527e-01
-2.474619083410585674e+00
-2.338506525294570704e+00
-2.421041524025946412e+00
-1.797789003538466268e+00
-1.572163548197672123e+00
-2.606104757679819528e+00
-3.441606716565731361e+00
-2.151099628982824807e+00
-1.700428900556467893e+00
-1.471690619527141086e+00
-3.509084892285245783e+00
-1.814918894038997532e+00
-1.132652195454978639e+00
-1.776828733359699708e+00
-1.672160312666235882e+00
-3.180038023627156818e+00
-1.861015996029036668e+00
-1.366581353281847377e+00
-3.440262925369443003e+00
-3.259303303980650490e+00
-4.064824440191239674e+00
-4.628924564294480071e+00
-2.625304229018893931e+00
-3.388526744035905036e+00
-2.855115044699797267e+00
-1.891435534760162351e+00
-2.684076501453111607e+00
-2.484974110091946464e+00
-1.642213504800545065e+00
2.482004367862177485e+00
4.473121977059171250e+00
4.754233899027928700e+00
8.654634524128179685e-01
-5.236949778589896631e-01
-1.557427815660834547e+00
-1.841422593182998835e+00
-1.571815812475638507e+00
-3.522011191653761308e+00
9.647920001274554735e-01
1.111047724819668847e+00
-3.887249997848602145e+00
-1.393388504100169900e+00
-3.847821913544984818e-01
7.547518574870348829e-01
9.519152930690950587e-01
9.202712281454001886e-01
1.063754946992648165e+00
1.719444060049295286e+00
1.036838031330489684e+00
2.859348908297286496e+00
9.274987973332662339e-01
1.684058421899190305e+00
2.569502131429663994e+00
2.019523997492978395e+00
-6.332131135050440562e-01
2.881317464541487960e-01
5.627422578911929207e-01
2.420846533721948468e+00
4.267188322191530769e-01
-7.866969191102448633e-01
-4.923281145520530977e+00
-3.237217845840310471e+00
-1.708611531654414151e+00
-2.218744884572847909e+00
-7.330450419069758361e-01
2.603612255151214749e-01
-4.474417050499336912e-01
-2.357442526397927285e+00
-4.154984249594456891e+00
-3.968842507131138841e+00
-6.320113071897176305e+00
-3.455707087748452810e+00
-1.167009960939352275e+00
2.922903102387690577e-01
-1.215243196578270402e+00
1.434863441178143129e+00
4.020126821875578127e-01
-1.637802359811713071e-02
-4.777527610013987402e-03
-2.183318799142064393e+00
-3.172670005645927827e+00
-1.150164157866947479e+00
-3.149749258416283837e+00
-3.859870127812924157e+00
-2.455552018169295803e+00
-2.112590824799497558e+00
-8.161078801792767123e-01
-5.116994371775487327e-01
-5.517176497478548658e-01
7.785474639515432838e-02
-6.356888169429200097e-01
-7.495777769646688737e-02
-3.119058877568861021e+00
-7.328849278269560230e-01
1.091756384155891935e+00
-7.022746714794769751e-01
-6.828138887169331817e+00
-5.651622637831408280e-01
-1.213233431782070326e+00
-1.784967510750112396e+00
-2.718228972972895896e+00
-8.764374911333012719e-01
-3.109986739730215444e+00
-3.566150879816243902e-01
-5.161437234469794522e-01
2.537742759682485971e+00
1.084304057600844695e+00
-7.592845452715513144e-02
-2.516158942159936629e+00
-7.680240236656785680e-01
1.824762644606068074e+00
-2.408157742123770428e-01
-4.518373844166759135e+00
-3.195732814116221676e-01
-5.068517047536555964e-01
-1.349162796727932045e+00
4.960574648414048937e+00
1.730657817393647990e+00
-7.492336298065984224e+00
-9.061970516439444623e+00
-3.631597315885833677e+00
-3.196608837033033446e+00
-1.519225212027266236e+00
-3.901538908657891991e+00
-3.928358109587263503e+00
-2.465253493892040293e+00
-1.870501741036184828e+00
-1.484618071368713821e+00
-2.071077878968717645e+00
-1.178831881142854643e+00
-2.376045111879665939e+00
-7.872638551927757522e-01
-1.567876228557566032e+00
1.898006073099660629e-01
-2.546524826047205647e-01
-1.145175745197357209e+00
-1.211925128364532034e+00
-4.042860389955413303e-01
-1.255766471815834118e+00
-2.622376108758641688e+00
-8.201533928425064346e-01
-1.156268040742561620e+00
-1.371415769254223260e+00
-8.639041157083104938e-01
-1.059424200259332594e+00
-7.115176637667297577e-01
-3.489319502550824459e-01
6.059354671723443664e-01
1.051386758717867576e+00
2.440475663775049320e+00
7.342132523105602271e-01
5.982547536537323740e-01
-2.072766858506143173e+00
-3.937003143825972828e-01
-1.280148414925946776e+00
-1.228472990214508398e+00
-1.288792438055909484e+00
-4.907695753660124005e-03
-3.453585047586805179e-01
1.509653066431062562e-01
-3.828258514039102889e-01
-1.165465125819266534e+00
-3.546006533412703998e+00
-4.044926065079906152e+00
-4.660390990382804688e+00
-3.794143969959486551e+00
-2.769234483716692896e+00
