-7.224459288201451335e-02
-4.512705140833661588e-02
-2.160147423287782642e-01
-7.929026167365826883e-02
-4.339275485638682817e-02
-4.018901441184025147e-02
-1.666919220459759376e-01
1.452157893485633844e-02
-2.126895119211569263e-02
1.012521944547651875e-01
-2.231135243718274652e-01
-2.437278894147948960e-01
-9.065887457036081454e-02
2.225864460433875092e-01
-1.401283401698339426e-01
7.088405145700804599e-02
2.572966446392581652e-01
2.655531469302971903e-01
1.867895303696572862e-01
2.791263419602384444e-01
1.869035788632927853e-01
1.678888139828073056e-01
2.900943681673057162e-01
2.473417931262728020e-01
3.188014264446404900e-01
1.894671990413381302e-01
5.300028634634820213e-01
-2.368965222068042387e-02
4.218409733370420689e-02
-2.092322107547933685e-02
-1.450016495385584303e-01
1.815144249566696955e-01
7.299507015243011931e-02
1.381115655455998903e-01
2.416061478835028753e-01
5.756544900167948065e-02
2.288259803703348583e-01
4.785559263137406649e-02
1.055793341094267701e-01
3.105465570900689531e-02
1.099786591525270252e-01
4.031385021673974389e-01
6.744344424458781351e-02
-6.564672608250565755e-02
2.748249176543271499e-02
-1.064382665269822392e-01
-2.434518295162735324e-02
2.489584985829522701e-01
1.229244631771396756e-01
2.628139537416376292e-01
4.729241152940986126e-01
4.562344599057125416e-01
-6.676678033788441269e-02
2.213673754807277128e-01
3.872881515579584821e-02
1.403116269168329655e-01
6.896499450548476684e-02
-1.390994745250427322e-01
3.712830530564640297e-01
1.450224578265121300e-01
6.742568004306026541e-02
-1.739878757544448540e-01
-1.646713281884701896e-01
-1.722996677951326161e-01
2.150370828384823296e-02
-1.920181794241827000e-01
-8.349140161727608422e-02
-9.324350733306729921e-02
-2.168232771862324271e-01
-1.892169930306959458e-01
6.433896860257837247e-02
1.441023752604461139e-01
-7.900942737782845615e-02
-9.841044238293711333e-02
2.785234625359286342e-01
-1.367832524941270389e-01
5.700220917423404199e-02
1.934478270921269338e-01
2.338081672382885667e-01
2.871214120292657768e-01
3.152616921030838570e-01
3.940332015135101784e-01
3.784400988011403788e-01
1.631777631687106878e-01
3.811822885181210818e-01
4.426820660626952231e-01
6.018173307247313142e-01
4.597140618626521791e-01
3.881944522648246299e-01
3.757790453583650381e-01
4.910116758880891386e-01
1.993340278358802786e-01
2.820491600690071543e-01
2.266088059444382186e-01
-1.630705151084507198e-01
-4.014501842372053542e-02
2.596294973520694160e-01
3.997717096860308184e-01
4.589547535611061546e-01
5.516620523911625051e-01
6.171137305496851022e-01
4.330602876716161953e-01
4.134959774240513086e-01
1.636965972937153291e-01
3.813870229153407676e-01
4.162062950564993091e-01
6.867936744857486842e-01
4.631353423092803290e-01
5.749025910335484602e-01
3.573239707522988251e-01
3.543117067556461608e-01
4.297485248572664451e-01
4.463680079960252733e-01
-2.390203185693948740e-01
-2.871105599276628784e-01
-2.461908951437667692e-01
-2.494031946084684925e-01
-1.725900758234811816e-01
-2.011580947288096333e-01
-1.466717684593242810e-01
-7.057114205199088719e-02
-4.508875645430182599e-02
-1.929364507127872552e-01
1.201264171478314546e-01
-2.919455321138614279e-02
1.652693274895977726e-02
1.816342802953806457e-01
3.780108941895736763e-01
3.749375363549435347e-01
1.036452673577700212e-01
4.590797909680811584e-01
6.999259166941041999e-01
5.227933907376209888e-01
3.974294169606620297e-01
4.463309534756211283e-01
5.123821742116431155e-01
1.635540047385959372e-01
2.874331530762707088e-01
4.362529005566033735e-01
1.386852431933026653e-01
6.336792714137159388e-01
-2.944507472154521688e-01
-3.164164127979955943e-01
2.774522268482276788e-01
3.323905654457166570e-01
-3.381953342561955789e-01
3.737494627876182252e-01
1.201591204325852535e-01
2.413473863714810097e-01
-4.171483738005012931e-01
-4.374770358469692311e-01
-3.835875599496889610e-01
-2.690087520715677694e-01
-3.523149134939999039e-01
-1.887260369295203910e-01
-1.905248698401051932e-01
-3.738364001052306707e-01
-3.033583854362526533e-01
-2.393892671964915064e-01
-2.093205368593230586e-01
-4.044974890230982889e-01
-3.349558839501006746e-01
-1.542630833783341648e-01
-1.058281701742977421e-01
-1.832374241615722377e-01
2.112710837231013272e-02
1.285753362189215876e-01
3.409358289887256532e-01
4.251762700743026979e-01
3.843635208813187543e-01
6.332849739016118695e-01
2.091563500732441794e-01
1.746977300082809270e-01
6.615251980903636975e-01
4.696969957413161811e-01
1.295477975725247699e-01
4.420720581747475952e-01
4.798695316416075052e-01
-4.177540262873535859e-04
5.555228659161423055e-01
3.300102466837888660e-01
5.975435623228283477e-01
4.907272486011523549e-01
-2.331327308966179845e-01
1.581485884577977785e-01
1.269626613692990125e-01
1.630270493646749363e-01
-1.937444707212761519e-01
-2.749842053168327638e-02
-8.640364504745590146e-04
6.890372634895058912e-02
3.778289929025528959e-01
1.563047211031060035e-01
6.140449620142429676e-02
1.988496991149460991e-01
-2.403361827608285761e-02
-1.296412885740001464e-01
-6.113587471807901963e-03
-3.033823804188470752e-01
-1.569761734800447228e-01
-2.452781215479643284e-01
-1.055141637662181942e-01
2.004762813246127040e-01
-2.309399061775448125e-01
-1.185513377512665278e-01
-6.042471324505188646e-02
5.171747533347382797e-01
7.075232492485161728e-02
4.413396826489084379e-01
1.279920368991360746e+00
-1.170660097572742142e-01
-1.804492071536167863e-01
-9.120286703458835298e-02
9.612234172653577602e-02
-1.431145660514073770e-01
2.485099566421842265e-01
3.469813271525800102e-01
1.558508427246790840e-01
3.963763018582678876e-01
8.716692287464777866e-02
2.680516452868968447e-01
4.259343111150127870e-01
-2.135284850918763300e-01
-4.256938221551677115e-01
-1.363766643214485152e-01
3.672069113215264968e-01
-9.974845765162149158e-02
1.117945791869111583e-01
-9.965166948218701082e-02
-1.879503887284813546e-01
-2.546240907817619026e-01
-3.600509399957627643e-01
-4.173769962675901724e-01
-3.787204208636983371e-01
-3.325130424156678144e-01
-2.770785421821245209e-01
-3.166170260014255500e-01
-1.327813154969972320e-01
-2.157777782707737124e-02
6.449892731343687124e-02
4.755377080999390049e-02
9.096646443128364456e-02
-1.499593851962294222e-01
-3.531684409055827478e-01
-3.827723755566606600e-01
-3.632476743326980562e-01
-2.458282229727644097e-01
-1.674069323682136901e-01
-2.788204149274023935e-01
-2.154962508291321244e-01
1.418652817639970420e-02
1.673110607576272502e-01
-1.051571628014084103e-01
4.143170264827134019e-03
-3.485300850057292399e-01
-1.408848710025942808e-01
-1.309064981870854960e-01
1.647208085823319568e-01
-1.881778600018316761e-01
-2.146378032778750722e-02
7.245669979553381879e-02
5.339369293958640128e-02
4.865293592700119518e-01
3.851348986703606592e-02
-5.562679687398014439e-02
5.475760896683564694e-01
9.805274122532480208e-01
2.064907875024153405e-01
3.096327266985089421e-01
-9.306676847332406854e-02
3.836149165469938671e-01
-2.044457247914948095e-01
-5.412310363074579467e-02
-4.351638458389878172e-02
-2.425087412146810506e-01
-2.673981189980425555e-01
-9.059282753846426006e-02
-2.630632138066103520e-01
-3.135861191593408148e-01
-3.391777213806033142e-01
-1.397852569840280501e-01
-3.368579063170702992e-01
-3.087118570878537582e-01
-3.186177579349120381e-01
-2.704481330575548848e-01
-3.491156654292091321e-01
-1.864275964212046000e-01
-8.653269390404683126e-02
-1.489308052077414901e-02
-3.542082971543565884e-01
-5.324538531836137123e-02
-2.354040886950999889e-01
1.156444947507778709e-01
2.082511294032162175e-01
-1.075708774123148581e-01
1.312325031643409856e-01
7.704001464571696989e-02
4.192332468317246930e-01
4.836953846148216440e-01
4.362601637368125340e-01
-1.560284218533902756e-02
2.314927181730910277e-01
-6.426969755967620879e-02
-2.824859585096878289e-01
-3.615372588182455549e-01
-4.146151097167328214e-01
-3.626036250554292018e-01
-4.388144574328040060e-01
-2.222140830827674940e-01
-4.425247143859026289e-01
-3.605564099407746470e-01
-2.678853039369569755e-01
-3.122262434637467221e-01
-2.323434266707472551e-01
5.820714841415497443e-02
-2.461437702517299542e-02
2.307707834093435384e-01
6.920641203492128302e-02
8.722753345700040573e-02
2.746978654382314922e-02
-1.380038362352379311e-01
1.437991388598719444e-02
1.984379582301862843e-01
2.679445531699485850e-01
2.927641236377818146e-01
1.224329263526318101e-01
-4.221402913068897922e-01
-3.318215698632417388e-01
-2.533383557500721861e-01
-4.360649517033095002e-01
-2.704477120371815424e-01
-2.266293786524019305e-01
-1.505429891191903402e-01
1.003554619139158666e-01
2.005124425343486338e-01
-2.284035261365379987e-01
2.330422212414023919e-02
-7.486470227883063044e-02
5.892584529537181481e-02
-5.995164646089995442e-02
-5.873244515404185684e-02
-1.038474009300516254e-01
3.812939132034043332e-02
2.781935840315777897e-01
1.807525840592144606e-02
3.352996172549582710e-01
3.842213492803467911e-01
5.716317712905538695e-02
1.841399416613775930e-01
3.831748264844520024e-02
2.179527843100009799e-01
-1.244191768429261380e-01
1.246719898472999910e-01
2.543176888547162839e-01
-2.812392546159805939e-01
-1.410514234588796656e-01
-5.942436747676083098e-02
-2.463701038065675419e-01
-1.973709595807073836e-01
1.760433250043433873e-01
2.516394610744727700e-01
-3.007468187596301634e-01
-1.370592892000462859e-01
1.420633620243519912e-01
1.110533165528948540e-02
3.177568654788951452e-01
1.014003728632951740e-01
5.350593121036972821e-02
-1.390648326066480367e-01
3.383473493183526415e-01
1.789825957805140533e+00
-6.360754251190264830e-02
-1.391902905480385533e-02
4.002532861053342828e-01
3.419188276653053471e-01
3.660798999784630192e-01
3.721963292881601548e-01
5.942383084337558019e-01
4.167020042477426189e-01
-1.137695290989976238e-01
-2.383934743273624368e-01
-5.560836984230371760e-02
1.841303807471138532e-01
1.914190757896572226e-01
3.971102325809406919e-01
-8.713920225570970235e-02
2.653958152408538718e-01
4.531354877824071981e-01
1.064235249552389906e-01
2.659243807376433510e-01
3.219870215200303365e-01
-8.615865831865465729e-03
-8.766505991439355050e-03
1.165680851231026827e-02
2.818814624780742184e-01
-2.707184113624701016e-01
9.898865270335910349e-02
2.575001384732344967e-01
1.187664670106675091e-01
1.609060795490853124e-01
-7.196690204016348291e-02
-3.319492663428522117e-01
-1.605614523724041565e-01
9.019048055000455921e-02
3.059231748281253660e-01
-1.900387168513691938e-01
-1.474237110760717728e-02
-1.779630986070523946e-02
-5.557491039290324286e-02
-3.927062708000779168e-01
-3.549558284733247415e-01
-1.376289928515221361e-01
-1.397519827824742489e-01
3.964360393115112791e-02
5.672894436390063522e-02
2.723777121920367694e-01
8.481207373522547943e-02
-2.737281115461098757e-02
-2.256285710649355292e-01
-4.004244167349910732e-01
-1.239092422357054302e-01
-1.310528081650504384e-01
-1.513280752665073781e-01
-3.730150243799458254e-01
-3.685268881529533136e-01
-3.934001263941133697e-01
-3.300422849885605858e-01
-2.735570351101851427e-01
8.356408480534471828e-02
-1.211491225781452519e-01
-2.386474143779767354e-01
-3.362239682594777568e-01
-3.455206934064221080e-01
-1.540741503070724994e-01
-1.685840359355811335e-02
4.643102450027549732e-01
4.114950996668839123e-01
2.083189745258017256e-01
2.310474424731325804e-01
-7.606635004733108829e-02
1.961663866213796403e-01
-2.158423943543858470e-01
-1.911392728770272553e-01
-1.681036225895039538e-01
-7.654474754549300819e-02
2.807509802308152391e-01
6.076334968434948802e-02
-2.410866113893820051e-01
-1.284591853051640364e-01
1.765533812713910855e-01
3.681200773424067041e-01
6.052866128641755106e-01
7.788502656513495159e-01
5.121407654686104260e-01
5.124669600195530528e-01
3.016049711265593736e-01
2.546302402468020309e-01
5.075882581799661120e-01
4.829693081282493416e-01
2.010851327489532325e-01
-3.429263421170401505e-01
-3.905450504812203461e-01
-3.389860142502357232e-01
-3.394756519706607079e-01
-4.158459401446484849e-01
-3.743354809253905957e-01
-2.284309401462581157e-01
-3.595760015592667780e-01
-2.934263363072893149e-01
-2.989075698579203855e-01
-3.181879783414504059e-01
-4.222446013014748978e-01
-3.850587534169868098e-01
-2.240018646189681495e-01
-2.349318479102912860e-01
-1.313643895681510521e-01
-3.491499849895491336e-01
-2.850732841953678154e-01
-8.142725050033777778e-02
-1.136992377872835802e-01
1.753419787152982190e-02
1.094787221308645142e-01
-9.311082015352856178e-02
-4.108395239965280110e-01
-2.128956646048086043e-01
-3.153868241929125293e-02
5.464086608082496799e-02
-1.430657338417915536e-01
-1.734391636437973006e-01
1.115035950860073788e-01
-2.360099306826394239e-01
-1.184355121452524418e-01
1.625847712319310467e-01
-7.036955330666816444e-02
6.862681951308202688e-02
4.158188622309912930e-01
1.608414834753030265e-01
2.957803793041714480e-01
3.213756716653357604e-01
3.187069860944233834e-01
5.942927575465003498e-01
-1.220561037098044643e-02
-3.411367615647859508e-01
-2.070239818997124948e-01
-9.904166621819432414e-02
1.763140592957789243e-01
-4.256708069271919470e-03
-2.571355162495041480e-01
-2.107748777081703551e-01
2.831983637942593335e-01
-6.639606313013624028e-02
3.317509539252097017e-01
3.121439244328529927e-01
-1.452109125507875520e-01
2.672769801390271205e-01
1.675157693377015145e-01
4.932514453920400221e-01
7.295672997576411190e-01
8.064206159382741879e-01
3.848878653812761730e-01
4.295318222337197733e-01
5.083814799119736882e-01
2.043782623247843988e-01
-9.261067908708159324e-02
-3.883547466130766734e-01
-3.222642039926105761e-01
3.180713297964071762e-02
1.904849751525574675e-01
-3.927085587482719298e-01
-2.817481470569004331e-01
-2.536436251830683775e-01
-1.538926242701620373e-01
4.706210372321517621e-02
1.030599237361861098e-01
-3.975325147077556909e-01
-4.168345798179005635e-01
-2.149312327691122737e-01
-3.844089033566873148e-01
-2.559341346875634304e-01
-3.660980574975924995e-01
-4.323404559616917942e-01
-2.956472794748052912e-01
-2.411191569540420132e-01
-3.463634612083671405e-01
-1.936945750045930281e-01
-4.551221771968533281e-02
-1.095619733471444590e-01
-2.577682524634058447e-01
-1.133486346475099382e-01
-6.926767037812925354e-02
-3.946921871630969525e-01
-2.762478250493796139e-01
-2.210170683572537376e-01
-2.471911030503010365e-01
2.281242396050936483e-02
-2.760372391651575441e-01
-4.155534573939766996e-01
-2.965063157166565322e-01
-1.540651343241759008e-01
-2.549655675830869161e-01
-1.373906590749405798e-01
3.403271362473075934e-02
-3.555003017076456828e-01
-3.508950014375242787e-01
-9.237793972222785310e-02
2.070830612250057490e-01
1.090999375390299120e-01
1.626875394591537072e-02
-1.500542244604390341e-01
-3.266592648257461429e-01
-2.952010528127140265e-01
-9.927885472420600044e-02
-2.808640060602657362e-02
5.459212392177315021e-02
1.882030691177087878e-01
-2.066649582481717151e-01
-1.283741031396496424e-01
1.373273665542122934e-01
7.068419052133023683e-02
2.030630980614839265e-01
7.442577442029807422e-02
2.684327216593945797e-02
-2.249415294111276331e-01
-4.143969954448695758e-01
-3.970184310460082577e-01
-2.434304416563124740e-01
5.792420745050919084e-02
-8.251888718095734543e-02
-3.045914007927795764e-01
-3.017053791710211375e-01
-1.966390850432514492e-01
-2.496811042001259029e-01
4.457841276883878212e-02
1.804393357326373737e-01
-1.739900100607121858e-01
1.917026554810946637e-02
-3.381694768552016561e-01
-1.363192838459848510e-01
-1.863022471789034795e-01
-3.190804442977444033e-01
-2.351501487355545095e-02
-1.891829027705086430e-01
2.074498077303201793e-01
2.434234705910799379e-01
4.086438812198252002e-01
-2.073657204073797722e-02
-8.451542863174726916e-02
-3.464436713762275022e-01
-1.736232383173123006e-01
-3.909733193430942055e-02
4.903607486810901417e-02
1.009279529971952583e-01
-4.529998253534117669e-02
1.803337470963108924e-01
-4.425259650881384066e-01
-3.919709119328637081e-01
-4.184654334990077218e-01
-4.068463399314606876e-01
-3.753264493470637730e-01
-3.080239285376137337e-01
-3.297090991574563312e-01
-4.237649049337827711e-01
-3.097357947510218645e-01
-3.117608246060332711e-01
-3.139277127821865632e-01
-3.803715786904240947e-01
-3.333474680323176842e-01
-3.681944902232363592e-01
-3.625686969630181888e-01
-4.025888518362051305e-01
-2.326211874612581498e-01
-8.714243235139712551e-02
2.819646023004218627e-01
1.215872641076828353e-01
-2.371492818231999977e-01
-6.360665999152309569e-02
2.687321880442061772e-02
3.948422738317858283e-03
2.149625903175134134e-03
-7.078609736942442776e-02
3.572158729332119975e-02
-1.108059586158401943e-01
-8.382785171419532277e-02
6.030759567224519557e-02
-1.894018201217828601e-01
-3.952687541389539039e-01
-4.264325018796485400e-01
-3.893923557084828513e-01
-4.113465167165057390e-01
-3.598149733289033869e-01
-3.422135177126022776e-01
-2.798438964218865621e-01
-3.648166385982146709e-01
-3.314692384044468643e-01
-2.149167215437601253e-01
-2.257524547626187095e-01
-3.595899199622444309e-01
-3.319996483989285929e-01
-3.050005368582223708e-01
-9.536583690353955811e-02
-1.651100992470766471e-01
-2.497674403041832969e-02
-1.513583664486078395e-01
-2.146871903479108390e-02
-3.424265401382192708e-02
-2.966563320770487788e-01
-1.432712555203579097e-01
-1.275420677082655940e-01
-1.669113677227707093e-02
-1.477760495830333642e-01
6.836805287309777324e-02
-1.659431151032759733e-01
2.137654762015678278e-02
1.135808496706377513e-01
-1.272803145876311159e-01
1.077369023510355017e-02
7.046619277161159101e-02
6.462392748470879855e-02
-2.485159999154869515e-01
-1.932368423026188387e-01
-7.371884162521302741e-02
7.617064324140587761e-02
2.050932445555713191e-01
2.756443054828605632e-01
-3.881891500331846601e-02
2.051255684351198649e-01
-3.885042578168373950e-02
3.801653825859613312e-01
2.702554256944570410e-01
-7.024072876556552991e-02
2.260014670000605186e-01
-2.100993366160580633e-02
-2.344067328680989049e-01
-1.913000314142591640e-01
-3.870944272294460919e-01
-1.601564348017282535e-01
-2.473978564075909048e-01
-1.518575127680428238e-01
-1.313001142121101306e-01
-2.012462997538270182e-01
-3.142756020104106596e-01
-2.634351758132547072e-01
-3.288860112578986250e-01
-1.125025077781081628e-01
-2.608724525840682151e-01
-1.135431801727663226e-01
7.597876671121939207e-02
8.653502168245319481e-02
8.060273008855411980e-02
1.332467373037599101e-01
1.055058511500618357e-01
5.336018840335021718e-02
7.869063827444444659e-02
3.002886713804429064e-01
2.976805536621270898e-01
3.838175357381214958e-01
4.689470413534296833e-01
2.182636990517465847e-01
-1.193337943533450685e-01
1.815020856635517488e-01
2.387357030809941216e-01
-7.461009417918162967e-02
-9.026885993758981819e-02
-1.451696307926779728e-01
4.173884171888853079e-02
-2.335948410205946346e-01
-1.455394328301388152e-01
-6.355711518360707135e-02
-2.957015310713084766e-02
-3.150810166662270095e-01
-1.371621738492341258e-01
-1.054272806590496603e-01
1.092611887423550199e-01
9.061616644785386310e-02
1.862599211947486566e-01
1.356842981922282698e-01
2.387361589166997478e-01
1.376743919031440111e-01
7.465498154851701873e-02
-9.164584175013346101e-02
-5.260262742966131944e-02
-3.173331234212848906e-01
-1.273533815047061535e-01
1.909232665818170194e-01
-5.115654316547163516e-02
-2.312226646138970387e-01
2.858693792496006525e-01
7.013467161388065030e-02
2.620007968536849363e-01
2.056355848875336401e-01
2.438612542265021776e-01
-3.689522336262379687e-02
7.294824086285089937e-02
-1.774804996367586041e-01
-4.104544879850676176e-01
-3.713111878181959424e-01
-2.401511554728868181e-01
-5.935871077689641728e-02
-1.003724713490925513e-01
1.935605507059950936e-02
-6.046114769663801791e-02
-1.548843070414183121e-01
-2.162615937536964683e-01
-1.069127585492156696e-01
-1.477998674276670421e-02
-1.312584283693624121e-02
-2.644553657733328955e-01
-3.231308525004624177e-01
-5.783244981266538742e-02
-1.223831161213907448e-01
-1.653681619948960124e-02
7.438132002228736717e-02
7.358031716584001458e-03
3.427297524321715194e-02
7.655611818813234937e-02
-4.097413831349758784e-01
-4.019894125831776077e-01
-3.904134299596641045e-01
-1.753297996876898579e-01
-2.024581936335475563e-01
-2.822632641734167391e-01
-3.138408537794518116e-02
6.030889426543539766e-02
1.980508935010449889e-02
-8.345931953723012553e-02
-1.221379081428641822e-01
-1.745357443232697925e-01
6.631894827221840316e-02
-4.219143572006600618e-02
-2.268803385026793296e-01
-7.383690015764121650e-02
-2.277914306436489567e-01
-2.898667458926908469e-01
7.567471518537305375e-02
-2.718312276743918843e-01
-2.525208390402686742e-01
-1.506454593166335898e-01
-4.045826557135953627e-01
-3.152642824682856393e-01
-2.352922323884478195e-01
-1.228753499794947857e-01
-1.583048896776936276e-01
-4.237723307503438175e-02
-4.985135251120070832e-02
7.426499695967370140e-02
-2.411891048014501437e-01
-2.097545722805987112e-01
-6.796767767582062580e-02
-6.635814584899013546e-02
2.860996839691143379e-01
-1.701888369484156893e-01
-2.330626281674343381e-01
-2.163859259760747555e-02
1.964135406361994240e-02
1.763476815837800027e-01
1.353818732712073203e-01
3.436936536173856860e-02
2.154713251877037328e-01
2.569581793264421599e-01
4.353640903158767506e-01
1.912840547790845003e-01
6.500262121357025524e-02
2.980618867063526967e-01
2.679061647305519545e-01
2.705538832845731934e-01
-9.285220468469723709e-02
2.359519028460681511e-01
8.075106084241390203e-02
1.605588582406597409e-01
1.357028620569192823e-01
7.085146921323870473e-02
-8.036178919048742042e-02
1.075410225239823436e-01
1.910428624502125139e-01
4.165486481429947485e-03
2.361677017620350538e-01
-1.154850232009797528e-01
-3.241204264735425555e-02
3.444345846235213893e-02
-1.367457455730763383e-01
1.310964387634605544e-01
2.009053714065582863e-01
9.096918191879133087e-02
1.646596441712530057e-01
-1.119004529326609321e-01
-1.157146271698479834e-01
-8.371799375410493571e-03
-1.619691301360783875e-01
-3.678108286733926535e-01
-2.359564298653722414e-01
-2.228635283571822612e-02
-8.435274585140578596e-02
-3.970975461806977025e-01
-1.440031580346419204e-01
5.226118716583572077e-02
-1.237252740264054296e-01
1.405339485908779773e-02
6.047612754393461021e-02
-3.755966381211617300e-02
1.219163629764548062e-01
-2.846694514145460264e-01
-2.861381177552202448e-01
-4.559300218047868114e-02
-3.297784833518246916e-02
1.088811425944458122e-01
7.445664326780032649e-02
-1.921607083798462234e-01
-1.338659799686114926e-03
5.673985877822917967e-02
-3.032825416412169850e-01
-4.027032941514602782e-01
-3.501522301360719958e-01
-1.554585276641806679e-02
-1.083535230308155239e-01
-1.055531886892348004e-01
4.536542837179724508e-02
1.135499237720926091e-01
-1.221184058830360186e-01
-3.651649980323631861e-01
-2.504766840833654862e-01
-1.584943981298957971e-01
-3.724757039424576588e-01
-1.203545933130122370e-01
-1.005981092591340387e-02
-1.560243996100429964e-01
-3.230776268218604752e-03
-9.067091088141437938e-02
-6.177372098232641884e-02
1.578644071441844821e-01
-3.712600974810176258e-02
7.467448943766730185e-02
-1.392360096087891796e-01
5.319536004432612319e-02
-9.577263916933687060e-02
4.053240921781386952e-03
-1.144703898357175009e-01
-7.058112053748588632e-02
-4.036089186333019496e-02
-2.532285137154942634e-01
-3.404989235898171485e-01
-4.231171230539297889e-01
-3.205973676085525081e-01
-3.864719133785698979e-01
-8.183645677796547169e-02
-2.656511790805661244e-01
-2.100164654550160381e-01
-1.716816146561239709e-01
-1.821996813792002290e-01
-2.586908336840676448e-01
-5.621496779448553749e-02
-1.506517569632631615e-02
-5.740265903323948926e-02
-3.251230266631823240e-01
-1.790016023766726194e-01
-7.235672825685629528e-02
-2.116724899482484434e-01
-4.119590198844002016e-01
-2.351120109647478751e-01
-1.340081872439644606e-01
-2.719261756803211250e-01
-1.914527704918105866e-01
-3.883981860142295961e-01
-3.679637328468528534e-01
-3.117911079642673444e-01
-2.553267484327748083e-02
-7.541017527741200599e-02
1.782804671536336594e-02
2.177748307246425430e-01
3.007764751366686085e-01
3.353650823128457859e-01
1.959924377056984079e-01
2.411114300133054833e-01
5.288824898208851488e-01
-2.083178259594441195e-01
-1.066887891705259883e-01
9.459694791041128870e-02
5.923821477504273014e-01
3.996228805179060650e-01
3.559447418963656018e-01
2.411531146307246409e-01
5.286426038812429562e-01
8.239758887044578151e-01
3.505050700472656100e-01
3.933150155086186928e-01
-4.298040117438289842e-02
-1.979227654247036061e-01
-5.604342458407662875e-02
-1.670414271407014151e-01
2.225614205288893865e-01
3.404945475081939676e-01
2.594551468256119930e-01
4.966385300178222106e-02
3.867334100842766409e-01
3.355339001001645949e-01
2.704880831014678799e-01
-2.421002927483023592e-02
5.127430100147989389e-02
1.957158886009328080e-01
-1.634588621626280602e-01
1.029683979881814704e-01
2.884574316902155378e-02
1.072859692188955494e-01
2.730382471274960254e-01
3.324620566753407891e-01
-3.357138131096957245e-01
-3.472419254223179097e-01
-1.772667335799051891e-01
-3.492506483692349728e-01
-2.916515756333201148e-01
2.238215439081686631e-02
-1.705199308685985127e-01
-8.258654890164973672e-03
1.904595885555691037e-01
2.153264328835029495e-01
2.594639464370372961e-01
5.506166025896902516e-01
3.995203014414827614e-01
1.022382288419450003e+00
1.884541807823766346e-01
-3.473408253318645000e-01
-2.383807746120539250e-01
9.999573329286304268e-02
1.046327612163032716e-01
1.551477348489763708e-01
9.675829112940770305e-02
2.726875265395160008e-01
2.570446628504055031e-01
3.207062188030667116e-01
-1.039086228307541382e-01
-2.879444155738856148e-01
-6.677548957934820173e-02
2.912045661336343239e-01
1.243024768114352474e-01
3.989725867361481049e-01
3.348467344159963277e-01
3.349858297364812776e-01
2.721936705921201849e-02
2.624385147180933187e-01
1.841886119193916205e-01
1.884689081252324261e-01
4.285773861345457680e-01
1.010397855111030418e-01
-1.950971863224831848e-02
1.600341650340220134e-02
9.464330994159487753e-01
1.021706884010278316e+00
1.112004572097013089e+00
9.546050518753878000e-01
2.532389032722232036e-01
4.603864200679368412e-01
2.257130346795599429e-02
4.458897033485198502e-01
2.710937315523616054e-01
6.414012323021188733e-01
4.765060995440797420e-01
7.080949021410404276e-01
7.792431362554651519e-01
-2.280125301308159047e-01
4.059812990342394068e-01
1.037777375427865190e-01
5.942860420248219366e-02
-6.477266854661506423e-02
3.403326384861410370e-02
1.176638995094899665e-01
1.094833830226837890e-02
-1.522462368187997850e-01
-1.284857773801947323e-01
1.437815292333699535e-01
-4.206294957917724453e-01
-3.445041755743860068e-01
-1.989359231589245547e-01
-1.676718723080646845e-01
-1.163333472794056966e-01
1.667251088057373209e-01
1.050434010064738022e-01
1.392563741706293046e-01
-3.973235514341486030e-01
-1.428082264423844450e-01
-2.513525742523736728e-01
-2.505677081096881476e-01
-5.503776898065920742e-02
1.615170003120031117e-01
2.671114198376836057e-01
-1.460442598026784333e-02
-1.248511432474161409e-01
-3.439837328260585414e-01
-2.226796331651467453e-01
-6.663924075888005838e-02
-1.360147850069346465e-01
-4.541746788933764822e-02
6.628263062066885869e-02
1.532695130923239502e-01
1.419680408465694432e-01
-1.442904432318831143e-01
-8.643838571032325113e-02
-3.190229751762671540e-01
-1.199760013772271927e-02
5.067434833113382275e-02
-2.395940791087177724e-01
-3.075726881219257858e-01
-5.188234210333753094e-02
-1.856517908216687163e-02
-3.610628978890184637e-02
-3.339084243969762666e-01
-3.475682023355483596e-01
3.897533858037849352e-02
7.207806361722768340e-02
-3.286949844535887455e-01
-2.551803080688759273e-01
-3.009713163418076265e-02
-3.285860753434177717e-02
2.251526327101239788e-01
4.544237997844424726e-02
-3.171881789124069706e-01
-1.017260054232584920e-01
-1.638415212648345887e-01
-2.010972209315191606e-01
-3.553362361217887733e-01
-1.340165548154954034e-01
-1.363285322744529626e-01
8.370104023422009210e-02
8.211720442058645375e-02
1.779337477352339603e-01
5.058554548673834805e-01
7.441297313917771827e-02
4.378379057584831369e-01
3.260129830119169458e-01
2.033872406371707298e-01
3.656002085036568205e-01
1.033554491047026680e+00
-1.738139695194733658e-01
2.151462709122227146e-01
-3.229921278028797804e-01
2.458452501682728553e-02
-1.905703821386200980e-01
1.947623052305426095e-01
-5.281955231576773713e-02
-2.774649419423871333e-01
-7.115559329094539587e-02
-1.347289266298469790e-01
-1.593100577308928512e-01
3.395917698564998588e-02
-1.757504603815773225e-01
3.986311404870745978e-01
4.028659488694119606e-01
-2.264702185976328885e-01
-2.847654239189010283e-01
-3.867790477176353270e-01
-3.533972859959544355e-01
-2.627964198644096028e-01
-3.318634017069495568e-01
-1.060543355076734029e-01
-5.632217924291088584e-02
6.796341378427939173e-02
5.295060534058648738e-02
-1.486321233848906243e-01
-2.252184244413625025e-01
-2.480631560856894069e-02
-2.309038100360827350e-02
-2.206899390178487519e-01
7.620139774994572068e-02
-1.787958535084590572e-01
1.218936618291001084e-01
-9.184343355885754567e-02
7.651175585680813906e-02
-1.971790157250639108e-01
-2.794869611349787286e-01
-1.385528398370655667e-01
-4.375642053425116140e-02
-1.150874864974182898e-02
3.427440611340099030e-02
5.067448559613937364e-01
3.060292616244617570e-01
3.806886250357419677e-01
2.058890125489645229e-01
3.777825823943719019e-01
1.401857155536320176e-01
1.158885547135010130e-01
1.074196424912426950e-01
5.734938604758599290e-02
2.677464398528356382e-01
-6.588225350186183160e-02
6.028071175827043326e-04
-3.661848585603525996e-01
-1.004229716968429442e-01
-3.277990988771379288e-01
-1.651862900233982412e-01
-5.608968451503942854e-02
4.901180047457398548e-02
-4.371106064011059944e-02
1.878200039805076882e-01
4.320955911596480181e-02
1.028031021096550424e-01
1.222865612935886137e-01
3.231533290788093371e-01
2.887299490588424167e-02
-4.211202207476405501e-02
1.904391141381300834e-01
3.923317029352488827e-01
3.201468953944435203e-01
3.990006538499459854e-01
-7.774306972692579532e-02
4.381677708280549144e-01
1.378733280929559379e-01
5.437775191404542463e-01
5.329619195851966751e-01
6.126687464487631241e-01
2.818287410518950376e-01
-2.045201172891520924e-01
-2.652947728497133673e-01
-1.832772450201630710e-01
-1.942485235971420643e-01
-9.370800526605360670e-02
-6.807704533675518199e-03
1.027943883891717647e-01
4.548789562707349354e-01
4.623814191666640872e-01
6.053858602814913281e-01
1.869280239257349319e-01
3.874570629487478213e-02
1.817342838625363166e-01
2.009695211854164443e-01
2.896636183795071595e-01
7.619503001275285126e-03
3.992539875902184621e-01
1.076848949980117043e-01
7.699480059053331882e-02
1.653558313519293277e-01
-2.247240135891032387e-01
-4.206963017461878840e-02
1.809527322147680417e-02
-2.553077455032098930e-01
5.380871486628524547e-03
-1.081881672526221472e-01
-7.067570446325588396e-02
-2.607057483614950710e-01
-2.308908264535131094e-02
6.457053461010864304e-02
1.814680302637624587e-01
1.403654044896541775e-01
3.101429050812859467e-02
-1.256366027193347445e-01
2.366609671936664716e-02
9.251396208389273124e-03
-2.438589188267696883e-01
-3.212063269355535655e-01
-2.926763433922153768e-01
-2.862422366001059482e-01
-2.366260778236722040e-01
-8.553250375519882986e-02
-7.688476632651569664e-02
8.405550665409411426e-02
2.226600131802654037e-01
3.648790826054905123e-01
4.892530290672189031e-01
3.774901926048931378e-01
1.291080535378509309e-01
1.377509143891944010e-01
3.642000306315934521e-02
5.141322960170824352e-02
2.226991511483326081e-01
1.670948404910334029e-01
-1.038340096735457241e-01
2.541452231165646225e-01
2.180078560477320959e-01
4.152420996193415537e-01
5.286865252684541661e-01
2.034722935230195429e-01
1.828440503427414265e-02
1.983714891131149738e-01
8.091379064060033599e-02
2.733133705790463663e-01
1.654841026056452780e-01
-5.076390391071378128e-02
-2.736222414730399288e-02
-2.559128068932159383e-03
-2.907777673041739286e-02
-2.514912724734742477e-01
-2.252509434651424891e-01
-1.069117973047564729e-01
-1.616193679523845184e-01
-1.274143104646723867e-01
9.254793865610289050e-02
2.673767506070418021e-02
2.917121228439353287e-01
4.384669644874406025e-02
-1.509239415168922016e-01
-4.965322592349757924e-02
-2.507899252766003229e-01
-2.855412036345972293e-01
-2.107631078039049199e-01
-7.811704707098365841e-02
-5.295916613614770618e-02
1.619948602311888086e-02
-4.358381752428563960e-02
-5.712215756049798809e-02
1.579932139085283849e-01
2.519543185844677069e-01
6.906572088541163001e-02
-2.100656779002080254e-02
8.088181636281122078e-02
-2.616591935052409168e-02
4.737419345267734894e-02
-2.393636280533149030e-01
-1.272601417285625369e-01
-6.386543153449997234e-03
2.717646811216212210e-02
-7.037335714577286350e-02
-2.276042808695197539e-01
1.577323657453311156e-01
-9.207938328212206258e-03
3.535688440944870781e-01
2.681362693709471445e-01
3.908321353563849465e-01
3.690891982376240943e-01
2.239582372267181487e-01
1.680523338187104310e-01
2.341457205414814169e-01
2.365245106470882375e-01
1.913376437547699149e-01
-4.571586609602651952e-01
-4.571586616762832178e-01
-4.571586245668432524e-01
-4.571586571853196168e-01
-4.571586411191052579e-01
-4.571586547264487321e-01
-4.571584865035899226e-01
-4.571586385822160592e-01
-4.571586038349796377e-01
-4.571581923720913210e-01
-4.571585398643825959e-01
-4.571570993565926555e-01
-4.571513867535488829e-01
-4.571558467561796513e-01
-4.571569838952134757e-01
-4.571586081551702319e-01
-4.571586517698417729e-01
-4.571585259226518261e-01
-4.571584958186064029e-01
-4.571584531950131369e-01
-4.571581048651582324e-01
-4.571573009919148722e-01
-4.571586403851121139e-01
-4.571586470168974570e-01
-4.571560951731053479e-01
-4.571586107357465401e-01
-4.571566617249430697e-01
-4.571563382774281870e-01
-4.571585825903490830e-01
-4.571484245092397036e-01
-4.571576751530593286e-01
-4.571586524132190688e-01
-4.571586599061754352e-01
-4.571586531651629648e-01
-4.571586160909816288e-01
-4.571586463105843934e-01
-4.571578682080715827e-01
-4.571568324491838142e-01
-4.571583207278854810e-01
-4.571581056175555435e-01
-4.571567315301101608e-01
-4.571584314723549647e-01
-4.571586338809953687e-01
-4.571586387242823069e-01
-4.571586406805270286e-01
-4.571586397883042330e-01
-4.571586450631809351e-01
-4.571586377616776997e-01
-4.571585730017695970e-01
-4.571584012816913845e-01
-4.571582895349967091e-01
-4.571585166368544173e-01
-4.571586080684809650e-01
-4.571585326511516945e-01
-4.571350063328742941e-01
-4.570925213443937651e-01
-4.571563033108752561e-01
-4.571585907207296740e-01
-4.571576311805761739e-01
-4.571582727280871783e-01
-4.571586277259025999e-01
-4.571586368772733722e-01
-4.571586501684499759e-01
-4.571586481984789563e-01
-4.571586282041574800e-01
-4.571575546732873363e-01
-4.571485953247402811e-01
-4.571585173429808524e-01
-4.571585750619259758e-01
-4.571537675887209495e-01
-4.571500095661573670e-01
-4.571391200167912450e-01
-4.571021479715434710e-01
-4.570903980831592661e-01
-4.571514804041416635e-01
-4.571508421229099617e-01
-4.571494270547044603e-01
-4.571543893390558888e-01
-4.571575680453742740e-01
-4.571585370513964186e-01
-4.571586328841660829e-01
-4.571581603153472284e-01
-4.571573414009745817e-01
-4.571493944468911774e-01
-4.571573493944964817e-01
-4.571559025044324431e-01
-4.571584983196110286e-01
-4.571585641315130677e-01
-4.571577636966062674e-01
-4.571586065372668095e-01
-4.571556540331682128e-01
-4.571585550213435600e-01
-4.571586356683121077e-01
-4.571568246002436497e-01
-4.571553518516605630e-01
-4.571567905894508566e-01
-4.571580101482566882e-01
-4.571563065061778341e-01
-4.571299237687669881e-01
-4.571516108262291267e-01
-4.571566551182666416e-01
-4.571584787830759167e-01
-4.571584211718099366e-01
-4.571586414813672561e-01
-4.571586006034142335e-01
-4.571585646229970323e-01
-4.571553319827524886e-01
-4.571586080183336342e-01
-4.571586364368709354e-01
-4.571586528747917377e-01
-4.571586512473737041e-01
-4.571585031768938823e-01
-4.571550389764729161e-01
-4.571411407508131908e-01
-4.571586596830830018e-01
-4.571586390795288057e-01
-4.571586620237409471e-01
-4.571586620251136823e-01
-4.571586620252302002e-01
-4.571586620091707687e-01
-4.571586620220535746e-01
-4.571586619563193787e-01
-4.571586619864365653e-01
-4.571586580353623197e-01
-4.571586614363328804e-01
-4.571586620231200548e-01
-4.571586620249209476e-01
-4.571586620061094397e-01
-4.571586620171987358e-01
-4.571586620209578400e-01
-4.571586616594753294e-01
-4.571586619943820429e-01
-4.571586619396190154e-01
-4.571586614007173699e-01
-4.571586571413375766e-01
-4.571586492580939076e-01
-4.571583596745375511e-01
-4.571586495180811061e-01
-4.571584375816243884e-01
-4.571583288535272516e-01
-4.571586190762383928e-01
-4.571586616581239659e-01
-4.571586618214038555e-01
-4.571586619779418603e-01
-4.571586615021183131e-01
-4.571586619342192237e-01
-4.571586620208284435e-01
-4.571586619212468228e-01
-4.571586608140937313e-01
-4.571586577052362266e-01
-4.571586439876234587e-01
-4.571586420017614838e-01
-4.571586610535329775e-01
-4.571586563955155058e-01
-4.571586196602807628e-01
-4.571586407440364486e-01
-4.571585556474639378e-01
-4.571577831621563281e-01
-4.571584458172738286e-01
-4.571586134445576044e-01
-4.571586548236399872e-01
-4.571586185217935139e-01
-4.571582767656782731e-01
-4.571582535797901747e-01
-4.571586603467501786e-01
-4.571586613007347366e-01
-4.571586612125130289e-01
-4.571586536192787098e-01
-4.571585697469451315e-01
-4.571586615176029267e-01
-4.571586599521496597e-01
-4.571586615063596981e-01
-4.571586594122232228e-01
-4.571586609623071729e-01
-4.571586616987181606e-01
-4.571586619093323534e-01
-4.571586605320300811e-01
-4.571586619430761944e-01
-4.571586619202195889e-01
-4.571586619253969475e-01
-4.571586620072322082e-01
-4.571586620056995454e-01
-4.571586619501650239e-01
-4.571586615949357890e-01
-4.571586607700833804e-01
-4.571586052945973422e-01
-4.571586486959465789e-01
-4.571584794375803673e-01
-4.571585798310242033e-01
-4.571585152762988602e-01
-4.571586064553979645e-01
-4.571586173457441449e-01
-4.571586581843261055e-01
-4.571586314020866793e-01
-4.571585176922388083e-01
-4.571584567380009845e-01
-4.571565040202621999e-01
-4.571582702951798582e-01
-4.571586213862274262e-01
-4.571583620635287781e-01
-4.571584033880285447e-01
-4.571577759271536756e-01
-4.571583968958403688e-01
-4.571585544676624591e-01
-4.571585726283998730e-01
-4.571585082665751143e-01
-4.571585313571873699e-01
-4.571583951714734417e-01
-4.571585124168450753e-01
-4.571582239137282344e-01
-4.571583295571233219e-01
-4.571582227722104652e-01
-4.571579113836476971e-01
-4.571508683866778999e-01
-4.571207059342048407e-01
-4.570020027250627503e-01
-4.571358991639399849e-01
-4.571377414947227491e-01
-4.571520312924897134e-01
-4.571568787545591261e-01
-4.571580509689827654e-01
-4.571582593966412311e-01
-4.571584704515957442e-01
-4.571582802851353877e-01
-4.571585773145656617e-01
-4.571584847913642280e-01
-4.571581423808032119e-01
-4.571583288683506718e-01
-4.571574080607893054e-01
-4.571576064605950562e-01
-4.571583393934969819e-01
-4.571582399810635300e-01
-4.571576350191635663e-01
-4.571567239535090921e-01
-4.571583564489241081e-01
-4.571520579791766847e-01
-4.571554056319952486e-01
-4.571578128470489277e-01
-4.571580142098676247e-01
-4.571549749646392491e-01
-4.571563418008912083e-01
-4.571563924864850970e-01
-4.571566060670831377e-01
-4.571570696484387186e-01
-4.571573087612227360e-01
-4.571570765114610357e-01
-4.571576341484009931e-01
-4.571573847621068776e-01
-4.571506848007478307e-01
-4.571537268804662379e-01
-4.570447270450956889e-01
-4.571263883476673895e-01
-4.571555281280277327e-01
-4.571580949885133416e-01
-4.571578701774196007e-01
-4.571581791899168579e-01
-4.571579851690995566e-01
-4.571530059978347049e-01
-4.571556610573080937e-01
-4.571581616561113393e-01
-4.571574106688054973e-01
-4.571538503371501694e-01
-4.571528102541788652e-01
-4.571137952048816566e-01
-4.567597981600035606e-01
-4.561335613592463201e-01
-4.571413269581693917e-01
-4.571572448731807126e-01
-4.571572810846759038e-01
-4.571473904759050799e-01
-4.565832286160055320e-01
-4.571586620251220645e-01
-4.571586620252725552e-01
-4.571586620252715005e-01
-4.571586620252706124e-01
-4.571586620252688360e-01
-4.571586620252656163e-01
-4.571586620252622857e-01
-4.571586620252547917e-01
-4.571586620252418576e-01
-4.571586620252356403e-01
-4.571586620252142685e-01
-4.571586620252131028e-01
-4.571586620251877897e-01
-4.571586620148634372e-01
-4.571586161739071286e-01
-4.571496195502202098e-01
-4.570636894352319568e-01
-4.567759476860820955e-01
-4.558576405024319933e-01
-4.546015478680253685e-01
-4.508175984917879853e-01
-4.469574778491119393e-01
-4.464138173841635249e-01
-4.411750678228749667e-01
-4.400933335664145574e-01
-4.439814342165877004e-01
-4.466381536603966085e-01
-4.568060235450803197e-01
-4.570662903916880015e-01
-4.562179375176145801e-01
-4.522155193579197041e-01
-4.453401714011040458e-01
-4.322003134321240059e-01
-4.115587622979808291e-01
-4.152697093736483769e-01
-3.882062880494174806e-01
-3.870715207859671825e-01
-3.307371827034497613e-01
-3.141364992302392301e-01
-3.271373716994333547e-01
-3.510795797340500735e-01
-3.755869008702955036e-01
-3.974595878126758186e-01
-4.093475168739877934e-01
-4.336702291838074874e-01
-4.315433944614330275e-01
-4.206506585475811022e-01
-4.154303923058058623e-01
-4.271531616617234017e-01
-4.160681618034360318e-01
-3.927674743686450087e-01
-3.801611744424417960e-01
-3.384285506422552992e-01
-3.304686075167073689e-01
-3.293384830598016788e-01
-3.046660933811806693e-01
-3.029973722711447603e-01
-3.396770892364934791e-01
-2.565183894673586096e-01
-1.984193775404047844e-01
-1.872172399059039982e-01
-1.779173426915047207e-01
-1.692980073851870770e-01
-2.661272145449191662e-01
-1.594247494123793851e-01
-1.043240142660371017e-01
3.771497492571945775e-02
8.853256522387653593e-02
1.200284105558250269e-01
2.552840287323437929e-02
3.653131246747703953e-02
2.572017640448469589e-01
1.163379439155142192e-01
5.220240558404072306e-01
5.739353769442102626e-01
-8.442651000641471226e-02
6.989767069520426146e-01
4.486783823365478874e-01
4.353728100053851913e-01
4.126241959079071098e-01
9.431207666730178074e-01
1.300710305089684660e+00
1.171546187121859095e+00
1.898410667713335442e+00
2.739599969176230054e+00
1.456557364320867354e+00
2.798311647327886398e+00
1.113382342125730506e+00
4.633928524868902166e-01
3.753611708250750301e-01
4.459875452406488749e-01
7.122026954354078176e-01
3.388549751331818571e-01
8.879755270204349182e-01
8.396523661168068253e-01
1.724785687243612031e+00
1.101934707340800568e+00
8.895029746123422898e-01
1.923355001446612755e-01
-2.897394833621896870e-01
-4.571190242274515425e-01
-4.568197929156743720e-01
-4.564837242840762976e-01
-4.511743443677072585e-01
-4.108435266495784610e-01
-3.504899676224617067e-01
-3.378511681702160985e-01
-2.709807085059558474e-01
-2.344947554285229385e-01
-1.958043061037941790e-01
-1.007054013463569708e-01
-2.072524070933119411e-01
-1.673811124404940287e-01
-2.289067981351775860e-01
-1.516796197576738559e-01
-1.123770275773459670e-01
-1.791704429793733455e-01
-2.236407155683044490e-01
-1.728796606381061141e-01
-1.353020835674956235e-02
3.455696163838062329e-03
-7.672321081210592419e-02
2.110629335906888393e-04
1.417613519199589778e-02
2.126848590232492953e-01
3.114716515467939040e-01
4.859048965394530128e-01
5.509881249369416034e-01
3.441140447515438350e-01
4.619802605969242082e-01
7.556339193421258704e-01
6.530914355024169948e-01
5.112552420602015646e-01
3.873302141989708458e-01
4.590621798934181319e-01
5.479008140904960689e-01
5.295880344594353639e-01
4.592602812618186148e-01
7.211751567356307069e-01
4.227633918489089870e-01
6.618518558491127690e-01
7.387427377031897668e-01
8.114592161931354353e-01
4.731676759937120114e-01
4.130823036328697961e-01
7.252454760253160826e-01
-1.856905222667930011e-01
-2.507000613210811357e-01
-2.610607125943005813e-01
-1.586472686197660797e-01
-1.804530155792885560e-01
-1.228443927394816115e-01
2.064893634225078989e-02
-3.328602199213931412e-02
2.400372606944430887e-01
1.481502395458201837e-01
3.768042537686716598e-01
7.507698392741691817e-01
8.770568715613459299e-01
9.224200339978144703e-01
1.653627326278633847e-01
2.284555012409917873e-01
-1.065259638799094244e-01
-2.665870481320450902e-01
-4.500255947920609456e-01
-4.433670913126172008e-01
-4.022110357548805415e-01
-4.114426047569891276e-01
-4.562615282015020091e-01
-4.499580224434706621e-01
-4.296117861918354874e-01
-3.954769319427400287e-01
-4.197380863083496338e-01
-4.231005782230422008e-01
-3.342789359752778022e-01
-3.181180567945741666e-01
-2.422265542748153477e-01
-1.712570906561731165e-01
-1.733565695063441492e-01
-2.852552054306551899e-01
-2.904523374721938445e-01
-1.816982577153946066e-01
-3.526871562572969632e-02
3.527895818047632748e-02
1.148331614777186038e-01
1.595337192102351809e-01
1.759816876961665111e-01
2.075336342388440780e-01
2.458755091232468493e-01
7.235053453191364614e-03
2.146148623752119899e-02
-9.069482760401043064e-02
-2.469075441895740575e-02
1.026932761033615416e-01
1.394063961607503455e-01
1.881904663905960007e-01
4.032158478992908801e-03
1.648176911453979043e-01
7.581356619466295133e-03
4.382596483080091199e-01
3.773843527110063434e-01
2.541910737155775868e-01
8.048988469103224297e-02
1.740156054981959466e-01
8.431985831254273922e-02
9.036140862775332572e-02
9.641329614727645048e-02
-3.887208811823629206e-01
-3.382829282774323376e-01
-3.817441733842176776e-01
-4.150007547352045356e-01
-3.625138430351435570e-01
-3.041351755268330015e-01
-2.502426957432923316e-01
-4.103102716095788915e-01
-3.011710130651004125e-01
-3.170603574167508709e-01
-3.951120524228411424e-01
-2.881421028054331201e-01
-2.346825658992419961e-01
-2.711247192730351641e-01
-2.766609396222022843e-01
-3.216809494159447724e-01
-2.879945674996676197e-01
-1.950825918386273061e-01
-2.967453367574349188e-01
-3.461279951504015462e-01
-3.834689026716551208e-01
-3.701919314136459249e-01
-3.757235254235319899e-01
-3.087004508884502174e-01
-4.034349205084817314e-01
-3.450047794546743374e-01
-3.674674137659966755e-01
-3.865777547237314038e-01
-2.030504451631683915e-01
1.469863882878172934e-01
5.745250395056433756e-02
3.047825583722859610e-01
3.111315755936093774e-01
4.642920588997694331e-01
-1.614740441064341225e-01
-3.034265497853871341e-01
-2.322647724240305411e-01
4.294565954513984707e-02
2.832134424781206361e-01
1.304821364204310497e-01
-2.853764021722604571e-01
-1.409545486082979249e-01
5.820617767775126961e-02
8.614705830871216552e-02
6.199615226401326007e-01
4.119929854464852159e-01
6.126557051267947918e-01
5.254716693119313442e-01
4.866838654855749624e-01
5.151405429776125811e-01
4.972419575713996620e-01
4.696512662155239992e-01
4.871827869359359742e-01
2.420213560917335860e-01
-2.541920687593444139e-01
-1.600806438939346710e-01
4.758041966045256643e-02
1.861096473513289551e-01
4.194231800840098057e-02
-2.743882257851237849e-01
-4.410153005483228306e-01
-4.566522574018301306e-01
-4.419630850571346081e-01
-4.385497744058545200e-01
-4.082792686300874552e-01
-3.036024843323636424e-01
-4.198068808116983686e-01
-3.797492311609284021e-01
-3.698242703520692176e-01
-3.544414205664165873e-01
-4.018723722234844864e-01
-2.615318280091554204e-01
-1.666567927480799294e-01
-1.857533408672316644e-01
1.401428527752990316e-03
1.997839048583901489e-01
1.172941671046311418e-01
3.316593998576898850e-01
-1.986545470369199817e-02
-3.135474942707044965e-01
-1.605324470732915620e-01
-3.743820573011404917e-01
-4.105821972316689439e-01
-4.295745168512429824e-01
-2.607004919273436805e-01
-4.039184624454055239e-01
-1.129098628376734026e-01
8.721532362354833534e-02
2.824561775145887355e-01
2.195010283273214347e-01
1.129494474625029055e-01
8.620222072244254630e-02
-1.096210031541735574e-01
6.428455198990667974e-02
2.351624120481765612e-01
1.391844601736315079e-01
-2.602934375112326282e-01
-1.983833849663478865e-01
1.045219503388233884e-01
-1.853885049158902065e-01
-3.865068965271877821e-01
-2.713220703716803239e-01
-3.718978027179632440e-01
-1.609226451409774272e-01
-1.385822038339901141e-02
6.929021374821625612e-01
1.734078540968314597e-01
-9.895234919172479771e-02
-2.739979517209700788e-01
-2.446068008719662623e-01
4.306301360104780596e-02
-2.012394227511722367e-01
-4.033746960872597875e-01
-1.856880110278098517e-01
-1.437402689780846732e-01
-3.484945143426095293e-01
-8.568988636379160084e-02
-5.828801532923738593e-02
-3.234496615116412288e-01
-4.385204427581420039e-01
-4.486391814072127060e-01
-4.541402249520650192e-01
-4.392884940871090715e-01
-4.266753781811742918e-01
-4.324310200649614799e-01
-4.304874302168371081e-01
-4.276968751455200723e-01
-4.282700953005061928e-01
-4.241084986867063034e-01
-3.938803472228604718e-01
-4.172170595573140295e-01
-3.180154840626860380e-01
-3.531687075426535039e-01
-2.530994611920172055e-01
-2.352772377586220265e-01
-2.613055093442606669e-01
-3.155626835399060193e-01
-2.947145054373406237e-01
-3.472738110601608086e-01
-4.208653593048786723e-01
-3.073880160096478242e-01
-3.570451523975378127e-01
-3.783556141273117235e-01
-3.276360377431852822e-01
-3.833715439051953444e-01
-3.703832491534229110e-01
-3.394802648240703435e-01
-1.243104066473957325e-01
2.045927367234777750e-01
1.502347413051917657e-01
-4.061691979430021027e-02
-3.743849250291625408e-02
-2.468599122177548011e-01
-2.906156259068197190e-01
-2.588300913393378200e-01
-3.143435842089437049e-01
-3.099924220583021306e-01
-2.119351723824145772e-01
-1.673953664050486512e-01
-1.727135254558251898e-01
-2.726253386722433114e-01
-2.519998640972456183e-01
-4.569621807696758187e-01
-4.570309310214508702e-01
-4.568710057888258347e-01
-4.565530934912352401e-01
-4.559333414053707845e-01
