2.695864237343470471e-01
2.592038637776402643e-01
-1.012239116215501999e-01
1.354998476614255321e-02
2.596253593113780900e-01
1.357348709346973825e-01
-2.348028319355879301e-01
-8.955955692471051499e-02
-1.502986994601702708e-01
6.461919984373853953e-02
-7.036187374000638650e-01
-6.921450430017120903e-01
-3.113362305009415021e-01
6.130662178800005968e-02
-1.924005284765414325e-01
1.011534834841616437e-01
3.379871549712351042e-01
3.293025452875875114e-01
3.668438629163857101e-01
7.752276078512437829e-01
6.699741934421495904e-01
6.810847043484077323e-01
8.567858135866611713e-01
9.202110247732334658e-01
8.912828618975491279e-01
7.769316618187497303e-01
8.379389318712037182e-01
4.302014319293455680e-01
2.835003866174952147e-01
1.744526411994452575e-01
1.701046620519188757e-01
5.137043250478442458e-01
3.795517442283102838e-01
4.474047296091733239e-01
3.821008326872458172e-01
2.471211806728297322e-01
5.339867824631437943e-01
3.802261481795107256e-01
4.186852207511154722e-01
5.884851265690632660e-01
6.340056089542503992e-01
9.989770571948738409e-01
6.627437069419473969e-01
3.035529392380803548e-01
2.617942328440938660e-01
-1.691651586006492902e-02
4.461128831902653191e-01
4.816573289609010766e-01
4.407279102459412679e-01
3.277490254991919372e-01
1.090604589721255735e-01
6.257139017084067945e-02
-1.070232470206652353e-01
3.199815083640854541e-01
1.037611128345260481e-01
3.176310727447017035e-01
3.737826570147249061e-01
1.827278422226760179e-01
7.670593031914224591e-01
5.675333246576858004e-01
6.603803734131604708e-01
-7.502766785678294248e-02
2.841855100408863244e-02
-3.235115649377062752e-02
2.343693914068761819e-01
-5.949832513835173753e-02
-1.456043604204503294e-01
-4.667489511940213776e-01
-5.885138176350566130e-01
-3.917914381545969382e-01
-1.486488367566293212e-01
-6.362574494342044806e-01
-1.489240121988154586e-01
-7.796919255492662515e-02
4.763689322530172410e-01
-2.538510559727190641e-01
9.562356997910559375e-02
6.515651105059597770e-01
8.636868929058928446e-01
6.327507596897242736e-01
7.809031237819220594e-01
8.782142628546726337e-01
9.110803128091197189e-01
5.533999311387690634e-01
9.538844986859383868e-01
1.070101857290362002e+00
1.235423183521789703e+00
1.155113141569072965e+00
1.152150846526631245e+00
1.218054993144460862e+00
1.096153678169376811e+00
8.308995645920377315e-01
7.230386886270495639e-01
8.247332369805927543e-01
1.026568418990292386e-01
2.440178327110351653e-01
6.000058189673759257e-01
6.789119677044760381e-01
7.937158271570406987e-01
5.917817873456184818e-01
7.474422123010079355e-01
7.307220576754721586e-01
9.883483332843675528e-01
6.276564982089342104e-01
8.656492468885294000e-01
1.080333165246102123e+00
1.356395521699034656e+00
1.076415476745620214e+00
1.020872542024473528e+00
8.972652842300911091e-01
9.730471761910070017e-01
8.081844364801448188e-01
1.049632590481522243e+00
-1.442039252460032284e-01
-2.859572232893894395e-01
-3.954270353475958233e-01
-3.630460312628218666e-01
-3.326440815174431798e-01
-1.486845690848593859e-01
8.563622803561476982e-02
2.158596604029954236e-01
-2.451344683044414108e-01
-2.901164676696652567e-01
1.738647209095802726e-01
1.409765850124854447e-01
1.834184001572368716e-01
4.639405468129141896e-01
7.125044876274436723e-01
8.619472321704827467e-01
4.873137264236179211e-01
1.036140615616959693e+00
1.330622338367985602e+00
1.340821144543702381e+00
1.199736502192848331e+00
1.261620531014807867e+00
1.273010079410179074e+00
7.124254536663500170e-01
8.234204889792807736e-01
1.171991047896422167e+00
7.395743779257731854e-01
8.336889718464991494e-01
-1.030924361872164630e+00
-1.370799508796195054e+00
2.780517775118662716e-01
5.792570364685744044e-01
-1.244330233817564579e+00
5.283564596877888819e-01
3.083661797427108553e-01
2.863675125383677855e-01
-2.050822957157599546e+00
-2.294836829869999484e+00
-1.281023975887578548e+00
-8.284413569586102088e-01
-1.808612396975214143e+00
-1.551157307136522778e+00
-1.963967928782586636e+00
-1.965005991209626046e+00
-1.815434530854141304e+00
-1.596292799974587062e+00
-1.416404067674978062e+00
-2.231660268619944709e+00
-2.003531750204650574e+00
-6.258652694516720905e-01
-4.236196697093885799e-02
-1.944006947980029265e-01
2.318476597579883780e-01
7.376620761247897340e-01
5.842709981907644456e-01
9.498777923242239796e-01
8.977465804557228646e-01
1.079305184434875997e+00
7.663542508325401625e-01
4.699856386441693124e-01
1.200543831160821640e+00
1.156340349568051984e+00
9.485206756682961204e-01
9.950424440765132106e-01
1.173268118335950128e+00
6.945785593556187409e-01
1.163797142389683792e+00
6.949692855054031559e-01
1.307374540253708695e+00
1.239274872101621128e+00
2.803265700026624785e-02
7.972377345063411669e-01
8.247711854443889878e-01
9.292310490592657901e-01
2.446722933633707076e-01
5.838736754941661333e-01
5.214732038008037529e-01
7.263443766322835726e-01
1.046753905729879364e+00
9.078541625842438956e-01
5.439640082856748160e-01
5.960773055085862859e-01
1.229819373111239456e-01
2.424263744517984875e-02
1.900110547101988567e-01
-9.513098117029130663e-01
1.659849246379963006e-03
-4.029494208168369340e-01
-7.236693410694750028e-02
5.087211213938902521e-02
-3.389962637070847995e-01
-6.137780554122396204e-01
-1.002239248510672365e-01
-3.439312970977657091e-01
-2.079716572683792952e-01
-3.787989676027888608e-01
-5.583563491500225240e-01
-1.729005885656060837e+00
-1.341563238127809532e+00
-4.373145286512927221e-01
1.546334695939212134e-01
-6.381180635331828999e-02
2.178680162700767919e-01
5.711795309553097111e-01
3.890485551771837303e-01
5.293284585529886010e-01
5.431110075263444470e-01
8.508486122989639133e-01
9.660213567644430066e-01
-2.440133217435199731e-01
-1.952012100385850157e+00
-4.647861068822216613e-01
3.503489587801162930e-01
2.613054219581667503e-01
1.033471853987671718e+00
6.219446245890304370e-01
1.473633778809272377e-01
5.109402805733864739e-02
-1.013585405378100823e+00
-2.074124851064688357e+00
-1.499382390442333790e+00
-1.282887275476864541e+00
-7.773236076887464208e-01
-6.283324789385453801e-01
-6.081959356272492734e-02
-3.766014609881751518e-02
2.793551571229957453e-03
3.701044157154657066e-01
4.045306795125317434e-01
-6.491700077735715890e-01
-1.592540919840383928e+00
-1.293691132569420699e+00
-1.472428011848579743e+00
-1.067804336973586121e+00
-3.092293022532229818e-01
-7.753138009578065537e-01
-6.615320719758666090e-02
5.766381045995890853e-01
8.142722001917205299e-01
1.786451366167486343e-01
2.624712724832122257e-01
-8.634039360232179661e-01
-3.285116444596858365e-02
4.479453114000336855e-01
6.082727663712451660e-01
-4.083501345587208231e-01
4.611676567398426130e-02
2.984850073639485624e-01
4.562668849301722007e-01
7.533701561173967720e-01
1.718870709526956198e-01
-1.755189937476125950e-01
8.756273756529918684e-01
1.199727103900740222e+00
5.317038389808127485e-01
4.695544458167494328e-01
-2.944850393212357087e-01
3.104115001272614860e-01
-3.393418244830115338e-01
-6.391656907047116309e-02
-7.221165628716397222e-02
-2.493839965625824773e-01
-5.270287519509410101e-01
-4.067586976314563341e-02
-5.876114215161388765e-01
-7.271574727911931380e-01
-1.018436975499252384e+00
-4.389186129345234999e-01
-8.400728893963694821e-01
-7.686338761138669096e-01
-9.692356153837081711e-01
-5.558623927275764265e-01
-9.850495289634417784e-01
-4.351325614604470982e-01
-1.944079710534757366e-01
1.297647919428801533e-01
-1.162556175154982663e+00
-4.127698545437356037e-01
-6.748112910145247501e-01
1.914973268035334852e-01
5.431200665506362713e-01
-2.487406424494797985e-02
1.965874804815471721e-01
2.044759616236980770e-01
6.987748207521665700e-01
7.213661380384114308e-01
7.293821714247928911e-01
4.342223674172512871e-01
5.847091240570631010e-01
-1.074148517028662431e-01
-6.903987698977253062e-01
-1.556363518206592467e+00
-2.106197429225598938e+00
-1.226371031404393630e+00
-1.825454676101981644e+00
-1.986159830391767134e-01
-2.229354494711728307e+00
-1.535547695774781118e+00
-5.311629458775529722e-01
-4.649597953980965093e-01
-2.923915971155244264e-02
3.009766012663456225e-01
2.918567799769350435e-01
5.962144013205544768e-01
5.493041053290322884e-01
4.699423461758668319e-01
3.516094729759133841e-01
-1.262539818314104556e-01
2.691401081528388417e-01
6.617236710359742924e-01
8.943886233777421646e-01
1.238867923531849602e+00
3.922200429844469038e-02
-1.363794729498156055e+00
-1.420164535118360605e-01
2.204482125376353574e-01
-2.114503699891731703e+00
-1.209274518739871240e-01
2.593173821526874034e-01
3.178702983090004874e-01
3.011574750210256335e-01
-2.521003014114924778e-01
-1.417964349929373702e-01
-8.544263844535882058e-03
1.997009235483336864e-01
4.110598964130230959e-01
3.394397650779084064e-01
2.899992847799123252e-01
1.245866395205731392e-01
5.144396864170787120e-01
8.050184040063378399e-01
5.517040959180939952e-01
8.176243771282506456e-01
8.788809242664973320e-01
5.801762174521934989e-01
5.508208545300893322e-01
2.513045097571048325e-01
3.309132036599573556e-01
-8.791982792707936367e-02
2.893247059157347811e-01
5.921411820141645466e-01
-2.851389316313596156e-01
-2.404286690392734016e-01
1.793799148787166287e-01
-3.888783997907181433e-01
-1.015557720772573003e-01
1.117788905222279805e+00
1.186055028014943336e+00
-2.649694885297528835e-01
3.224483234042937463e-01
6.439540488508771476e-01
3.424563684071257885e-01
9.219815764407589542e-01
7.378479161240473205e-01
4.358210194637380797e-01
-7.882300966537414411e-03
8.854820075868233831e-01
1.193175830812777782e+00
2.115425304497979830e-01
4.375659251153579676e-01
8.891085766934138102e-01
9.004836433664170636e-01
1.020457703652464243e+00
7.271724895996874993e-01
1.121252833118993930e+00
7.661242737404653225e-01
2.381635484460640217e-01
-2.761962980226301267e-01
2.123280172874317806e-01
4.608590585002746431e-01
7.148838480689171382e-01
7.386038949419252431e-01
1.345978395410510897e-01
5.936244199404708821e-01
1.093614217254683663e+00
5.624215648036196002e-01
7.105186195882110534e-01
6.482682117463874905e-01
2.699773792284388962e-01
4.948291857154921702e-01
4.083358494612068235e-01
4.822442918375179355e-01
-3.495530743664015949e-01
2.038193089995211649e-01
5.556298758791834436e-01
6.489748325971508303e-01
4.239948628418840348e-01
-3.740931450270934544e-02
-7.156998836280994425e-01
-3.286679098161789936e-01
1.427477193519864906e-01
5.805358700548058914e-01
-1.438390256872591477e-01
1.738186823689658045e-02
-7.853440194271432695e-02
-4.535380767121425238e-01
-1.571592018406217761e+00
-1.476164077509114492e+00
-5.798553878740340117e-01
-1.241761065164267430e-01
3.722307309918359008e-01
1.067091727255942146e-03
-5.536039835653346897e-01
-3.891432906136503833e-01
-2.318783056330427916e-01
-1.789269079917570338e-01
-1.521296946991930632e+00
-4.760047227451187357e-01
1.684716427994948917e-01
6.828309903690099603e-03
-1.232003520559721288e+00
-1.264301150908656135e+00
-1.260200909391962387e+00
-1.097193631329708374e+00
-5.930721958991403975e-01
-1.042759646716428845e+00
-1.814063999714461861e+00
-1.932239676004765538e+00
-1.932109114157129159e+00
-1.778132930046259830e+00
-9.424348310529937489e-01
-5.465801944805457335e-01
-1.040434870192399330e-01
-3.753941384888274668e-01
-3.656492405891527131e-01
-1.059612196018645314e+00
-7.875718715765833711e-01
-4.701990476022455123e-02
-8.513971356674172597e-01
-7.100452832390885538e-01
-4.156033614853378300e-01
-1.445881382373666035e-01
6.492294584428824900e-01
1.077258198623720631e-02
-6.878294269790024007e-01
-3.995448411620396989e-01
1.622227179579658340e-01
6.360733991935344500e-01
4.905174067167740182e-01
6.083225474226855445e-01
6.510555436794339679e-01
5.475861552492969908e-01
5.646693058855426495e-01
1.302696391013576926e-01
5.638605963329773596e-01
5.312302315712275069e-01
1.799503136627064181e-01
-9.601607825816362851e-01
-1.644246080559901735e+00
-1.276193490417721677e+00
-1.484673165718675580e+00
-1.913990534099853313e+00
-1.239717651778541985e+00
-1.418145356262042744e-01
-1.044376003422483379e+00
-6.511995049464355256e-01
-6.842972674879082007e-01
-6.272918953204699166e-01
-2.199125320712912224e+00
-1.359646124084856300e+00
-6.175120517426264666e-01
-1.863569667702179578e-01
-3.198559799549223204e-01
-1.529648205627670787e+00
-1.466046635214272920e+00
-1.100372679714261004e+00
-1.431168396905558859e+00
-1.407699374361484956e+00
-9.075347230038337543e-01
-1.504481378127568991e+00
-1.790386862712011862e+00
-1.276165817919503009e+00
1.421894444456203166e-01
3.463259994437483114e-01
-5.070213760941821857e-02
-2.918932226321286905e-01
2.917416552480878167e-01
-2.175420234246261408e-01
6.586429432770479764e-02
5.675957195569664160e-01
5.228660365061049697e-01
5.050354085276632654e-01
8.029401688576714990e-01
4.362662317119277988e-01
7.474575686448089451e-01
5.187146340195395444e-01
3.601935808666101302e-01
4.562044565693809117e-01
-1.585869422633506831e-01
-1.354365752347228335e+00
-1.177471130722177683e+00
-7.195991918334779802e-01
-1.888453705674418837e-01
-1.748374617832841871e-01
-1.312962082531318853e+00
-1.032037341569311595e+00
3.654321973620013875e-01
-3.289085902429308428e-01
6.248240307765128287e-01
8.622281378126382956e-01
-4.214373284994379354e-01
5.581674507851673850e-01
7.274716305218690282e-01
1.208761696669975905e+00
1.151671810854319133e+00
8.315632028558485045e-01
9.690161653479850701e-01
8.400442332552838787e-01
8.373327820901145246e-01
4.195959670693703014e-01
-2.746918829196676182e-01
-1.418044163341476427e+00
-9.943684657444564756e-01
1.707225486548232807e-01
5.991007512428515591e-01
-1.401910923912744078e+00
-9.586573006822992626e-01
-6.298425925540062087e-01
4.393016754039835714e-02
3.182982320851864833e-01
2.065166940674754148e-01
-1.686894521474713304e+00
-2.259243092011435028e+00
-6.335797876071509460e-01
-1.970405903958718952e+00
-1.235074569553385793e+00
-1.863675171121885743e+00
-2.451258370229767447e+00
-8.697378993156854587e-01
-6.092647770887116287e-01
-1.023222537588011294e+00
-5.697033308571541887e-02
4.791418465552049755e-01
5.385608347552653941e-01
3.139428796787591125e-02
4.750850141351766753e-01
5.466058675330601746e-01
-1.251035409650121055e+00
-2.308259769573464126e-01
-1.502609470924786139e-01
-2.263971243860664062e-01
-7.536179037967478678e-01
-1.619481206804514350e+00
-2.443631435500330795e+00
-1.856402166470061843e+00
-1.362802433895923704e+00
-7.607131567547285034e-01
-3.935914139609045792e-01
-4.862766592419256462e-01
-1.818001801717245680e+00
-1.265335518527628267e+00
-3.572917593620746901e-01
-2.320004937241326726e-02
2.422061933298729208e-01
5.547604124988173568e-01
-1.419380327480476156e-01
-9.379745261708569704e-01
-9.157420180517006347e-01
3.650397328696113330e-01
6.900041119692420510e-01
1.192306320798037778e-01
3.834552332416678588e-01
-2.073536063640019078e-01
2.501904786884791010e-01
1.286475342246198306e-01
7.366553115477403324e-02
-1.463118515689160182e-01
-4.830289623597268100e-01
-1.255036890391986404e+00
-1.428556972794393420e+00
-1.954761337856361525e+00
-1.833735461354660590e+00
-1.116796971272937089e+00
-7.869924134724572973e-01
-1.564663644606882231e+00
-1.980541440524144381e+00
-1.093533597380925704e+00
-1.577751173419497999e+00
-1.918479191351337043e+00
-1.305780367773706097e+00
-1.246861159762903792e+00
-1.526019461483937079e+00
-2.446818974789553014e-01
-5.510512473839230818e-01
-4.243843756409643175e-01
-1.295998201481693979e-01
-6.544793052812670764e-01
3.879374140533143889e-01
1.739467432650330103e-01
5.829979518358349155e-01
8.426390160383433470e-01
9.492774746418702891e-01
-3.914835466272137410e-02
-4.896532649901941814e-01
-8.418480405430475155e-01
-3.833293581129111338e-01
-1.300339003575052832e-01
2.569813601728875296e-01
5.558345671744302496e-02
-3.146522874811517045e-01
-8.530657980612736946e-01
-1.960207704209045776e+00
-1.037857170977642518e+00
-1.059304222926208627e+00
-1.052628397669309379e+00
-8.701320025568369809e-01
-1.412761384189009872e+00
-1.932672032764775061e+00
-2.175685923947995093e+00
-1.414003009433635771e+00
-8.138991071233894203e-01
-7.341053925163685268e-01
-1.851644537639379529e+00
-1.215881918068527856e+00
-1.978704034851329840e+00
-1.549860494314137860e+00
-1.947446182064696885e+00
-1.098182956953918765e+00
-1.127344808308852198e+00
-1.207664260731909689e+00
-1.532316821979553101e+00
-1.766523871315867300e+00
-8.411314263952076598e-01
-1.786051232433518710e-01
3.960234079361909521e-01
3.617974561612439244e-01
2.188046802509778788e-01
2.581905363469816361e-01
3.979210299981140730e-01
1.351934142224756608e-01
2.688797127064639358e-01
-8.228541000121659676e-01
-2.358328301847252728e+00
-1.355041236317451547e+00
-5.842109913643125374e-01
-1.152993304837520716e+00
-6.913692377932334487e-01
-8.197710345722482028e-01
-3.488415140251281965e-01
-9.092035144640183697e-01
-1.106053152570749987e+00
-1.078526294394793972e+00
-1.729525316601812968e+00
-2.315753279529486175e+00
-2.143510074702654311e+00
-1.656078381059745919e+00
-6.691341195731532743e-01
-5.207078198904196986e-01
1.487823944974797641e-02
-8.543032836502761906e-02
-6.601861795214924999e-02
2.222048736571616834e-01
-6.080977578235016168e-01
-5.559863492725158896e-02
-1.405920017958962598e-01
4.758313500628857939e-01
9.349051654805262679e-02
4.814557451908124674e-01
-2.138982965216220666e-01
4.318520311455432692e-01
5.103128905379580305e-01
-1.799070967303819657e-01
1.834172144557869588e-01
3.051967140645375220e-01
5.081577020844624260e-01
-6.511870872059052351e-01
-2.470494831627806365e-01
2.525913185591350807e-01
3.293403114543465016e-01
5.498089937125517634e-01
5.464973798912969860e-01
-5.591489103176250364e-02
-4.029915834224391258e-01
-6.523044482723043824e-01
-3.229871403828271093e-01
-4.280934784601669874e-01
-4.106428938802328954e-01
3.707804805675546378e-01
4.414198909412038185e-01
-3.313287538097564600e-01
-4.610479560466965721e-01
-1.766526510565910701e+00
-2.132218748508452055e-01
-3.871807558227797763e-01
3.186299274605278731e-01
2.532500067135289301e-01
1.222951604421838034e-01
-3.832381442587217135e-01
-8.339938107823274827e-01
-9.967032546830585371e-01
-2.937077090611167618e-01
-4.740481464562252834e-01
-2.704352789848019079e-01
2.258728194850678772e-01
3.992241612161847586e-01
2.457460250215515174e-01
2.008983364938403682e-01
3.283992772305280861e-01
5.938158247477176577e-02
1.662679246427312130e-02
-1.550305160457103870e-01
1.281367603763664542e-01
1.349313217086918204e-01
3.047853330416957496e-01
9.730318909966340080e-03
-4.897248544844100548e-01
5.404102617405059927e-02
3.345149605797688164e-01
1.746005086091796388e-01
1.283849219856066926e-01
-6.680643629978855191e-02
4.505439104127920702e-01
-3.319651177635568606e-01
-5.121411633492323201e-02
1.611390709551864253e-01
-1.805659420431315887e-02
-9.222879499006112480e-01
-4.575216912281437898e-01
-4.802359917851641846e-01
-2.602418427261546929e-01
-1.342966627412546243e-01
-7.453965486652558425e-03
-9.322873222430749784e-02
-1.662478757247700667e-01
-2.614112404698324399e-01
-5.838789077089164836e-01
-7.677432067692967488e-01
-4.887358086056260431e-01
-1.282876521409569870e+00
-2.334634166085999274e-01
5.232123008555610300e-01
5.211656231723954535e-01
-2.676554094870178258e-01
-6.038501827182235493e-01
-1.298936971577777655e+00
-6.352746539495229827e-01
-3.116126017702487427e-01
-1.318705695622061080e-01
-2.409997405592722020e-01
1.926016441785050048e-02
-5.217765740752762227e-01
-1.844571927768898778e+00
-1.863113113716552416e+00
-5.827566351590285354e-01
1.250400097595525395e-01
-1.557784092836822509e-02
4.685590528227600027e-01
8.805882446836721389e-02
-2.841504395473859468e-01
-3.228876710802155436e-01
-8.463593757499077164e-02
4.244461132643317924e-02
1.975236478478603619e-02
-7.206047114490804484e-01
-1.127952445194190023e+00
-3.485481736554129073e-01
-4.680621686980536156e-01
-6.146003859977444694e-02
-1.483106696463283303e-01
-4.421466073772427618e-01
-8.160587029226729072e-02
-1.265131206048805135e-01
-2.091583021186734559e+00
-2.136496483531643342e+00
-1.674294704965651359e+00
-1.873624820334301999e-01
6.465882124367494654e-02
-1.438613974689596509e-01
4.570196878470659252e-01
6.377959606767699130e-01
6.643101514481418723e-01
-9.398561204319810791e-03
-5.519878813906966553e-01
-5.305217816906647732e-01
-3.360548937531742109e-01
-8.940432890461662563e-01
-1.707509352046260975e+00
-1.526030051905297391e+00
-1.241738347675855003e+00
-1.003009160289733526e+00
-1.097252255061662352e+00
-1.950801901451739706e+00
-1.165166138972730359e+00
-1.266094718672395647e+00
-1.900086251468392273e+00
-1.203443119995450061e+00
-3.440346639494239467e-01
2.603970275405901313e-01
2.808997897150755652e-01
5.570640411626729405e-01
1.904162346047141297e-01
6.871479283983272790e-02
-7.661378952129805908e-01
-6.793759834924921748e-01
-1.439950113129275788e-01
-3.460311597634031511e-01
-5.902215940774806491e-01
-1.584984143049155136e+00
-1.186270402773862198e+00
-1.255034514954087577e-01
2.652817661132548244e-01
7.464318180621637433e-01
7.153291250551433444e-01
3.771969737418656710e-01
7.084216848271950306e-01
8.966382076318547556e-01
1.229439916809367261e+00
8.779683056279335984e-01
4.185294287074213804e-01
7.204175194388607872e-01
7.686859193172684845e-01
8.955575025874807915e-01
6.254070315263138280e-02
3.527308782104262574e-01
5.245187953565674244e-01
4.914275081160323078e-01
3.721234442798089237e-01
2.938557362261803307e-01
1.075817358352113562e-01
4.842225377808878628e-01
4.000179154309559948e-01
2.256211687909377428e-01
6.247042746061458596e-01
4.466205694164604445e-02
2.135114613147007789e-01
2.671348821831308618e-01
5.577667266923413969e-02
3.219321411259891130e-01
6.564718854160022099e-01
5.513833795558623629e-01
-6.297610794023245084e-02
-3.444204570705414747e-01
-8.767999637513079758e-02
-7.024416469996466184e-01
-1.306006470245889783e+00
-2.013245295132055190e+00
-1.133831468012048482e+00
-1.200922458182732244e+00
-1.881268306529275236e+00
-2.135999220975766999e+00
-9.373152593627178675e-01
-4.450864427041445470e-02
-1.584719573635802181e-01
1.506169590158517035e-01
1.790738655373155241e-01
1.620032934183754936e-01
2.162033847967670397e-01
-9.200432574888449677e-01
-7.358026383583623486e-01
-2.979560701484205154e-01
-3.147100589291166317e-01
-3.056949003787273744e-01
-1.262225857884851088e-01
-7.473263497182405235e-01
-1.266540730804813775e-01
9.137937736692436363e-02
-7.262707208333543107e-01
-1.687827044680040078e+00
-1.081891193740702306e+00
4.979809536634317579e-01
3.012670465636264616e-01
3.014608824201957527e-01
5.468430974971051350e-01
8.393473281779840756e-01
-1.861547614213643342e-02
-1.424240307972535868e+00
-6.867538542201239160e-01
-1.670065170209070748e-01
-1.348139628940856483e+00
-3.504662510141980380e-01
1.637097334656214542e-01
3.982893510879548238e-03
4.059943860505258462e-01
3.499782545109395571e-01
3.765309332585199398e-01
4.235455917617858557e-01
3.866645416289465897e-01
3.532078491591594815e-01
3.554101356960404079e-02
4.229178653603237192e-01
1.475064772037459893e-02
5.847373161984636969e-02
-1.302186945749309599e-01
2.091425008381394557e-01
-9.656823268000436222e-03
-1.625444667508342711e+00
-2.262037926054204728e+00
-2.334239869900143205e+00
-9.757892800091216845e-01
-1.519373000630828807e+00
-1.510181911665332555e-01
-3.619704112508759231e-02
4.944286059616703755e-01
1.650263726595505576e-01
4.153795508035813544e-01
-1.248185742120225816e-01
-3.014509770917206399e-02
4.579767641654097776e-02
1.035212921207686598e-01
-8.775184962935670407e-01
-4.131007881096281364e-01
-5.826487408853041616e-01
-8.930108737425626053e-01
-1.909067493752677258e+00
-1.071714285183581694e+00
-2.135375835981755399e-01
-6.936128040807638673e-01
-6.699057663521783557e-01
-2.230841296007739505e+00
-2.182958635387686641e+00
-1.684354859267232829e+00
-4.319094074481102385e-01
-5.289651388067296844e-01
-2.429238179247211749e-01
-4.206594357592391975e-01
-5.079777292982723402e-01
-3.936184937754412250e-01
-2.337625219892482953e-01
-2.004592845319308481e-02
-3.954539276217228227e-02
-1.315036299201504777e+00
-6.482796471710613462e-01
3.184850858999743739e-02
3.243924993890356934e-02
2.802251608564145791e-01
-2.512547715382071889e-01
-5.862936135286109796e-01
-4.355810281785125193e-01
-4.519754581206514299e-01
-4.505283517962919149e-01
-5.532469638411258162e-01
-4.013428428015498595e-01
-8.233487992372435782e-01
-3.140903141707673818e-01
-3.073762436173546053e-01
3.862698531176578243e-01
8.896018575024654540e-01
8.386680540379524151e-01
6.038321930201225873e-01
6.856555754090171151e-01
8.803409757229004873e-01
6.251769814473376874e-01
4.421567856022023957e-02
-3.085495910212101567e-01
-1.307723839411218947e-01
-8.650447844713197165e-01
-5.711044772165951855e-02
-2.001208361390438562e-01
9.440659757228919702e-02
5.872208064709917297e-01
3.495552849379283122e-01
-1.236709889077588720e+00
-1.858615761000912414e+00
-2.293178352258506969e-02
-1.594399533439638805e+00
-1.403264279299689665e+00
-6.615828028186571119e-01
-1.257612178201457986e+00
-8.743058209366629807e-01
-3.208601022167930639e-01
-2.805971768533266353e-01
-3.812067891700907651e-01
-7.112417684664021911e-01
-9.549740365467043191e-01
-4.297447482921580297e-01
-1.407838323643541667e+00
-2.049868891315727915e+00
-1.798675055124356437e+00
-3.237140082930024532e-01
2.599694387894032621e-01
6.542981162755012736e-02
8.872502965223416638e-02
4.074771779140669015e-01
5.694959855130449222e-01
4.437836336312587227e-01
5.335179246204624359e-02
-9.887825432995326347e-01
-2.787698378354234174e-01
3.046475601482160345e-01
1.292684500668473957e-01
1.552597502620489678e-02
-9.384691893819671060e-01
-3.974762588768131488e-01
-4.100602104576649420e-01
1.975173172949269418e-01
4.239905125011999010e-01
9.020985868321029777e-02
5.720621781783080673e-01
3.111353521741416772e-01
3.410827608870183880e-01
-6.738467559929883777e-02
-2.948200960333076104e-01
-2.796167788881113725e-01
-3.574449032505646606e-01
-7.419070946053302196e-02
4.986411450215655350e-02
5.013014208797400562e-01
9.825068031656913892e-02
6.089294218038233675e-01
7.622112602264877745e-01
1.069449009851301202e+00
9.037528539139619843e-01
9.863054558375269343e-01
1.235175633530384065e+00
-4.359735037081093889e-01
7.132141333368325897e-01
4.202792176289896764e-01
5.626153786390225564e-01
4.155794447952987358e-01
1.462982514332504813e-01
5.653536914780609157e-01
1.673049400283587174e-01
3.807688311038914808e-02
-1.984075780788797649e-01
1.645374425697992971e-01
-1.791407468991097485e+00
-1.188335685318448354e+00
-1.695243480322558005e-01
-8.575284692839724165e-02
3.543358384737593791e-01
5.278352819546056063e-01
6.475269882661863763e-01
-2.165693786431118206e-01
-1.669073220407763181e+00
-8.105503830951953370e-01
-1.543778450588957796e+00
-1.729665690225892671e+00
-5.529702982255585431e-01
2.498221213048457123e-01
8.968054610499244239e-01
5.200367603463896815e-01
4.670161545382655044e-01
-3.038605473625087816e-01
2.126644529291854546e-02
4.867329143107826939e-01
4.363116554827582982e-01
4.058875657501876955e-01
7.843218853998134010e-01
9.068169426601057070e-01
4.822763847553598326e-01
-1.301672810472740416e-01
1.329978733095931176e-01
-7.158528173260326755e-01
8.310122518335061326e-02
4.243061896395992072e-01
2.309933168479679777e-01
-7.294742137232842483e-01
6.016424210278020768e-01
7.472594320664770473e-01
6.004587893916627506e-01
-5.692275410151360626e-01
-1.027009149220504458e+00
6.245659291293864657e-01
1.110029818422707315e+00
-1.779029018186750744e-01
-6.182914467774330847e-01
4.246962133005706130e-01
8.399922705046521942e-01
7.715322837565953273e-01
7.286501116137035217e-01
-3.001708984963070703e-01
-9.288188227588767276e-02
7.682041325983168800e-02
4.613952010876087861e-02
-1.279273066675651993e+00
-2.342690873171940913e-01
-1.478437290156343620e-01
4.707871225845668972e-01
1.277407118587294832e-01
-4.607335090119639709e-01
-7.809538805635583003e-01
-1.988307846596965023e-01
3.871059334497083393e-01
3.507804602950604922e-01
3.078769249325589152e-01
7.668173773414125316e-01
1.502763402673968685e+00
-2.171094948037414207e-01
4.852240261048038628e-01
-5.233545996604398454e-01
4.726946903795997690e-01
-1.348702512755306504e-01
1.008254940077414563e+00
9.173941156951027631e-01
-4.872408890171920914e-01
2.917433244184246544e-01
5.431540575574166363e-01
3.184422088833400721e-01
6.155093779047887681e-01
-1.179833367943647904e-01
1.103038602871418750e+00
1.408213948250164549e+00
-7.563572489012559963e-02
-5.417139295304103097e-01
-6.649574551104247000e-01
-1.234124624073868137e+00
-8.196282015120048836e-01
-5.620631512949165742e-01
2.883710787730209280e-02
1.082193159213427069e-01
4.527376433442943382e-01
4.359304047413893324e-01
1.359339835894042281e-01
-3.315166316290210080e-01
4.713210954635181915e-01
2.902826409826553267e-01
-1.008103564996021273e-01
5.301177155768143079e-01
1.020817148634541871e-01
9.017792987975755681e-01
2.701907176166230551e-01
8.364439699719140586e-01
-3.229912134162457038e-01
-5.629949305762333989e-01
2.096067654255715507e-01
-4.349939782783662778e-02
1.605416849396624768e-01
-3.691420787085211153e-01
-3.204090674986199705e-01
-4.013258942093145265e-02
3.226386384196667789e-01
4.599946501323480819e-01
7.653922951072055225e-01
4.586247702536950799e-01
2.778189877160288646e-01
7.456094420004878431e-01
9.059999011052616291e-01
1.372212205926729656e+00
5.545834363383336241e-01
9.511161062766541052e-01
-8.878642463170544064e-01
-9.825174806402436900e-03
-4.718814861241937830e-01
3.027718873602192051e-02
4.794781612369506396e-01
6.351734213258141137e-01
-2.476808148958314915e-01
-5.379667446570696177e-01
-1.272102933746601217e+00
-9.161374613579238435e-01
-4.605987040017922585e-02
-6.813478340023626512e-02
5.413338908267184557e-02
2.332557038529100568e-01
-2.119944571756884333e-01
-1.929472279923156730e-01
2.862172565138332292e-02
1.720176460596084533e-01
1.032723081777685570e-01
6.969148315593617360e-01
4.693244709378320279e-01
1.112703495888056171e+00
1.288913739356332577e+00
1.235511970431184547e+00
1.386042455061704093e+00
-1.947305558999309349e-01
-2.805696928995594641e-01
-5.576318650836076252e-03
2.516791369502131559e-01
-6.732334830958586203e-02
6.293806586907167988e-01
9.101868803899716420e-01
1.317226560970611082e+00
1.368037783882370739e+00
1.412796392406865387e+00
1.304296248618185494e+00
5.679470406810495087e-01
1.052301579428549960e+00
9.416294271631499013e-01
6.977784908815271026e-01
4.173501668016466049e-01
5.244278953565543189e-01
2.876835131792062628e-01
6.789973956879469252e-02
6.447889753421293113e-01
-2.033955290093905077e-01
-5.842351235489584571e-02
1.253290895921093107e-01
-4.077643879846358788e-01
-3.366043008228366551e-01
-2.854077972046039635e-01
-4.040528084661521024e-02
-5.783300704744982479e-01
-1.439632788360534210e-01
8.662469998766930690e-02
2.907932790228444642e-01
-8.600444790462957734e-03
-1.091853301905962859e-01
-5.457394155442729655e-02
1.141270671151425331e-01
-4.657368808490303103e-01
-9.140587360281505758e-01
-1.446804725608101361e+00
-8.480504527025172212e-01
-5.730683426244348455e-01
-2.544080110078491552e-01
-3.693547427262499072e-01
-4.431864340019073811e-01
-5.589360845160157298e-01
-5.599682073743356137e-01
-3.330438070845485043e-01
-1.208880052338243694e-01
2.266056708867203451e-02
2.973538496296671552e-01
-1.098695480853818518e-01
-6.728966852467177517e-02
-7.301747640638922565e-02
-3.286212072326057942e-01
-3.874293810103982549e-01
-5.381400158160446479e-01
4.879951813258910365e-01
6.062239624274029515e-01
6.870891206187760281e-01
7.146735392549449228e-01
6.476147896310783247e-01
2.310412754841385530e-01
6.974414712353481649e-01
5.898074300720986818e-01
7.088487967357534059e-01
8.977559382939622745e-01
6.184729733393813378e-01
6.634941799205084090e-01
6.392020201488911590e-01
2.758980216009359054e-01
-2.931412857531369154e-01
-1.804363621585117761e-01
1.511454025212105590e-01
-3.022912380092133144e-01
-4.365185943605787156e-02
-1.755991012886151115e-01
-1.149785337449488187e+00
-1.368875200593649977e+00
-1.502472200204257202e+00
-1.650467294386684713e+00
-1.558232916697360970e+00
-1.702410854730276313e+00
-1.486275698597904649e+00
-6.566717984053149770e-01
1.734729279248847789e-01
3.289491597268967560e-01
4.142321211109489809e-01
3.422994697981508461e-01
3.234762896659278963e-01
5.673477683381306091e-01
6.916022642277567245e-01
5.991781774229151258e-01
3.631976744576798088e-01
4.324588179312179870e-01
1.885951044525308040e-01
5.796186130087378485e-01
1.404101180722383546e-02
1.199879241337442615e-01
5.796633816296951069e-01
4.479826647607346723e-01
2.357037024685624260e-01
-2.787107780336860463e-01
-2.533530265261074721e-01
-7.300956991832829868e-02
4.111799954930488443e-01
5.183282773623562045e-01
6.625531678268333780e-01
6.251935888520249174e-01
5.665124347250966030e-01
5.498130184019728306e-01
6.247429649489927295e-01
5.692013027680872250e-01
4.219580599672989596e-02
-1.772385889150170923e-01
-2.186259503934275816e-01
-3.874370739005620901e-01
-2.406001653285442798e-01
-4.482374406908217757e-01
-1.813007895216710574e-01
-6.622705788607774480e-01
-2.366526008999616515e-01
-3.891515210291024984e-01
-5.402496102363449904e-01
-4.149890514691303434e-01
-1.279964448687472167e+00
-1.760172877357428334e+00
-1.370726164099935085e+00
-1.811933420324560728e+00
-1.051335244916834721e+00
-1.059151015074887070e+00
-1.694756142217665129e+00
-1.348249897471837766e+00
-1.201562620176980012e+00
-1.466898259357584333e+00
-1.186697251079467552e+00
-4.195397399688163276e-01
-1.531862793595317740e-02
-1.088758375000045353e+00
-3.176067969068948615e-01
-1.252082696927567351e+00
-1.198504255511814165e+00
-4.164516559585453859e-01
-1.922928037988746564e+00
-1.283930073079097900e+00
-4.202751589837867008e-01
-1.191368604284146482e-01
-1.812384140721248760e-01
-4.350147800468928683e-01
-3.143892069261051692e-01
-9.557034829077730720e-01
-1.014129824122240286e+00
-6.508940204299884513e-01
-5.195817802585689371e-01
-6.027245051498070216e-01
-3.489156521309370595e-01
-8.709930587878045305e-02
-8.790769590593594529e-02
-1.759751313815385299e-01
-6.668685778720340185e-02
1.758409406916183748e-02
1.227632498055797328e-03
6.926395592780709709e-02
1.720897994282488686e-02
-8.888245835924879490e-02
-2.236426525876016869e-01
-1.025890509387870075e-01
-9.426668411119520918e-02
-1.452741943109406630e+00
-1.839311500332052152e+00
-8.989684579609089621e-01
-2.214054958224542791e-01
-3.391552228088581256e-01
-2.719514102566182867e-01
-4.444200612988891130e-02
-4.341192433986507115e-02
-8.012080693828838029e-02
-1.194856635719578342e-01
2.827158926253747762e-02
-3.960059272985788081e-01
-1.267141991258056599e+00
-2.602465160362217866e-01
-5.442209740817249841e-02
-8.080879259667010928e-01
-8.150025881645395209e-01
-1.369899163540873710e+00
-2.088713237522100030e+00
-2.048437556565129380e+00
-1.246638535799109881e+00
-1.240427435915083532e+00
-1.101557423050469886e+00
-7.643585731724349408e-01
-4.551859947205865176e-01
-2.471164414811585219e-01
-1.372421783355676217e-01
-4.209895344739968404e-01
-4.580068438451189161e-01
-1.169726199379554465e+00
-6.358558380671369692e-01
-1.017111532418531805e+00
-2.322609893360181865e-01
-1.866326070632609579e-01
-4.824714894055696091e-01
-1.059594985911873621e-01
-1.163426542487804305e+00
-2.036530153744385840e-01
-8.541727609816407440e-02
-7.573048199766687638e-01
-9.738018455171324472e-01
-6.151696101993705534e-01
-2.697990130859956870e-01
-5.847648220916619177e-01
-1.273397145698531130e+00
-9.202760843500243926e-01
-3.813542193418078541e-01
-3.851822892239893381e-01
-4.771048570156137814e-01
-2.829504171125354350e-01
-1.172458577458674878e+00
-1.575071178029560315e+00
-1.962877039107230992e+00
-5.808429789190248105e-01
-3.214698938178702226e-01
-8.470630879925766799e-02
-1.644544198715965910e-01
-2.586724342551882661e-01
-1.171324969105829616e+00
-1.939782630271045694e+00
-2.380215623530265390e+00
-2.891686683300175531e+00
-1.369031678381008366e+00
-9.694394845941829431e-01
-6.742734370763533436e-01
-1.097996094628544750e+00
-8.314075229696382685e-01
-1.437550464104468517e+00
-9.543531459142886586e-01
-1.460055468126818301e+00
-1.485191667898266399e+00
-3.524353711371291942e-01
-2.007622110327258458e-01
-1.873953587088410533e-01
-3.754324561959005990e-01
-2.824831761904765814e-01
-7.412052242311223393e-01
-3.385327857255031603e-01
-2.612564225245819216e-01
-6.462825785584058735e-01
-1.064615958150705755e+00
-1.363589407277644217e+00
-2.140879374559732096e+00
-1.818018016942661852e+00
-1.888046305217228493e+00
-1.935785552625759465e+00
-1.551234048466799464e+00
-8.325152063067873254e-01
-6.575300414679305927e-01
-4.492301363982421081e-01
-7.063146321764119939e-01
-4.869580736197512416e-01
-2.760243597718501363e-01
-2.696130416765768478e-01
-5.897900793405747022e-01
-9.466468072705533920e-01
-1.522488120553863400e+00
-1.707609844871918803e+00
-7.685381742982748676e-01
-1.031182966995499495e+00
-1.341071047263252769e+00
-1.194989550653364763e+00
-1.639718383028242243e+00
-2.175373955085545763e+00
-1.903559700518573372e+00
-1.363504205551300918e+00
-9.842112065755679318e-01
-1.273725918041113125e+00
-1.871995601623083871e+00
-1.754311409035270053e+00
-7.495124167442617225e-01
-5.325855416654406982e-01
-4.398529461614296698e-01
-7.939634299188340627e-01
-1.544985728469945974e+00
-3.099270876568211985e-01
-2.186863568835294980e-01
-1.665277493679724885e-01
-1.148704410817175670e-01
-2.087422986200963004e-01
-6.968981140002383778e-02
-2.369027492246059130e-01
-1.222542353062912590e-01
-2.123219520610556410e-01
-2.747344550403280072e-01
-2.596576492658667079e-01
-3.616481606665419291e-01
-4.899964616029677811e-01
-4.201506879210108458e-01
-3.312866949575827280e-01
-3.441596526307474924e-01
-4.417174273656540029e-01
-2.006639408692467708e-01
-3.029854911956378349e-01
-8.615613264465532550e-02
-2.439151392567648902e-01
-2.106638636565195122e-01
-2.017859960028109967e-01
-3.717362090086987481e-01
-2.712963347901389266e-01
-1.448132462411854116e-01
-1.303604009028562216e-01
-5.632994671667130859e-01
-2.619557418968679330e-01
-1.904519979864615631e-01
-1.370024553984094950e-01
-8.723001892170717531e-02
-1.633066626434765967e-01
-1.260820379473410191e-01
-2.294646421892009291e-01
-2.964305364488161176e-01
-1.584243504688828685e-01
-2.581867269477211568e-01
-2.005254460068915945e-01
-2.452721489117030695e-01
-9.195752210662877513e-02
-2.135842192789346727e-01
-2.902314337940128941e-01
-1.359015141410676586e-01
-6.233950170578328454e-01
-1.146709189281920782e+00
-1.476759358972932423e+00
-5.906626783977895201e-01
-7.921550481476750116e-01
-4.454588296894545496e-01
-1.490285286643043827e-01
-1.982802419531285443e-01
-1.321808215129553488e-01
-2.900356646259423243e-01
-2.057393627865489183e-02
-2.949165371835221205e-01
-2.099145175545312769e-01
-8.166507489580310253e-02
-1.171389650013959782e-01
-2.317848023390159939e-01
-2.145400190092816572e-01
-1.942616871151719438e-01
-1.757115771479843547e-01
-5.945426030961109554e-02
-1.441734269213595376e-01
-3.595568476453036011e-01
-5.753593036982074249e-01
-1.861102077583319248e-01
-2.094998871451647093e-01
-2.132709468599804925e-01
-4.513496246115744626e-02
-1.428647123866522151e-01
-1.772574840175960009e-01
-1.816877979025508516e-01
-2.360227224741747731e-01
-2.021542580197632222e-01
-1.585668463154764063e-01
-2.731758394620598107e-01
-1.315841619729598011e-01
-4.075929191107716676e-01
-2.241750418640587883e-01
-9.320813635341689274e-01
-3.289831712704430200e-01
-1.931237132625686082e-01
-3.079646847398300191e-01
-2.478115631738808666e-01
-2.954279970664032695e-01
-2.885457829352572334e-01
-1.179921010517062108e-01
-2.319074604206973755e-01
-3.414562403345214880e-01
-3.440622490013808266e-01
-1.990985493649369831e-01
-3.183928028990810621e-01
-6.627607114554419088e-01
-1.594090365503674445e+00
-2.053467530245644213e+00
-4.618689495554382241e-01
-2.719930218676916978e-01
-7.751597274878635480e-02
-7.234644321906886777e-01
-1.617127934993861871e+00
-1.779866784967204296e+00
-7.393238564275678160e-01
-5.628466659620456891e-01
-3.290694007913033681e-01
-3.690469651735288625e-01
-2.164824416653083339e-01
-3.305230458537805616e-01
-1.413614020946729610e-01
-6.006595303143380526e-02
-2.106784899215140561e-01
-2.668745882155212357e-01
-1.903429879034076455e-01
-2.339735400313542879e-01
-2.532612655169467208e-01
-3.047791723732703462e-01
-3.812729383921309445e-01
-3.386632176370240055e-01
-2.332148816669592506e-01
-3.694482417254571494e-01
-3.365171846995445581e-01
-1.135623536381240029e-01
-2.666543895057358338e-01
-2.799271341475161323e-01
-7.593717336487260106e-02
-1.370258340922917206e+00
-1.926989903198336851e+00
-2.343803287041956729e+00
-2.572399039337641025e+00
-1.158696212069078246e+00
-2.225805367228383402e-01
1.333190518415261483e-02
-3.408628866666485457e-03
9.898950692792563011e-03
-6.297754271019539996e-02
1.341466817321876892e-01
1.187233005487247084e-01
1.691557954390384699e-01
2.248073939900474549e-02
1.045154517826938356e-01
5.667005751717779649e-02
-4.802089349419310094e-01
-1.159312764825286113e+00
-1.214337580906447833e+00
-1.436343953539946483e+00
-1.606342773963060910e+00
-1.242398183063401884e+00
-9.013497069631318803e-01
-5.209339972897009119e-01
-1.189720184031490380e+00
-1.033061322097207135e+00
-2.833089846947444146e-01
1.819387440816777612e-04
3.121098036704320622e-01
4.526764479208064129e-01
7.630747106602375762e-02
-2.717599009873450377e-03
-2.128913203006931321e-01
-3.313841679062177747e-01
-2.044544828998490771e-01
3.661441834176295540e-01
9.757346878524897349e-02
1.563129678844367154e-01
2.604196200446540210e-02
-6.524791048379433578e-01
1.945211391660733868e-01
4.673138534981898795e-01
6.011306733561346816e-01
4.828224385903100435e-01
4.667795985931929570e-01
3.482956572522597494e-01
3.823176233743238450e-01
4.033064798023311415e-01
4.802128951476370977e-01
5.268297893255525777e-01
5.327516319820128077e-01
3.920828049192484066e-01
3.726382722135441750e-01
5.591020736586221895e-01
5.292843224171751570e-01
4.291962841199201684e-01
7.804279719647755353e-02
5.732423325886693011e-02
2.340147621471491135e-01
2.530570365091452389e-01
8.796783777543807359e-01
8.000351901083929684e-01
1.417970532237092129e+00
8.921544826017496765e-01
6.557070100708189964e-01
4.011038939200407549e-01
5.592128184278714054e-01
4.890559185310118240e-01
3.314632648259965286e-01
2.377273393952766822e-01
-6.151402609801659427e-02
-1.985628732057146406e-01
-4.483974336834521401e-01
-4.401175720946767234e-01
-4.519669371659879031e-01
-8.206391763695856101e-01
-2.006332044961153471e+00
-1.305248966139553879e+00
-1.415753560582632797e+00
-2.365193866697736791e-01
-4.370228319118052429e-02
3.811928875688440632e-01
2.617702061671240976e-01
4.171064648481198622e-01
4.534059759143752588e-01
5.726742697426291384e-01
5.730159282820054267e-01
-1.504779656565814472e-01
8.013524468055976957e-02
-5.792977996201764679e-01
-1.008995725460026249e-01
4.648521012047904799e-01
-4.629072362890755410e-01
-1.060924043920833837e+00
-7.930347016583916275e-01
2.966348379507011135e-01
5.446586519253021619e-01
-5.985438731386560907e-02
3.428905697354701632e-01
2.122347858824015221e-01
3.591431585836594165e-01
6.965044946632402700e-01
6.277167680844973896e-01
9.910065246954992135e-01
4.772196575296639987e-01
8.251700102285689509e-01
8.811817136126888217e-01
1.091440268882816422e+00
6.947928033016753657e-01
5.597883944914284760e-01
6.082335686588137280e-01
8.720889638467937965e-01
6.443323776808244086e-01
5.530533714428179648e-01
7.789206023322227113e-01
8.570183101045750762e-01
7.709789327005457382e-01
9.123262141569158379e-01
8.384103980030842562e-01
6.248258340772053776e-01
3.569653812433153384e-01
1.010764507544660962e+00
-7.107804217094997323e-01
-9.538811847171324576e-01
-8.895997333570536680e-01
-1.983369357531646893e-01
-1.890905780687117677e-01
1.193586693704593582e-01
4.353543354816565847e-01
1.125224854584873091e-01
6.558647963577372009e-01
4.896530926005887574e-01
6.248126035056705829e-01
7.970671922619058103e-01
8.412871249842618360e-01
3.408869361559271338e-01
1.826522786681799015e-01
-7.865266061833403599e-02
-5.239409051333300260e-01
-7.905640628184427143e-01
-2.192663336691781151e+00
-1.917648761453215389e+00
-1.167643912167705689e-01
-1.485793130371751758e+00
-1.899368686088503289e+00
-7.010628535482308354e-01
-4.960781786234402246e-01
-1.175241821912892615e+00
-2.189946186999378153e+00
-1.653167231250876945e+00
-6.457381738558796158e-01
-3.088392112478435259e-01
4.406729228890660099e-02
-5.257728871627909140e-02
3.726765117979502495e-02
-4.404967881190319234e-01
-5.852502583231360411e-01
-7.976161395977565682e-03
4.172955170672877356e-01
5.325515374773287514e-01
5.005805010043852254e-01
6.039820828357908011e-01
6.004341701518246532e-01
4.962377873505189330e-01
5.157620923595528373e-01
5.922701351898318478e-02
3.641742715472593428e-01
-2.970848127592304877e-01
2.137407656060900107e-01
3.523910241765150220e-01
5.992698003717966682e-02
3.446130713759261166e-01
5.085791212680473850e-01
4.676042765830615844e-01
2.541982245996340373e-01
6.970001310718273446e-01
5.154359281347117294e-01
3.339949576922558450e-01
-4.429925601519435485e-02
3.547730277409183453e-01
-1.090356996103375442e-01
-6.044093237688741294e-02
-8.213989659022979950e-03
-1.304443033737589186e+00
-9.112942471883384021e-01
-1.172994895875757226e+00
-2.163792362850813333e+00
-1.313122371349336959e+00
-8.706646230864343305e-01
-1.384036061710336440e-01
-2.146367081505350161e+00
-1.019957883929171860e+00
-7.157307878586982586e-01
-1.845100910067324129e+00
-3.887305817948685238e-01
2.266207157603883360e-02
-2.763159266728466568e-01
-2.772370359883005175e-01
-6.965044511911355762e-01
-9.393128380049639015e-01
-8.979366174590946992e-02
-3.739382270033373978e-01
-8.286568702764556260e-01
-1.526965449809770003e+00
-1.049731929362387017e+00
-1.341237669568752677e+00
-3.207472508269115785e-01
-1.924484319819820488e+00
-9.361447151309079118e-01
-1.189578555820931083e+00
-1.345473483629248568e+00
-4.515741316552109308e-01
4.072759994722984223e-01
5.186626873909979674e-01
7.068304751776987027e-01
8.177187587143709413e-01
4.897374675316855663e-01
-4.148947687970755416e-01
-9.933395058796508081e-01
-9.848314159305774362e-01
-2.561379049183937773e-01
7.370039255249022370e-01
7.468961255315186287e-01
-4.769160080930573420e-01
-4.375316736806201812e-01
-1.577593070532545827e-02
1.849841781558224652e-01
6.133136686492371981e-01
7.891805101829830749e-01
7.232931067346347609e-01
7.295441704214348233e-01
3.193814605717004707e-01
2.217377433712364176e-01
-1.740471922536083182e-01
1.736486748386097956e-01
2.806251447859956505e-01
5.539993942237281255e-01
-6.353349454130576834e-01
-6.331546984928417832e-01
-1.935454848185335086e-01
-2.088709869653235796e-01
-3.122249711884364509e-01
-6.149578344739182745e-01
-1.268746224292716107e+00
-8.342910650480932500e-01
-2.541552089316299057e-01
-4.069025169005314746e-01
1.987790284857197110e-01
2.512006106117954385e-01
4.009917646799554536e-02
-3.902624188182290954e-02
-4.873424692218896737e-01
-5.031904844015564482e-01
-8.047868073167322445e-01
-5.802475020971407105e-01
2.046532243214614910e-01
3.894408589258933073e-01
8.828555760517931006e-02
4.148806720616975419e-01
3.027628042309604695e-01
1.301203628823860425e-01
2.587265538909594431e-01
-7.230651661106763939e-01
-5.628764081247545903e-01
-1.593063449931872544e+00
-1.779001282458172017e+00
-2.232582201572995473e+00
-8.137142312072195294e-01
-1.725557705172561018e+00
-5.517752013678736134e-01
2.683599591818474073e-01
4.798451273180542875e-01
5.799714048420009371e-01
1.594727150063989241e-01
3.311096820472382296e-01
-6.379599377881702837e-01
1.772561566405644884e-01
1.585648998311360858e-01
5.409134642971707985e-01
-5.810223792459516812e-01
-9.979212460767332704e-01
-1.402266102247753943e-01
-4.225713193286697034e-01
-1.527133424603472900e+00
-9.298537735541470006e-01
-9.273846727845183047e-01
-7.627357132428449482e-01
2.952893340458296878e-01
7.454993686980689871e-01
8.034322174794662486e-01
2.214277640197312991e-01
-2.237129737043548894e-01
-4.744024299356334184e-01
2.800950981736839429e-01
8.460017215380843947e-02
-7.620669520387077789e-01
-4.651952881762027037e-01
-5.027768811987998188e-01
-8.932272660369564576e-01
-2.840492259495574490e-01
-3.504380099736841281e-01
-4.951198561644634122e-01
-9.719299801402236927e-01
-2.164664818924813439e+00
-1.754232583106843713e+00
-6.003894891039058823e-01
-3.347557462666611028e-01
-5.841236943687531102e-01
-4.525719396148895068e-01
-2.895041612670625764e-01
-2.761808555536355847e-01
-2.634134599989343406e-01
1.113315129912152424e-01
-4.616850474105860247e-01
2.394581588015802787e-01
2.269744306047465354e-01
4.462112072584988320e-01
4.462858268148691687e-01
2.214778592252442113e-01
-3.016741244588007076e-01
-3.483183464882955160e-02
-4.088495205813543754e-01
-1.232334310316279824e+00
-2.752999441412732340e-01
-4.321421455103342524e-01
-5.750451927369334415e-01
4.990015494854638245e-02
-6.555412265056160814e-01
-5.431221096804981219e-01
1.280548283373188490e-01
7.933501643253203506e-01
8.500940482944702170e-01
7.561454289913204230e-01
7.195493468651116276e-01
2.705255070828073150e-01
-2.167429536446158767e-01
-7.640268966062402356e-02
-1.972177510928477817e-01
-4.950928389445894418e-01
-4.666258649250826229e-01
5.353102286271482768e-02
4.686734660997605717e-01
2.601842868372704620e-01
-4.460816330826707921e-01
-3.016840307877020066e-01
-1.136213367269768293e+00
-2.373249835127475560e+00
-2.221552249301486093e+00
-2.323996098283856782e+00
-2.188658856720560042e+00
