2.366045745891076635e-02
7.951849912207464843e-02
-3.815811992620786741e-01
8.136747260738097509e-03
8.275254112933916328e-02
8.893472032464111443e-02
-2.173904645104821620e-01
1.879808198286629928e-01
1.251736130230605148e-01
3.179346328751201378e-01
-4.085504873568490680e-01
-4.905095899548341798e-01
-1.717194577383207577e-02
4.624026275119702545e-01
-1.416776675982924782e-01
2.754333969805560223e-01
4.973996804966850371e-01
5.054179396558212689e-01
4.229004735336762133e-01
5.184922018409953148e-01
4.229602406036986340e-01
4.011778757382405969e-01
5.288637790789675330e-01
4.871436083175059162e-01
5.550509944272562501e-01
4.257227285240395842e-01
7.205853292356388939e-01
1.197448220404578878e-01
2.321897582579248720e-01
1.254068810636705944e-01
-1.549036164042357777e-01
4.171587468386613873e-01
2.784091024913368795e-01
3.654348631958092009e-01
4.815648942971094693e-01
2.555297888795604599e-01
4.683687331929854425e-01
2.409463522019672510e-01
3.235609612310088590e-01
2.146778571163499016e-01
3.293075975368492392e-01
6.265731679424196843e-01
2.700166370407736105e-01
3.673485036555013128e-02
2.088622862105599109e-01
-5.495379280148293688e-02
1.192158467804135258e-01
4.891709518787304978e-01
3.460933450020150515e-01
5.026763419372507480e-01
6.799231346404220888e-01
6.674198239161125423e-01
3.389150304860222285e-02
4.604367323231873810e-01
2.265457698106497775e-01
3.681005332275827380e-01
2.725251493131323199e-01
-1.386719814883282664e-01
6.007549432880116003e-01
3.738326515963402707e-01
2.700225233127582225e-01
-2.403102738047359077e-01
-2.110202448126635710e-01
-2.341560176637161872e-01
1.996468341340009722e-01
-2.974069860771576534e-01
-1.251593758850755300e-03
-2.336893826036157140e-02
-3.848707819683898634e-01
-2.875982127921322684e-01
2.663457935431671197e-01
3.732196011489087306e-01
8.377720644335062694e-03
-3.578619672955796194e-02
5.181498425316860557e-01
-1.322242677017763102e-01
2.551354429362352461e-01
4.306123559676725554e-01
4.736278945264343898e-01
5.261509585137883471e-01
5.520919619218532803e-01
6.191268351904130052e-01
6.063627952912732377e-01
3.956317177152662845e-01
6.087161660929650830e-01
6.572307278048320489e-01
7.686480542478856259e-01
6.699793559236618679e-01
6.141898431957645288e-01
6.039860849203283477e-01
6.928728103290123785e-01
4.365090249857511706e-01
5.210800365141109447e-01
4.658244097970366537e-01
-2.072986470693276573e-01
8.882813494921271147e-02
4.996872736443328522e-01
6.238343559076789946e-01
6.695828677879159807e-01
7.354459350260015293e-01
7.785729230079806440e-01
6.497418878751642923e-01
6.345024352444662563e-01
3.959260927141409203e-01
6.087606321779998053e-01
6.367418776296299709e-01
8.219553359146637428e-01
6.724704341927726370e-01
7.509003064404901062e-01
5.884977557298641804e-01
5.859466487848782323e-01
6.471637590367113058e-01
6.598794784752902709e-01
-4.728722022698877980e-01
-6.956582173311093298e-01
-5.009421266243213600e-01
-5.146000917634716565e-01
-2.345125213969055933e-01
-3.279757988060321150e-01
-1.587132400331197069e-01
2.690400552970095838e-02
7.945423880598134758e-02
-3.007295263938571939e-01
3.428419129986581826e-01
1.100789834778060916e-01
1.910172043694957633e-01
4.171304069005797865e-01
6.060688273137592175e-01
6.035177576210851713e-01
3.207827734452185497e-01
6.696480826941401121e-01
8.298388851293944102e-01
7.154537350551845032e-01
6.216918895719977245e-01
6.598664209087311550e-01
7.080809030099858292e-01
3.958042483803642098e-01
5.262216402780449664e-01
6.521448348225945546e-01
3.656115800116969128e-01
7.889455475429510978e-01
-7.363108998275182948e-01
-8.630645468080966332e-01
5.174339139455516046e-01
5.674053593271880525e-01
-1.010843202093787419e+00
6.029548983183080635e-01
3.429151895127625638e-01
4.814126952828493566e-01
-1.855281928136023772e+00
-2.264468099283730496e+00
-1.406254854044499902e+00
-6.008010347190123612e-01
-1.116961986947549335e+00
-2.846767534661189814e-01
-2.911599419239790931e-01
-1.306976183100760691e+00
-7.819998036997976021e-01
-4.707495075722228917e-01
-3.552976760533824718e-01
-1.661592670052134402e+00
-9.848119450836456679e-01
-1.788604192465738096e-01
-5.231065073452390024e-02
-2.677236043446550307e-01
1.993991072111824803e-01
3.539060672205647240e-01
5.750415234353339899e-01
6.440709485220043051e-01
6.113694368979768479e-01
7.889368315977344226e-01
4.473089293308062375e-01
4.091930416141870142e-01
8.066380102304245847e-01
6.775210976216913261e-01
3.544680758039366886e-01
6.568901853772427524e-01
6.849624630731040442e-01
1.617113581555553736e-01
7.380823887924584659e-01
5.651137180649722369e-01
7.659682225384784049e-01
6.927768362802543267e-01
-4.489603020813838219e-01
3.898759453110570705e-01
3.513983302198537828e-01
3.955083058385066019e-01
-3.039060873365821980e-01
1.131666450517953004e-01
1.613468901464005789e-01
2.724281532280352636e-01
6.059839766661762051e-01
3.873977551563457800e-01
2.611604993563414467e-01
4.362030940857587469e-01
1.193955959074688433e-01
-1.130556574685599447e-01
1.522976372245046228e-01
-7.847015934851919727e-01
-1.881070283674178834e-01
-4.972948786894846318e-01
-5.212501767110699902e-02
4.384402440257911815e-01
-4.391622495541366300e-01
-8.417601394066154263e-02
4.851664041574998976e-02
7.120199818913576228e-01
2.751942077567491873e-01
6.564504558960942981e-01
1.129943374802978351e+00
-8.077863558115971898e-02
-2.582462383690780072e-01
-1.776382430283018898e-02
3.114745333074943057e-01
-1.489141040503314528e-01
4.888426652851473042e-01
5.801269577933464427e-01
3.870944634799949879e-01
6.211079558906541509e-01
2.981894089887880961e-01
5.077385263663397597e-01
6.443455495567677049e-01
-3.742415790860006419e-01
-2.007378605028643737e+00
-1.299029017561373900e-01
5.975569482304777802e-01
-3.906516595794606861e-02
3.318139663775927506e-01
-3.899173910483644256e-02
-2.841168528124899950e-01
-5.382230875055468156e-01
-1.184776001774203724e+00
-1.855976134404469402e+00
-1.356780532151824703e+00
-9.679755706600975396e-01
-6.415962875892726736e-01
-8.632398873239592874e-01
-1.200508943998679356e-01
1.249188053765090123e-01
2.664550240098177980e-01
2.407527879366198054e-01
3.037994902033845923e-01
-1.681590893189530700e-01
-1.126280303172618069e+00
-1.399813129428437719e+00
-1.210954082763751938e+00
-4.978977401767271660e-01
-2.180920496261223862e-01
-6.514486725264270195e-01
-3.786450672457349897e-01
1.877452625179150125e-01
4.008783373906831260e-01
-5.173137403412442215e-02
1.702974382520514585e-01
-1.089999259019160949e+00
-1.424658950344296349e-01
-1.161978382859579773e-01
3.979273884229007630e-01
-2.842626950304191213e-01
1.249877420750820090e-01
2.779493781429277499e-01
2.495187618309381294e-01
6.899403426105862325e-01
2.264143810079837227e-01
5.806464971014746457e-02
7.328555161679471963e-01
9.850686790304156171e-01
4.445108253203101656e-01
5.469603947517783782e-01
-2.325311586855727253e-02
6.109522191685182735e-01
-3.407303834183510460e-01
6.116542883393272234e-02
8.258698219930160622e-02
-4.866260621291462751e-01
-5.964563341279480735e-01
-1.717116676047358848e-02
-5.759610329307328636e-01
-8.458363206728048977e-01
-1.017569109572375563e+00
-1.392981427577387743e-01
-1.000841811157022310e+00
-8.154777203807942465e-01
-8.765931623290812436e-01
-6.103435289992995560e-01
-1.093572255598616927e+00
-2.778701563986413214e-01
-7.814470783937821352e-03
1.370224010530611825e-01
-1.135866374189172578e+00
6.374170001436640920e-02
-4.563577975828561062e-01
3.372292335760175286e-01
4.468064550702478543e-01
-5.793338009337822836e-02
3.569452695028889622e-01
2.840915346759839144e-01
6.392816586059707484e-01
6.877305454864627299e-01
6.522825046174928199e-01
1.347165196676796128e-01
4.710233443769390460e-01
3.969771921141929116e-02
-6.716035261272990109e-01
-1.197697644552891294e+00
-1.811499726208522176e+00
-1.204718397397344098e+00
-2.302241923854781547e+00
-4.027516277680580625e-01
-2.409985180903658986e+00
-1.185595534123970118e+00
-5.969887627427187260e-01
-8.360334044256121366e-01
-4.430794377631639414e-01
2.575447844351971272e-01
1.190940309063388547e-01
4.707121775088697335e-01
2.727933119261772843e-01
2.984309983927653231e-01
2.089267292011427468e-01
-1.353682276006141771e-01
1.879688350946862041e-01
4.360544959311397628e-01
5.077909869104041407e-01
5.313810279111700341e-01
3.457631225433506206e-01
-1.935046274042611536e+00
-9.614608899273561216e-01
-5.288565799757801722e-01
-2.229361015341956964e+00
-6.076745562433870651e-01
-4.195685713013360685e-01
-1.686400054288109684e-01
3.174279394876132754e-01
4.386908012418179181e-01
-4.288266792799994009e-01
2.028343606770490748e-01
1.784452850256967871e-02
2.581120843151251121e-01
4.907364104011069372e-02
5.190981758306112415e-02
-4.852642584708644069e-02
2.262328477338123589e-01
5.179654240732035619e-01
1.938835589441785245e-01
5.700209751935166880e-01
6.113049063717755915e-01
2.552133406895948919e-01
4.199885885578592548e-01
2.262517369257870392e-01
4.572357673698291824e-01
-9.981400030475306995e-02
3.486633037356365872e-01
4.945977915048028750e-01
-6.646856336256257158e-01
-1.425580637615289081e-01
5.143468846902887748e-02
-5.009022958459522501e-01
-3.144680253970701944e-01
4.113741654139407844e-01
4.920112619671296317e-01
-7.705296226708042706e-01
-1.324194379027274771e-01
3.706605135335833134e-01
1.821869086720354636e-01
5.545355263350201236e-01
3.180110738914431190e-01
2.496211482968651030e-01
-1.386030394863115855e-01
5.726615623457868010e-01
1.341360303502663331e+00
4.041263035147868443e-02
1.378685299257204067e-01
6.242200148493205480e-01
5.755963000306835164e-01
5.961455760143262728e-01
6.012265035321792128e-01
7.637235724288170546e-01
6.370882762437902747e-01
-7.366469279291598671e-02
-4.696255111822612571e-01
5.807518733501260133e-02
4.199758175751809874e-01
4.281337436588962264e-01
6.216410959698658312e-01
-1.024780105281630771e-02
5.052715947378932926e-01
6.651014302627394903e-01
3.241787178502196776e-01
5.055924842692506305e-01
5.578387519641992975e-01
1.470541150819612009e-01
1.469359288195462021e-01
1.825416286575871627e-01
5.210740163278305692e-01
-6.131772647870654680e-01
3.149832019608818090e-01
4.974470196942447631e-01
3.406359956957890622e-01
3.929512813369276936e-01
2.382394524931885638e-02
-9.671280683646256149e-01
-1.981923499262137067e-01
3.032254514454474359e-01
5.438459850560849462e-01
-2.908044884130043251e-01
1.371095578125833825e-01
1.312939934688341914e-01
5.809253210962017633e-02
-1.513888268372385326e+00
-1.139812676860006757e+00
-1.330833425873985121e-01
-1.393018637095350121e-01
2.287789741487238349e-01
2.548658796102165613e-01
5.123778932295143251e-01
2.951646133192314947e-01
1.132491403927767815e-01
-4.186812843838615406e-01
-1.610015387346098947e+00
-9.731041805219442509e-02
-1.163663699607451196e-01
-1.716998711841801750e-01
-1.302851881920096710e+00
-1.258900705450775703e+00
-1.520144316151584185e+00
-9.510482285453319973e-01
-6.243426148643029805e-01
2.944930252174329244e-01
-9.050591815967745646e-02
-4.697872559253292168e-01
-9.971449181188217770e-01
-1.064218887401058744e+00
-1.786537597836128644e-01
1.338627644386241045e-01
6.740991851603103102e-01
6.335886435187206844e-01
4.468595134021159376e-01
4.708476603048229459e-01
1.470908664961945167e-02
4.334901568575345587e-01
-3.814010934566897104e-01
-2.941920508482774865e-01
-2.210117144897584263e-01
1.431440866897037978e-02
5.204827599747291478e-01
2.608139016466759497e-01
-4.800688495300591274e-01
-1.097579344393009304e-01
4.116206462874983929e-01
5.981717809580381351e-01
7.710990506070264372e-01
8.762493106391576747e-01
7.080859656679213687e-01
7.082476180620390638e-01
5.394551703992723768e-01
4.946335934948097313e-01
7.049991632067978964e-01
6.872923574824555404e-01
4.387847560820540282e-01
-1.047116061409009369e+00
-1.487416300501955391e+00
-1.014663283045003528e+00
-1.018038811828949175e+00
-1.830016618842318366e+00
-1.312944165753911374e+00
-4.264854690908563839e-01
-1.178633102510245001e+00
-7.269981479761618015e-01
-7.576605992735629957e-01
-8.732599548838019254e-01
-1.939590864465686515e+00
-1.424193551089724341e+00
-4.094831883910969861e-01
-4.532684690329554789e-01
-1.165082224679058198e-01
-1.093546073734893209e+00
-6.825596416878106920e-01
4.384759362784040881e-03
-7.155555378638311925e-02
1.934203207854919837e-01
3.288823570161054644e-01
-2.326767666616313956e-02
-1.755014810852169482e+00
-3.687996730208957796e-01
1.064502534267375289e-01
2.518669216281864687e-01
-1.488654792512137393e-01
-2.376110342778109397e-01
3.316362840406033019e-01
-4.595478309027600794e-01
-8.407375495006963462e-02
3.952819751255295389e-01
2.709414934610621106e-02
2.722641195590790320e-01
6.366044973770798032e-01
3.928779715776614667e-01
5.340804029798179586e-01
5.574032788880126654e-01
5.549340495578208854e-01
7.636873076653111214e-01
1.408889230877367060e-01
-1.033672234264642276e+00
-3.482736346844192976e-01
-3.643773048583032192e-02
4.114000209198692692e-01
1.554712088678724680e-01
-5.486998736512974650e-01
-3.616932798995921017e-01
5.228722129033530619e-01
3.609688791826992649e-02
5.670904455190753923e-01
5.493659843849424407e-01
-1.551451889949265750e-01
5.073909549456486756e-01
4.009171303342310422e-01
6.948532312949154965e-01
8.476422283222929677e-01
8.918094586837194138e-01
6.115925063363810699e-01
6.471112201877057268e-01
7.053915582738840007e-01
4.420336445389213553e-01
-2.288101181705404219e-02
-1.465589437460419253e+00
-9.002981633349328439e-01
2.167865467715061056e-01
4.275630782551599340e-01
-1.513848172358532640e+00
-6.655286757489223826e-01
-5.320016698737536354e-01
-1.785447397621158228e-01
2.404191469455720931e-01
3.205255323716118543e-01
-1.572545123779294229e+00
-1.845815848345954802e+00
-3.756639570975833786e-01
-1.417985570876999057e+00
-5.422118731671864422e-01
-1.236623751848576980e+00
-2.143375712391125010e+00
-7.378355247617258694e-01
-4.776526780035285080e-01
-1.070831905722421817e+00
-3.014705907982215827e-01
7.919718381493057180e-02
-6.174388974679301256e-02
-5.519183945908130440e-01
-7.122694281574570851e-02
2.999359413547708630e-02
-1.537460328127032927e+00
-6.379722099136516666e-01
-3.990152850720755096e-01
-5.044065962771456801e-01
2.022648472889614357e-01
-6.377262090209033785e-01
-1.827089152708594622e+00
-7.441927734766586866e-01
-1.787348271338278227e-01
-5.385234809611774143e-01
-1.327709146917581684e-01
2.200518446435593134e-01
-1.145862959057761366e+00
-1.106965554374586880e+00
-2.067362975840858486e-02
4.460295326914406333e-01
3.286991095469981028e-01
1.908783119973107567e-01
-1.683835301847442789e-01
-9.303207168310505537e-01
-7.372274345549950647e-01
-3.654966986975749510e-02
1.128344911205187984e-01
2.519115775772947652e-01
4.249591958667046088e-01
-3.478127415415203094e-01
-1.096962487630621652e-01
3.648724938948330054e-01
2.752190888966542515e-01
4.412109552736923623e-01
2.807284674224050924e-01
2.082931702285831799e-01
-4.155980234640863635e-01
-1.808784633210667181e+00
-1.564368619284157491e+00
-4.878518866743349891e-01
2.571603572149350203e-01
1.351990175594397492e-03
-7.916316235857332462e-01
-7.746759099263156312e-01
-3.115632449992034037e-01
-5.149362310232690199e-01
2.369022299237240059e-01
4.164790894471420701e-01
-2.381238832173148134e-01
1.962002005588180387e-01
-1.010800372429800031e+00
-1.296644531965321923e-01
-2.777463094245025133e-01
-8.799187147679797816e-01
1.217242756217542521e-01
-2.875068109664684624e-01
4.463860738901254122e-01
4.838670830336223583e-01
6.313122733314603385e-01
1.255491579967378257e-01
-4.100783267767638129e-03
-1.073594219065386657e+00
-2.377403701201902253e-01
9.153015302949152332e-02
2.433024844347699833e-01
3.176142389912625097e-01
7.925816463255119793e-02
4.164884836144887581e-01
-2.406721467461560238e+00
-1.499895213976289110e+00
-1.871675548589472715e+00
-1.692552267968657986e+00
-1.322267738812043625e+00
-8.090918555409033486e-01
-9.476842734901261833e-01
-1.966609657721067439e+00
-8.192538267696337639e-01
-8.326043080462249835e-01
-8.461316208131828276e-01
-1.374882090442781202e+00
-9.742913809544158088e-01
-1.255662773627543860e+00
-1.204493088160852210e+00
-1.636026522832074725e+00
-4.433173612854209855e-01
-8.164297717137225519e-03
5.224601517897417002e-01
3.455376331596063944e-01
-4.629915884142126181e-01
4.248510119541359931e-02
2.087219376513754776e-01
1.703820443087521452e-01
1.673248668646230009e-01
2.697749378275493548e-02
2.230234169907477915e-01
-6.470494565787321406e-02
-1.397457731503126688e-03
2.606667965490263583e-01
-2.875603960872562537e-01
-1.543349631130971122e+00
-2.015350135701295731e+00
-1.469932706535049594e+00
-1.758267438810313887e+00
-1.178914009157927101e+00
-1.037821568095905533e+00
-6.551111408190571916e-01
-1.223818402590783894e+00
-9.609183232595250868e-01
-3.754371999573675733e-01
-4.160157793318447483e-01
-1.178495484022628936e+00
-9.642967437747728132e-01
-7.918964279103080095e-01
-2.697959194607923994e-02
-2.112182761881610249e-01
1.189601920401158752e-01
-1.715596929438026885e-01
1.252061340325484329e-01
1.010277341823013764e-01
-7.467517171363703410e-01
-1.487865861006644197e-01
-1.066306117812780840e-01
1.341396240777250615e-01
-1.616737252097024680e-01
2.723268718833218305e-01
-2.143006749904232677e-01
1.997326672263417535e-01
3.346496242106694607e-01
-1.064299289775900714e-01
1.820460775478366378e-01
2.752736296810475158e-01
2.667127954515757793e-01
-5.108310276177809861e-01
-3.008404093967068649e-01
2.066122359031108413e-02
2.836443743047424304e-01
4.438196458131834499e-01
5.155931313990943510e-01
9.194752230700575790e-02
4.438290553342302269e-01
9.191925616619389672e-02
6.083667312037311925e-01
5.103404450623757471e-01
2.737321009219639834e-02
4.656995171413925716e-01
1.254770408003776927e-01
-4.526925577725176009e-01
-2.942959817905840270e-01
-1.445710196019057259e+00
-1.954508664261260797e-01
-5.045594059803254483e-01
-1.720991496225713346e-01
-1.164206650549021171e-01
-3.278165783780697673e-01
-8.492260131487366914e-01
-5.762543388428363889e-01
-9.439717867625757597e-01
-6.825790280344179450e-02
-5.655414848859320331e-01
-7.122453197621680943e-02
2.835387610358369725e-01
2.981001251021817566e-01
2.896691345679285323e-01
3.597815187277116911e-01
3.237224955933079018e-01
2.496788281251350883e-01
2.868612680081500388e-01
5.388424253688445242e-01
5.363726056402179365e-01
6.112156136942209494e-01
6.773138260958365686e-01
4.576114422315357144e-01
-8.676528599637878258e-02
4.172788079239279080e-01
4.788941163718792859e-01
1.798087577300588880e-02
-1.673046085949059236e-02
-1.549257510012705952e-01
2.320481464443246988e-01
-4.492739546621614677e-01
-1.552824089281881204e-01
4.238270387249853943e-02
1.099885863655484242e-01
-8.558214654141540478e-01
-1.326190407024823159e-01
-5.208495723068506944e-02
3.287451546033980376e-01
3.034778799920478942e-01
4.224474641774155215e-01
3.624347389815829601e-01
4.786692824890738107e-01
3.651381091848678873e-01
2.810019417525883023e-01
-1.988923622750848885e-02
6.440958769799709493e-02
-8.694119809073891370e-01
-1.065856654937121784e-01
4.279286010541266672e-01
6.736756000438381964e-02
-4.394011675698693553e-01
5.254632420245580748e-01
2.748709686898826998e-01
5.022845203855698104e-01
4.440569429515358602e-01
4.840668506239339530e-01
9.521078502945246047e-02
2.783921228122959723e-01
-2.505165117787896412e-01
-1.749409091236322489e+00
-1.284450656548804748e+00
-4.740286126661004129e-01
5.140047217494447818e-02
-3.943935859289171564e-02
1.965396069424619752e-01
4.864560369018577912e-02
-1.815869220895423020e-01
-3.817961230497443070e-01
-5.524969686878289377e-02
1.372376212105262949e-01
1.402399681481973914e-01
-5.825973608518753011e-01
-9.066392225817361261e-01
5.452964035834195755e-02
-9.368127785691848786e-02
1.341722781789852492e-01
2.809058679800076064e-01
1.761330195562167411e-01
2.203338622125178281e-01
2.838805926380063571e-01
-1.738555321629974948e+00
-1.627665356744108616e+00
-1.484543896123088347e+00
-2.415832125210858328e-01
-3.314974757615383183e-01
-6.685879271683621283e-01
1.067752785244595604e-01
2.606228210973804416e-01
1.969341892964489027e-01
-1.099980352046614485e-03
-9.344410155707894017e-02
-2.407447607624545460e-01
2.693398728316175328e-01
8.556531610067708016e-02
-4.223711459977093075e-01
2.045676897268566830e-02
-4.257961442841965427e-01
-7.093924384181764520e-01
2.831282793134253239e-01
-6.171238649560357725e-01
-5.281253499902820447e-01
-1.687505337572339226e-01
-1.661738864222195300e+00
-8.533107960768004929e-01
-4.536435040275818009e-01
-9.413387138751549976e-02
-1.914265671640262845e-01
8.542621651028370344e-02
7.028655224979152294e-02
2.807762133063606003e-01
-4.801093334502427590e-01
-3.581352691071604255e-01
3.300767497835366271e-02
3.624690791591422823e-02
5.256501239814662663e-01
-2.275160235641157103e-01
-4.463377357910828236e-01
1.249258139323916605e-01
1.967405693576456116e-01
4.115556374491052827e-01
3.623926575722026255e-01
2.203776481463254333e-01
4.547272298185310868e-01
4.972457813563685436e-01
6.519764426570932025e-01
4.281705782275858629e-01
2.669068660231210810e-01
5.365554221903124921e-01
5.079031504238363803e-01
5.104910863448718361e-01
-2.293950625691376644e-02
4.760952523651699186e-01
2.896910447793425991e-01
3.928829283023721475e-01
3.626314953184792689e-01
2.754719032782068089e-01
5.394459742690038695e-03
3.264029358369288092e-01
4.280121006511828918e-01
1.703727860046744258e-01
4.762173876774175030e-01
-7.715117318602870977e-02
1.041359412401773321e-01
2.204236518530842126e-01
-1.321011397458378145e-01
3.569518353916829589e-01
4.388527553298285921e-01
3.038941912397217227e-01
3.979162110557808996e-01
-6.784969356602221779e-02
-7.745855722091710138e-02
1.489337583430002665e-01
-2.015671728384791361e-01
-1.252382745829216271e+00
-4.569500776549456633e-01
1.243878284274548829e-01
-1.819392236428574172e-03
-1.564313657412162106e+00
-1.495298039902095422e-01
2.488502045135693175e-01
-9.694769497695310267e-02
1.877713321563045934e-01
2.607713656531479574e-01
9.473942255248446465e-02
3.455883272933137906e-01
-6.819642865121920972e-01
-6.890244635116318239e-01
7.924830304907426459e-02
1.037339577621709807e-01
3.287026694040631192e-01
2.809792985102483875e-01
-2.974385733783904140e-01
1.612130214216390689e-01
2.550762173826812695e-01
-7.843979850518397745e-01
-1.638677159732985000e+00
-1.100436545089585660e+00
1.366475895563157295e-01
-5.850985337980374457e-02
-5.197123175494855474e-02
2.377959738244266319e-01
3.346176698574241382e-01
-9.338738187741824071e-02
-1.229655596083778946e+00
-5.181216036628346622e-01
-1.915742368982643606e-01
-1.296685815874066616e+00
-8.769592520901392518e-02
1.460721310663558592e-01
-1.848293529928723977e-01
1.580973260196075758e-01
-1.706479305639985178e-02
4.575400637236826107e-02
3.899350992819506923e-01
9.509542222547218149e-02
2.811173747892551367e-01
-1.386432536942218130e-01
2.495124626537269519e-01
-2.939388569685252861e-02
1.703239259445822329e-01
-7.416857763977402485e-02
2.708290833562132516e-02
8.889600548843012984e-02
-5.314075097662804836e-01
-1.027434820073791055e+00
-1.954635995813428284e+00
-8.872851681663089796e-01
-1.439479581454546686e+00
4.084926862673254888e-03
-5.865831648978343527e-01
-3.583605695158738058e-01
-2.311468502539661962e-01
-2.642760144789509935e-01
-5.553962471734897877e-01
5.777601933675591273e-02
1.370570301082199016e-01
5.494963433498811778e-02
-9.200256953149414940e-01
-2.542564511638246705e-01
2.367647449035659157e-02
-3.648332730167949123e-01
-1.771130511549130482e+00
-4.534775949531736350e-01
-1.231462501875888460e-01
-6.171296145309789205e-01
-2.943736257299189862e-01
-1.463105269568901523e+00
-1.252727814847177878e+00
-8.327822251410357257e-01
1.183905483128669944e-01
1.725681249061150613e-02
1.938078010247278327e-01
4.572783956002949290e-01
5.391032058271681970e-01
5.701483121412803667e-01
4.334483002971408760e-01
4.813384816783138342e-01
7.201263584450204869e-01
-3.542451741539942578e-01
-5.511773647647943974e-02
3.091579037779839112e-01
7.629614906577822930e-01
6.239064397557908537e-01
5.879217070812418067e-01
4.813172769786305816e-01
7.199651468763180739e-01
9.018369248221654866e-01
5.830522973170925161e-01
6.187406832083716113e-01
8.303725479944512600e-02
-3.174772073290627050e-01
5.776307014082970870e-02
-2.177596903639870130e-01
4.623819717629021886e-01
5.748236107841236953e-01
4.997493736067709635e-01
2.438834708626368419e-01
6.135744903099383807e-01
5.702284381892500642e-01
5.104118072216189406e-01
1.194179211770920457e-01
2.465507637139886521e-01
4.332822510719186448e-01
-2.074932547721044518e-01
3.205295774352256988e-01
2.115778898024953669e-01
3.262178348330805333e-01
5.129837840367176272e-01
5.676253226505753036e-01
-9.937281084321225588e-01
-1.077405664378565664e+00
-2.479949601271894677e-01
-1.093705039134335255e+00
-7.168936422261784625e-01
2.020493983955867767e-01
-2.277706225574973598e-01
1.491604750391257728e-01
4.276939282245141305e-01
4.546711133330202381e-01
4.998000726680397188e-01
7.351651745198847232e-01
6.238876506010163636e-01
1.006587164722320349e+00
4.252151904491169310e-01
-1.080238564593744233e+00
-4.670947422467626176e-01
3.170708295634758755e-01
3.230057897827727231e-01
3.868159905046578695e-01
3.120842499155089822e-01
5.127336615372329875e-01
4.972673853934806987e-01
5.571688609594210861e-01
-4.853263337858726434e-02
-6.991719417233414058e-01
3.584119309841016232e-02
5.305579244226238389e-01
3.484152533011165565e-01
6.235436103382022699e-01
5.697717577931743493e-01
5.698523173463810876e-01
2.086994841878595519e-01
5.025024725318957275e-01
4.200534777054075741e-01
4.250962979331281977e-01
6.466604308115025956e-01
3.176698359611502820e-01
1.281968481102503388e-01
1.905877769358392815e-01
9.677890428156606939e-01
1.006195399108158028e+00
1.050696751378850102e+00
9.715623971757944011e-01
4.927381379641427861e-01
6.703496505771314729e-01
2.004024542841165157e-01
6.596983979733180847e-01
5.106656565394173120e-01
7.939956187230899909e-01
6.825006604920839104e-01
8.348403286396178791e-01
8.763135001907792487e-01
-4.286051206684089454e-01
6.288705281442031891e-01
3.209427131230645491e-01
2.583849966822512334e-01
3.946923103501309704e-02
2.201401681625807516e-01
3.400370275885284954e-01
1.820989789555823579e-01
-1.746925447270543108e-01
-1.096796532224910692e-01
3.732549159490644586e-01
-1.911775754979063269e+00
-1.054655482572267822e+00
-3.183988887378709220e-01
-2.182319502901630681e-01
-7.782676662656184963e-02
4.006503995548412744e-01
3.234233410388455132e-01
3.677621323950207577e-01
-1.567159930398272616e+00
-1.461798642013794058e-01
-5.216176440253645907e-01
-5.182233758277493552e-01
6.058785530804511321e-02
3.947915941728804556e-01
5.075214830996205295e-01
1.374390867730369559e-01
-1.000331148662254588e-01
-1.053836229555753956e+00
-4.055985864824013243e-01
3.600030998996550657e-02
-1.293108210043871775e-01
7.932876231380248111e-02
2.692665593122660628e-01
3.843722121627944910e-01
3.705946865796466705e-01
-1.520297784609387914e-01
-7.627863030266301969e-03
-8.797467775190882522e-01
1.427725865516851211e-01
2.461319289002299460e-01
-4.733290787402014699e-01
-8.085482990742558496e-01
6.689364755761151304e-02
1.309755057262840250e-01
9.781359161521274714e-02
-9.803184796621947639e-01
-1.080424210232127091e+00
2.285954276059107837e-01
2.779708460754233279e-01
-9.436156496180510000e-01
-5.387046734330018793e-01
1.095605553054516124e-01
1.038561580806770523e-01
4.651891089700966875e-01
2.378229013286299320e-01
-8.691543850434774177e-01
-4.260338059912283093e-02
-2.078481546011939907e-01
-3.276933528992712619e-01
-1.142894945556482966e+00
-1.232126124354365748e-01
-1.295820633231096197e-01
2.946191682248677779e-01
2.920921702930244779e-01
4.139039089382846592e-01
7.043696846269732470e-01
2.809130636286629734e-01
6.541134615678633191e-01
5.621240682769778063e-01
4.415275762718967600e-01
5.959825808579325424e-01
1.012192391685078352e+00
-2.398847717050855977e-01
4.547180009839696391e-01
-9.062928892339917608e-01
2.053493114596349756e-01
-2.911341140726065868e-01
4.328143843012389747e-01
6.434050012931791240e-02
-6.444451862142770437e-01
2.669789741268846495e-02
-1.258300919986881095e-01
-1.944729041459402064e-01
2.202487443908439646e-01
-2.440885247901793953e-01
6.236352580797045464e-01
6.267515388558441147e-01
-4.216826340800702289e-01
-6.819707856510649480e-01
-1.444924584686404057e+00
-1.126576275596024246e+00
-5.729650546895458385e-01
-9.641944019756848450e-01
-5.239328030325229868e-02
5.770570908477723471e-02
2.720329399839153117e-01
2.493913843493111848e-01
-1.646396959374132329e-01
-4.155899049064465389e-01
1.190440141759477877e-01
1.221485393982161272e-01
-3.985407860405445479e-01
2.836748680996080685e-01
-2.540135015322224632e-01
3.456054863686989220e-01
-2.002117121446733705e-02
2.839707541232745491e-01
-3.142079013003548082e-01
-6.547251372834425043e-01
-1.358434874382976609e-01
8.258246478239461563e-02
1.432620728762952211e-01
2.203625727474443075e-01
7.048011965031412140e-01
5.440714246171381996e-01
6.086038818430489217e-01
4.442517883505391341e-01
6.061559902150867041e-01
3.683117199248472362e-01
3.376019772694658361e-01
3.264531544907331995e-01
2.555030617347777699e-01
5.078289529886897968e-01
3.667106920907703405e-02
1.643354468231625898e-01
-1.239230970297512613e+00
-3.950627802777362252e-02
-9.371795106030239575e-01
-2.114341244961887023e-01
5.781136585960378049e-02
2.434129870073458157e-01
8.257344550135647943e-02
4.247939558769832091e-01
2.345738329040181203e-01
3.203378443384394814e-01
3.457197289229186898e-01
5.594543248045943384e-01
2.115032260300021560e-01
8.552470475928830584e-02
4.274940743550909028e-01
6.182005980790267197e-01
5.567518696477414819e-01
6.234791523180388539e-01
1.130818233657238103e-02
6.541206429542453238e-01
3.652447856141219917e-01
7.302929787111708260e-01
7.228106301580764503e-01
7.760633800264745696e-01
5.212195591892890834e-01
-3.406494145653129468e-01
-5.861058700609710348e-01
-2.676847715010395312e-01
-3.042507565592447172e-01
-2.371085665974859147e-02
1.519065803312867891e-01
3.204081212725764516e-01
6.669252593324875855e-01
6.723512060058628448e-01
7.712396162573310621e-01
4.230838373430337862e-01
2.267437498686396546e-01
4.173826996698358771e-01
4.389237663089308183e-01
5.287567049771652039e-01
1.763017457719158188e-01
6.237533533910696315e-01
3.264866111799287207e-01
2.841168152257075308e-01
3.983884636809414959e-01
-4.151594969054631656e-01
8.560008127206386597e-02
1.938696260849912534e-01
-5.414575762409226112e-01
1.728214639073462067e-01
-5.850934898882198532e-02
2.687561908064428629e-02
-5.655346633471169948e-01
1.219903367992782872e-01
2.665048807147639698e-01
4.171425368683229218e-01
3.682140950349207520e-01
2.146695812139384207e-01
-1.029780244994766836e-01
2.029222036658442363e-01
1.791867688742347919e-01
-4.906083818038929900e-01
-8.933964998249185330e-01
-7.234801046728756013e-01
-6.892502522290554490e-01
-4.601913561273108799e-01
-4.961513507410364454e-03
1.400844481069074554e-02
2.947979325330276623e-01
4.624504154664151878e-01
5.955693380695287198e-01
6.921735798973834841e-01
6.059275996930436614e-01
3.541714737946262126e-01
3.650791812793819924e-01
2.233034088225813729e-01
2.465353455730833199e-01
4.624379361716620673e-01
4.006640501627182216e-01
-4.855900242474420203e-02
4.944711548577510607e-01
4.573595082394360523e-01
6.363981338151648570e-01
7.200065701499031023e-01
4.415383195322687415e-01
1.940357745154241975e-01
4.360398253074856401e-01
2.897191963276720683e-01
5.130656148723536925e-01
3.984539623797075381e-01
6.765859018511433121e-02
1.134220516900102949e-01
1.585210967236244661e-01
1.102875741902781259e-01
-5.243896501066811489e-01
-4.157446919274786490e-01
-5.528806060835556035e-02
-2.013147184968808734e-01
-1.066580508315946307e-01
3.063831283057406596e-01
2.084123309737846430e-01
5.308856868237078475e-01
2.350518649969211005e-01
-1.713129504801718106e-01
7.033833543425749291e-02
-5.211557025360116224e-01
-6.858295198295545347e-01
-3.616783311233326970e-01
1.101655898223041774e-02
6.400723818614795224e-02
1.908940483897857421e-01
8.259884965068053919e-02
5.507742213522193175e-02
3.899105629939981776e-01
4.921141167140644646e-01
2.727010340896600660e-01
1.254279685952413015e-01
2.897360916999365266e-01
1.160905447558859827e-01
2.406484505599241208e-01
-4.731004715059815569e-01
-1.065261957335266185e-01
1.522053162841973117e-01
2.087142682474020239e-01
2.718803321888085822e-02
-4.256030442947542625e-01
3.897427368582905283e-01
1.466765702711556596e-01
5.857623084681430337e-01
5.079994951756862109e-01
6.166294829570856395e-01
5.987309444498253308e-01
4.632355789898688903e-01
4.013357749593430279e-01
4.738508572386658235e-01
4.763637815391023045e-01
4.281284100825329952e-01
-3.505438323642163567e+00
-3.506089356879344976e+00
-3.499511605094595801e+00
-3.503918791128608046e+00
-3.501137164065255103e+00
-3.503309375441441276e+00
-3.492929543958830152e+00
-3.500860754253894314e+00
-3.497968622156022445e+00
-3.486479940507392961e+00
-3.494789673687712650e+00
-3.474371097727459112e+00
-3.449132280035047238e+00
-3.465962159294641243e+00
-3.472907527992056931e+00
-3.497881861455238273e+00
-3.502505934232322371e+00
-3.494134446574230779e+00
-3.493151911523851183e+00
-3.491999207680392292e+00
-3.484973613669200887e+00
-3.475357575886427242e+00
-3.500736095791992852e+00
-3.501793691272818254e+00
-3.467614464751995307e+00
-3.498267875405401295e+00
-3.470798747223595715e+00
-3.468373868975840324e+00
-3.496245061152826406e+00
-3.441036290504775330e+00
-3.478837597226130729e+00
-3.502593082683083114e+00
-3.504817692404355700e+00
-3.502926259501608630e+00
-3.498811661336198142e+00
-3.501787108577013363e+00
-3.481616859212293580e+00
-3.472292812351573499e+00
-3.488337622598176591e+00
-3.484531634810548617e+00
-3.471384865087588700e+00
-3.491023130857707990e+00
-3.500153017557443125e+00
-3.500783195983846685e+00
-3.501045548656178674e+00
-3.501022089628401002e+00
-3.501646090634257025e+00
-3.500869496040616369e+00
-3.496534479779033422e+00
-3.490939553332221834e+00
-3.488441858669317774e+00
-3.494183902015990384e+00
-3.498420860639451568e+00
-3.494770733985222311e+00
-3.418551495098061999e+00
-3.376507277792444306e+00
-3.468258820665840236e+00
-3.496736119614008764e+00
-3.478714442065443890e+00
-3.487394037011981585e+00
-3.499617494009377605e+00
-3.500633801843812787e+00
-3.502409496135833855e+00
-3.502179093215624484e+00
-3.499953232377842394e+00
-3.478934402276531834e+00
-3.442344111273489382e+00
-3.493904837336240465e+00
-3.496383540611611718e+00
-3.457444398445200129e+00
-3.445614112611414370e+00
-3.424113245573117137e+00
-3.383951776116850052e+00
-3.374508470428109419e+00
-3.448702998915027962e+00
-3.446906444163683858e+00
-3.443233592350347649e+00
-3.458865129116602155e+00
-3.477808422264735633e+00
-3.494234493564229993e+00
-3.499987747403681571e+00
-3.485635294733232303e+00
-3.476246560054394141e+00
-3.443859433560972683e+00
-3.476181818270579260e+00
-3.466259462716705375e+00
-3.493013483685784237e+00
-3.495588931250569242e+00
-3.480458476182166194e+00
-3.498138142472403622e+00
-3.465476047622867206e+00
-3.495376993672481003e+00
-3.500499276491065626e+00
-3.472529799087166413e+00
-3.463912920866349943e+00
-3.471962246167379362e+00
-3.483485382264442709e+00
-3.468947435354970743e+00
-3.411524474697265497e+00
-3.449753411731812935e+00
-3.470918557534202087e+00
-3.492429377891582476e+00
-3.490839381240376849e+00
-3.501011318997460542e+00
-3.497618496949709943e+00
-3.495775380446551672e+00
-3.464032573857326991e+00
-3.498277436773623350e+00
-3.500648772620663429e+00
-3.502971230453041152e+00
-3.502680321516563389e+00
-3.493862632039987037e+00
-3.462954469632287591e+00
-3.427834846253255741e+00
-3.503834273712103542e+00
-3.499240633915593257e+00
-3.507296265097308297e+00
-3.507374823447985346e+00
-3.507347080666618933e+00
-3.507012516172899552e+00
-3.507174243159682181e+00
-3.506697503393764848e+00
-3.506817710570622193e+00
-3.503840063790996773e+00
-3.505778529009175415e+00
-3.507068364527114568e+00
-3.507082345913223431e+00
-3.506824541631909486e+00
-3.506872664907015213e+00
-3.506859414164461786e+00
-3.506022953770306039e+00
-3.506668539936953710e+00
-3.506485490694644547e+00
-3.505726025058172546e+00
-3.503780020688092023e+00
-3.502007100918886451e+00
-3.487371770476569210e+00
-3.500858684775440821e+00
-3.489450127277351932e+00
-3.486909649804798228e+00
-3.497551591957860584e+00
-3.505904590940365662e+00
-3.506258896610982667e+00
-3.506776136171064984e+00
-3.505795862515991068e+00
-3.506599299030196626e+00
-3.507002959207246029e+00
-3.506517183207951582e+00
-3.505244338592365061e+00
-3.503832518644958149e+00
-3.501072419004074732e+00
-3.500672379273144674e+00
-3.505392121830803731e+00
-3.503365252198827662e+00
-3.498470970697842741e+00
-3.500513914606380617e+00
-3.494611730437888308e+00
-3.479607535727148537e+00
-3.490251802047562357e+00
-3.497483150472779911e+00
-3.502715876698972330e+00
-3.498047563542050931e+00
-3.486638521642871247e+00
-3.486110183996690814e+00
-3.504837763194812439e+00
-3.505589259254301648e+00
-3.505544843510242092e+00
-3.502701162597531503e+00
-3.495493056584983549e+00
-3.505890660232831912e+00
-3.504810163279969970e+00
-3.505875876342688269e+00
-3.504598021443427136e+00
-3.505415865046443535e+00
-3.506046895338507330e+00
-3.506343326681458095e+00
-3.505134472383922173e+00
-3.506322843246299836e+00
-3.506216123371182380e+00
-3.506154597821533159e+00
-3.506343923619603231e+00
-3.506185249933464476e+00
-3.506047630510585655e+00
-3.505561479836427630e+00
-3.504975311211615985e+00
-3.498916278364136545e+00
-3.502468673314544034e+00
-3.493648605452913891e+00
-3.497303975686058664e+00
-3.494666345498086191e+00
-3.498666963854818235e+00
-3.499410006025387432e+00
-3.504233666422125193e+00
-3.500645719903686448e+00
-3.494997044240098827e+00
-3.493078554687769177e+00
-3.471715214436180919e+00
-3.488555541448927766e+00
-3.499643201048801000e+00
-3.490547755122151319e+00
-3.491541234548853900e+00
-3.481842277638587557e+00
-3.491339054229377403e+00
-3.496156740580299349e+00
-3.497095422916821850e+00
-3.494651544350549699e+00
-3.495558879261217111e+00
-3.491737276621176278e+00
-3.494933590739351281e+00
-3.488503978659488247e+00
-3.490481065718908926e+00
-3.488557816752224650e+00
-3.484199851630727096e+00
-3.450166005008232784e+00
-3.403669683153389691e+00
-3.329196064458419535e+00
-3.420049276438979824e+00
-3.422653151251720871e+00
-3.451665193861070957e+00
-3.473067576101969145e+00
-3.484734145364370761e+00
-3.487803931511681999e+00
-3.492995712007024522e+00
-3.488622092700788269e+00
-3.497070295165401355e+00
-3.493766024607999121e+00
-3.486760011113604119e+00
-3.490083809150879901e+00
-3.478686258256159736e+00
-3.480480137359320825e+00
-3.490384049767175423e+00
-3.488479925875069831e+00
-3.480743171046446260e+00
-3.473266254043698709e+00
-3.490528601462449920e+00
-3.453165411601296420e+00
-3.465801945851818111e+00
-3.482439711477872457e+00
-3.485003909293503455e+00
-3.463951697164606713e+00
-3.470900928252427242e+00
-3.471269477478888366e+00
-3.472593090294170626e+00
-3.475920763752541998e+00
-3.477861732512026016e+00
-3.476108436924100875e+00
-3.481085318102783877e+00
-3.478787791013852271e+00
-3.449911886658094673e+00
-3.459132550600307443e+00
-3.350101246080415152e+00
-3.408871878479793782e+00
-3.465953426575852703e+00
-3.485684232639187030e+00
-3.482913985814866997e+00
-3.487204715129564203e+00
-3.484670397145483989e+00
-3.456500124161389298e+00
-3.467470056793637401e+00
-3.487371498369381317e+00
-3.478893588447651286e+00
-3.459911745153249285e+00
-3.456044839619089259e+00
-3.397111435199909657e+00
-3.253232647622356755e+00
-3.138295717398241536e+00
-3.428017923075069362e+00
-3.476021561889727440e+00
-3.476327971138835515e+00
-3.440375983057654796e+00
-3.212293054231794898e+00
-3.507408615078385861e+00
-3.507411872029947197e+00
-3.507388642202015738e+00
-3.507375106633126904e+00
-3.507343719740621424e+00
-3.507306486944139934e+00
-3.507271297753783212e+00
-3.507201267399510325e+00
-3.507130313534738253e+00
-3.507100520635647367e+00
-3.507019084168359946e+00
-3.507027358125017091e+00
-3.506944518589092397e+00
-3.506789526212387820e+00
-3.498790044910132124e+00
-3.444909487486403687e+00
-3.359110265958390240e+00
-3.255899704269550110e+00
-3.101992483916344856e+00
-2.975169596634293256e+00
-2.734938546869969400e+00
-2.565890755317967731e+00
-2.545325789262947946e+00
-2.372419315841887588e+00
-2.340415912477228577e+00
-2.457536908175015355e+00
-2.550667474630979648e+00
-3.259868667959899824e+00
-3.357608273645762420e+00
-3.146718256337309505e+00
-2.805717254715483389e+00
-2.502041558114691533e+00
-2.138920182432353823e+00
-1.763271478888995603e+00
-1.821728585910717069e+00
-1.460136683028347537e+00
-1.447928990009655692e+00
-9.571425132828996762e-01
-8.489645743867516581e-01
-9.333859966673808684e-01
-1.109595700220514569e+00
-1.327777705340956516e+00
-1.569793113488921588e+00
-1.730651088194377518e+00
-2.171892500701344986e+00
-2.123532678788587535e+00
-1.909718764013951908e+00
-1.822182065627194092e+00
-2.031639580952605773e+00
-1.832643492217052916e+00
-1.511323331042601525e+00
-1.371893447182259695e+00
-1.010850320782172407e+00
-9.540836692583730683e-01
-9.471726685954614533e-01
-7.913801634737614998e-01
-7.812046513907000556e-01
-1.020718953409788465e+00
-5.451844636771173702e-01
-3.177809462536681506e-01
-2.807585063073221310e-01
-2.507584240178766244e-01
-2.241472504439904201e-01
-5.895486246357961591e-01
-1.945614934129219487e-01
-4.877124408278443735e-02
2.261073472212159485e-01
3.009502607851760603e-01
3.430852687400753886e-01
2.060916109542021424e-01
2.236452865801402679e-01
4.974723794605538929e-01
3.378577211179049078e-01
7.153618096538078008e-01
7.507249246578951984e-01
-3.888622632935323509e-03
8.296547689463623643e-01
6.620998944848522916e-01
6.519628489579175623e-01
6.342353313235337131e-01
9.659405328619211639e-01
1.139225567423518992e+00
1.079327278150837621e+00
1.381592370233379441e+00
1.631831235101555144e+00
1.207459985297218541e+00
1.645244912305859675e+00
1.051333691186918440e+00
6.728061475089363030e-01
6.039105352222150502e-01
6.598479966995013379e-01
8.374414908283808190e-01
5.729776269811287515e-01
9.366523532873590741e-01
9.103665380598963131e-01
1.316644178549073896e+00
1.045783373925988524e+00
9.373148554889062511e-01
4.289804263806401563e-01
-7.115886538534759165e-01
-3.396796966194694622e+00
-3.263428962631905073e+00
-3.190010175868495335e+00
-2.747390111776611299e+00
-1.750179056193809313e+00
-1.100799844303921082e+00
-1.004753621316327283e+00
-6.107353928755301364e-01
-4.501740028764704693e-01
-3.080100652248987103e-01
-3.952827617590337628e-02
-3.481741339171128269e-01
-2.178230388526903871e-01
-4.292804027392532751e-01
-1.717330631887442616e-01
-6.798472170813707471e-02
-2.542412154918395339e-01
-4.088654153470134833e-01
-2.344107894564771977e-01
1.401659283988270221e-01
1.700456839653760044e-01
1.440416871135197230e-02
1.642227009428105511e-01
1.879871206030431230e-01
4.520787277259962211e-01
5.492981995259850203e-01
6.899496628812641363e-01
7.355480973223703645e-01
5.779955011168259604e-01
6.723117852181647036e-01
8.632632481645218236e-01
8.017080222599443085e-01
7.078664505930717388e-01
6.140466270847574348e-01
6.699782515350208856e-01
7.332428098132705019e-01
7.206409109985624228e-01
6.700519729516322132e-01
8.428747348780992743e-01
6.421719575617662601e-01
8.069731404430867672e-01
8.531925591122627717e-01
8.947949184029321268e-01
6.803009656632058588e-01
6.346127661313026858e-01
8.454037307824703307e-01
-2.768507843223999565e-01
-5.207512583321676214e-01
-5.657355056812252148e-01
-1.916482414149736080e-01
-2.578966814769152460e-01
-9.396177253276605246e-02
1.992766185707309790e-01
1.036166860770650899e-01
4.809139954840374598e-01
3.786878307503463992e-01
6.058144512968687279e-01
8.605168263622547942e-01
9.311479235093754747e-01
9.553236780727224486e-01
3.986058338614092422e-01
4.684504149211067281e-01
-5.473611975702641352e-02
-5.926058157754491296e-01
-2.689688698155874746e+00
-2.433598269149225501e+00
-1.627930857874398285e+00
-1.758462352946333684e+00
-3.152704176513140499e+00
-2.686911238993972439e+00
-2.080723267812374377e+00
-1.541359298613808715e+00
-1.892265932689670471e+00
-1.952290300631190689e+00
-9.782157651011904598e-01
-8.703291603686085232e-01
-4.810939541181074031e-01
-2.283048490540021680e-01
-2.349121483257653464e-01
-6.825747099088708136e-01
-7.099887662304120717e-01
-2.613678161942835088e-01
1.002849656268941514e-01
2.227940683021211177e-01
3.369411694984150163e-01
3.923619483060379887e-01
4.114626042725167965e-01
4.465392929660788601e-01
4.864992562918258878e-01
1.760744015853056288e-01
1.998063167475300217e-01
-1.707558205504200455e-02
1.191454739170132449e-01
3.203964815928290744e-01
3.677040980813960358e-01
4.250571267647443863e-01
1.702813027182576988e-01
3.980893966707684806e-01
1.762604554924313005e-01
6.543337819582709658e-01
6.059703351926034598e-01
4.945789678062798567e-01
2.895340274122881752e-01
4.089470232930448867e-01
2.951222685968074577e-01
3.036120280474997601e-01
3.120415122944740771e-01
-1.463694790847587468e+00
-1.008086635998350244e+00
-1.387550085627901941e+00
-1.814478631849568480e+00
-1.201715575704749295e+00
-7.854517514632574082e-01
-5.152000435353146779e-01
-1.742110726147811928e+00
-7.683680890524110518e-01
-8.635962242590692339e-01
-1.538180212896282040e+00
-6.965920187701519772e-01
-4.503358512795917479e-01
-6.109134085177700957e-01
-6.382231723591411665e-01
-8.938565525279825730e-01
-6.964385338721099661e-01
-3.049188674748746219e-01
-7.442079190054892157e-01
-1.067603700525773913e+00
-1.405940971095104741e+00
-1.271942734774685446e+00
-1.325537983104410955e+00
-8.125469551891260078e-01
-1.644928765095003520e+00
-1.057939021569954896e+00
-1.246544640476919374e+00
-1.439550414077459983e+00
-3.319700996815966310e-01
3.779644831911613823e-01
2.572325668154040734e-01
5.435579167520067090e-01
5.490994394176810234e-01
6.743442447171538179e-01
-2.009806800159235074e-01
-7.844981570091172918e-01
-4.428238749625406090e-01
2.345378569383375078e-01
5.231311597423368154e-01
3.566830464307449988e-01
-6.853659040934168001e-01
-1.423104361967947318e-01
2.577162549677920467e-01
2.978583262172179724e-01
7.809555117612118069e-01
6.340441426305521988e-01
7.761382233965760102e-01
7.178707288144049459e-01
6.902598630466943996e-01
7.105230172552091661e-01
6.978347796583551643e-01
6.777081074140575145e-01
6.904861900212594383e-01
4.820111168269588520e-01
-5.374292193343305213e-01
-1.975109225780304900e-01
2.409393092866880526e-01
4.226118000787163487e-01
2.322233942050566657e-01
-6.303040733526725781e-01
-2.365448161246885395e+00
-3.223251891822187076e+00
-2.390143861211909471e+00
-2.292558471974168732e+00
-1.712063026978294378e+00
-7.821022838126215904e-01
-1.894575617506654819e+00
-1.366014512985863405e+00
-1.268683072031837611e+00
-1.133379172491529197e+00
-1.624822324669860096e+00
-5.662321015633990928e-01
-2.148523000552010620e-01
-2.746021347542093594e-01
1.668032431137683735e-01
4.383627034218463558e-01
3.399407778285572501e-01
5.673449622004299586e-01
1.282361823559563518e-01
-8.455406509998488751e-01
-1.978448948895961124e-01
-1.315390282088409801e+00
-1.749580912643045050e+00
-2.082554181684253436e+00
-5.627590953053298595e-01
-1.653103072881698221e+00
-6.856354249882612439e-02
3.000340956570820561e-01
5.227090768190844061e-01
4.595914558081181100e-01
3.342731593024104164e-01
2.979022629102829889e-01
-6.160476397254344150e-02
2.665057863390482007e-01
4.757261404774874025e-01
3.677188196881525650e-01
-5.622768999999574469e-01
-3.177062226115620058e-01
3.231253405112639587e-01
-2.742362418278133651e-01
-1.441891223631800889e+00
-6.137800926619521036e-01
-1.290478784527045342e+00
-1.982924989050450781e-01
1.397664188378641148e-01
8.264446181771664124e-01
4.085763732091322042e-01
-3.603150431430224288e-02
-6.273193246147610314e-01
-4.938333429183882073e-01
2.346167704791481956e-01
-3.278050645423867815e-01
-1.647211147301753442e+00
-2.746800028043887565e-01
-1.492946470966648453e-01
-1.087234535037701733e+00
-4.916832128344705843e-03
5.432005294774810977e-02
-9.069740493838778228e-01
-2.292361884999622568e+00
-2.627457769392481879e+00
-2.932075745691850255e+00
-2.312283709244166818e+00
-2.020057799823725908e+00
-2.141501364030904409e+00
-2.098947530030482067e+00
-2.041186045907592117e+00
-2.052884442107863361e+00
-1.971730054077396321e+00
-1.523332146353626904e+00
-1.850882337830367597e+00
-8.701387818589686463e-01
-1.123410492430512608e+00
-5.284528001257832175e-01
-4.534056721171330073e-01
-5.658762536489906347e-01
-8.561515887300481520e-01
-7.336194855348242561e-01
-1.077214135732290856e+00
-1.914469086920474350e+00
-8.054769114536561858e-01
-1.155950572054649239e+00
-1.353220050167156518e+00
-9.340741497345876887e-01
-1.405676696582136564e+00
-1.274810655636267054e+00
-1.017715358208046483e+00
-9.725398998737555534e-02
4.437790829797579883e-01
3.814556230511844115e-01
8.896713161071678755e-02
9.510131336621019393e-02
-5.037055770078608941e-01
-7.126828266149266566e-01
-5.553664349454181526e-01
-8.492088512112633270e-01
-8.221728517508855028e-01
-3.649431922136268103e-01
-2.177564858168613560e-01
-2.342063749671050576e-01
-6.203694165424896712e-01
-5.246706427831551167e-01
-3.308579774418554997e+00
-3.337811853578903420e+00
-3.277979567560113772e+00
-3.202708960256887671e+00
-3.106257820182965812e+00
