1.803020042106169285e-01
2.159939870821583341e-01
-1.726898215498851030e-01
-3.961572087417319921e-02
2.037208829658525566e-01
6.818187664835750894e-02
-2.500389984348063699e-01
4.286382032128033259e-02
-2.198447218649230983e-01
2.094893308860359404e-01
-7.369244608064204893e-01
-6.712361647623026339e-01
-3.617373580450937709e-01
5.994125906435954221e-02
-2.458280612269452270e-01
-6.457353012891342559e-02
1.758508877191715669e-01
2.453221853600546787e-01
2.650463760907886268e-01
6.939617743087995727e-01
6.816513727871753581e-01
6.278322921319943184e-01
9.040708226320046670e-01
9.286790727307816518e-01
8.866114613660416310e-01
7.576675859054957662e-01
9.196451743044180560e-01
4.624256403033877305e-01
2.791269309529944564e-01
1.545851212450113366e-01
2.024030704442152384e-01
5.634218146352529821e-01
4.206636361048277095e-01
5.112822656991293790e-01
4.277563236758417098e-01
2.141694646166896199e-01
5.772836150490272544e-01
4.307260086527922027e-01
3.605960134021279906e-01
4.898930975630348961e-01
6.442425120755417289e-01
9.452901556760937574e-01
6.083015340839805773e-01
2.589906592719573020e-01
2.483356410216432941e-01
-8.649325577370969853e-03
4.304307119150490024e-01
6.242910734345259449e-01
5.628247429803607815e-01
4.321924472807596729e-01
2.883343333156909161e-01
2.784083928416034581e-01
-1.025639185456119762e-01
2.453633622424646887e-01
1.018600842168022602e-01
2.235344565176640153e-01
3.046591325735872324e-01
1.807634315849471207e-02
7.310926157592656516e-01
4.556129277380329690e-01
5.558655319860608124e-01
-1.283313698417938298e-01
-9.316728336413326872e-02
-1.243884911898112122e-01
1.416116998579024511e-01
-1.706567577524005230e-01
-8.934528862033452867e-02
-4.594967003376897452e-01
-7.189231889104912288e-01
-4.372965562847981325e-01
-1.353307372128980113e-01
-6.486134729572883284e-01
-2.118014526603722025e-01
-1.640791719148881889e-01
3.768833433017162449e-01
-3.517348209157233896e-01
7.654799412538748626e-02
4.684707401792507220e-01
8.124254149926399826e-01
5.478739748103800267e-01
6.357657451049942843e-01
7.906757877128951506e-01
9.229731317185483341e-01
4.910779181835880358e-01
8.706130694311013940e-01
1.028990657716778223e+00
1.197814309006739908e+00
1.193170702877723421e+00
1.124043294565193474e+00
1.188038023790030984e+00
1.216806893455368410e+00
1.028258473586975530e+00
7.810856116803233107e-01
7.795988401503879395e-01
1.526201476929802681e-01
2.157086862094668156e-01
5.167358360070144485e-01
6.300622910761664031e-01
7.461866691297212029e-01
5.503953469228526352e-01
6.620925822902021807e-01
7.001049188498473796e-01
8.722449304714863239e-01
5.815760310892552631e-01
7.640694510054153454e-01
1.064345104451633439e+00
1.317163701267014098e+00
1.035673422920809106e+00
1.141147429074981456e+00
8.742948607692246910e-01
8.686356966595800699e-01
7.772638309701420667e-01
9.843268157477318425e-01
-1.293893377525816568e-01
-4.054283116485692950e-01
-4.447370941207142714e-01
-4.945466476685584922e-01
-3.693297123288101780e-01
-1.656478326846642091e-01
9.537650675352127294e-02
2.846335293826554036e-01
-2.031906905032343502e-01
-3.219652659605194422e-01
1.494916630690767967e-01
7.461001194998884145e-02
1.382956394127661248e-01
4.993872018845357807e-01
6.579820068403052780e-01
9.302128549433139604e-01
5.114443878839316504e-01
1.148422895210448491e+00
1.488509221329126220e+00
1.442056447194460134e+00
1.363329346215841120e+00
1.406105164411025399e+00
1.503101089111798849e+00
8.994887020655903953e-01
8.443951557638094130e-01
1.305844858947513565e+00
7.614781242102282022e-01
9.293793630939579664e-01
-1.105484629456647605e+00
-1.366442502811620052e+00
2.186603651940344228e-01
6.587178884003397350e-01
-1.321586498117025998e+00
4.754020486171297577e-01
2.198448928614746833e-01
5.734020044230612179e-01
-1.895571051419570274e+00
-2.286990519149027623e+00
-1.383626793576220759e+00
-1.067806212332790938e+00
-1.814409098465367576e+00
-1.672544560566435523e+00
-2.009060550833247305e+00
-1.802160911402972410e+00
-1.723572743389473860e+00
-1.545260012265279315e+00
-1.539048863454227867e+00
-2.440040387222676799e+00
-1.808476561925382420e+00
-5.355274264894140934e-01
-2.572487016338387278e-02
-2.312417357301717047e-01
7.710587470343899241e-02
7.137395835605619965e-01
5.286407302772238026e-01
9.353460251280143467e-01
1.114039559201731588e+00
1.145974962054914670e+00
1.067431015957289286e+00
4.787381994021537857e-01
1.504772127905649626e+00
1.269784894912195483e+00
1.105363596711957719e+00
1.226847671827788755e+00
1.478835869885281262e+00
8.518000487370822604e-01
1.182848952208613635e+00
7.245335281810056927e-01
1.502342671981027777e+00
1.373167847122521046e+00
1.458851939318934754e-01
8.569100195161443168e-01
8.174042771191341039e-01
9.713296521047753984e-01
2.019605486026709862e-01
6.573821988032486630e-01
4.722222373675029061e-01
6.921342697189096782e-01
1.090214255348351813e+00
8.255967161982833424e-01
4.384100379993425278e-01
6.109393516734678009e-01
9.890279076151609061e-02
3.530140893190703011e-02
7.712801190200391233e-02
-1.116024485379349507e+00
-1.139350531491380991e-01
-4.094739030615253128e-01
-1.007002213673788837e-01
9.037301086921445403e-02
-3.425214047521878413e-01
-6.992400284616580031e-01
2.123907222018628360e-02
-2.944937641878815349e-01
-2.017815051324443054e-01
-5.556164193162089759e-01
-1.040413291710421406e+00
-2.129755214695938204e+00
-1.206278460424872190e+00
-3.269871186942312491e-01
8.076681931919260649e-02
-6.290271054751039870e-02
2.978445376377463205e-01
3.954761977590366406e-01
2.670040462030089934e-01
4.744824349852563294e-01
5.615140677449610429e-01
8.035818521531030711e-01
9.950164248625230634e-01
-4.004983252107860991e-01
-1.683845171295911936e+00
-7.649450361388792086e-01
5.413291448352683943e-01
2.544120621650471925e-01
1.024849305834262037e+00
6.453470968666348284e-01
5.418585393828090346e-02
-9.763265567418866198e-02
-9.555354384618222063e-01
-1.857294085367892089e+00
-1.780588328204399051e+00
-1.158080485391802306e+00
-7.016929838994985236e-01
-4.859952790521511190e-01
-1.795957800949965488e-01
-2.061453960173333932e-01
4.491985509198892501e-02
4.293683354479540526e-01
4.507537189172401426e-01
-5.777534362268146317e-01
-1.539686894795867733e+00
-1.661418609108717082e+00
-1.404059743414223904e+00
-8.777347670679220837e-01
-2.789721829367275419e-01
-7.147034685551614253e-01
-1.561784943162356498e-01
4.351700288377213788e-01
6.978833258500158898e-01
1.079512189795952537e-01
5.288741368140956745e-01
-8.266271007070011834e-01
-1.239000981280309333e-01
4.224941072272221376e-01
4.513120748910082192e-01
-4.738072602437659597e-01
3.097710534668474125e-02
2.335290878117532998e-01
3.908186236073469821e-01
1.163581429982663895e+00
4.933069685686812811e-01
2.668697999622460237e-01
1.272744460237089204e+00
1.370882471388480184e+00
6.587248670021619290e-01
5.756378004886264499e-01
-1.260490224358519207e-01
7.006466382919662728e-01
-2.952561324972458046e-01
1.669751848939924344e-01
1.018463351013703111e-01
-2.183692079240620032e-01
-5.081095175476555426e-01
7.687739190242171006e-02
-5.760996573395313902e-01
-6.346186966219045100e-01
-8.771048300762112060e-01
-3.198686071891607696e-01
-7.247464569154042913e-01
-5.997188113600855353e-01
-7.903748220887130138e-01
-4.309689164665537753e-01
-8.189938792241460153e-01
-3.115840826190505730e-01
2.288251897503101873e-02
3.211767250057295797e-02
-1.286879741178801995e+00
-2.496729837471076685e-01
-6.048021940458809809e-01
4.572801354280056074e-01
7.237721413778732682e-01
1.204084506483971140e-02
3.798803542239821418e-01
2.705575521522600724e-01
8.265634335035927371e-01
8.747491511304605893e-01
9.790923260334798428e-01
5.060467635241208129e-01
7.942585088775011570e-01
5.604683292191214861e-03
-6.733898155637421112e-01
-1.440378006822124579e+00
-2.086540342731152631e+00
-1.390010918822534469e+00
-2.057356447054951687e+00
-1.547759423870052053e-01
-2.023381640388853153e+00
-1.584955707207588826e+00
-5.428013683071086781e-01
-4.942962831107715616e-01
-1.490585862851814269e-01
2.096701991616769511e-01
1.271666315250645773e-01
4.758586683365315650e-01
5.197885548740819317e-01
4.803069196137697006e-01
3.519993925865745332e-01
-3.439517897400401480e-02
2.542629697551386236e-01
5.741776560845579525e-01
8.863298557464416305e-01
1.599676392068504427e+00
2.537326269183015626e-02
-1.896019057597499113e+00
-4.986129051236396492e-01
-2.078117972957471693e-02
-2.237972727162527153e+00
-3.253273750274092713e-01
2.398780492971197553e-01
3.108129465490119259e-01
2.916935790022869845e-01
-2.359960419392126418e-01
-2.651979569868334607e-01
-4.956623254077419105e-02
4.372595641808567635e-01
4.717921744654463012e-01
3.350183508149440215e-01
2.056121088933862140e-01
9.050623843260119372e-02
8.469922351989209730e-01
9.499216297481614113e-01
5.060844222222509181e-01
9.616792285046966704e-01
1.053972211899409039e+00
7.105588927485864126e-01
6.121941165280597730e-01
4.175528024570223096e-01
3.070833930740040074e-01
3.968145698791891718e-01
4.669258358932957265e-01
7.227929296354567157e-01
-5.047444410488268751e-01
-5.174653641587974029e-01
4.542424821041013416e-02
-7.349291106527913175e-01
-3.198568665905083819e-01
1.115534600315353231e+00
1.010136552009782029e+00
-4.806863817697011321e-01
1.918787745108354592e-01
5.768334628213356297e-01
4.364499969863224749e-01
8.911121824454224516e-01
7.825755610832909603e-01
4.726670593653894414e-01
-8.510390145035184872e-03
1.105519459657552606e+00
2.486632243286434729e+00
5.493186482379264213e-01
8.350628150942021044e-01
8.995824876509708190e-01
9.188287424357435285e-01
1.025448615450589962e+00
8.236840450282314485e-01
9.974771780945621558e-01
9.063337312603185758e-01
3.061334911800748237e-01
-2.579120595252284431e-01
2.619511970142238688e-01
6.898669048721832731e-01
7.762912117814870783e-01
7.935389534084928975e-01
1.240851752120137874e-01
7.747314968811984670e-01
1.237548631027873380e+00
6.379248526727536728e-01
8.252925265301445101e-01
9.004598101651866138e-01
3.734740828862115336e-01
6.672901163431430582e-01
5.501556364698085844e-01
7.631436849802382127e-01
-3.686565624455324652e-01
1.436017827496907096e-01
8.310925208962176569e-01
7.623436537688355052e-01
5.145740367696580719e-01
-3.350925526338333071e-02
-7.538852453284412558e-01
-1.522884062850473619e-01
1.934934844624720540e-01
8.257017911443149671e-01
-2.213447299783473099e-01
4.577581292989707507e-02
-6.151681487416738037e-03
-4.683064771826219719e-01
-1.378598157682271452e+00
-1.413574446707610122e+00
-4.120612634130145224e-01
-6.460247508938143923e-02
5.146288106752154867e-01
1.289706020706926637e-01
-5.011316523428721581e-01
-4.291078041316214176e-01
9.796952016345050751e-02
-1.152402437276638381e-01
-1.479745659558617366e+00
-4.048908480732147375e-01
1.698389953917107675e-01
9.082512706679857217e-02
-1.152523900900432441e+00
-1.229229213482804228e+00
-1.177320436628409128e+00
-1.087533982558128498e+00
-5.177511794854172678e-01
-1.060054470890642753e+00
-1.782615206085037318e+00
-1.938931240914667731e+00
-1.964833430188706265e+00
-1.626324927351133542e+00
-8.035139107664825975e-01
-4.334727607660462390e-01
-2.022636832115454197e-02
-3.159234828625017144e-01
-3.823730106062712686e-01
-1.197234554125511385e+00
-6.589141352497236426e-01
-1.276382422944521977e-02
-8.375631002601231501e-01
-6.715541222324028503e-01
-4.897945133557839448e-01
-6.361661602386314840e-02
4.860475237767829526e-01
8.457987617458417873e-03
-6.445868798963143576e-01
-3.450963839670095901e-01
8.525618053823835751e-02
5.397263020130997901e-01
4.567674765169367213e-01
5.254716700493577974e-01
6.278287948229261950e-01
6.357750327352245101e-01
6.203493679385747583e-01
2.445346992788985929e-01
6.834829965009130426e-01
5.817004523813675831e-01
3.454246498726343262e-01
-9.102275113021913722e-01
-1.605965562203875097e+00
-1.310470018872722520e+00
-1.347227502847253566e+00
-1.658070689201204040e+00
-1.191547646690472861e+00
-2.192027409804899740e-01
-9.560830100969242018e-01
-6.759940219300928366e-01
-6.643939233907170117e-01
-5.734168057665787188e-01
-2.053505773736514328e+00
-1.217688879989717199e+00
-6.375414752919967842e-01
-1.564157731124389272e-01
-2.803811828093882852e-01
-1.358171790844030724e+00
-1.485290133336057750e+00
-1.165137733934299868e+00
-1.602429561647857215e+00
-1.590756956277103562e+00
-9.627234766683969713e-01
-1.595324963230082993e+00
-1.987610001774110957e+00
-1.244509472492785873e+00
2.042697026258717408e-01
2.937639867716743680e-01
-2.584950690449749899e-02
-2.004489055019367250e-01
2.640451882633771952e-01
-1.432346716757466609e-01
-5.383209094898910863e-02
4.790995680993797023e-01
5.703784318199387471e-01
6.082035794288582764e-01
7.268192609816104266e-01
5.288775597593864397e-01
8.150854027830525261e-01
5.296751547685651929e-01
4.486073154698360099e-01
5.115065334627062477e-01
-1.061418509676705924e-01
-1.633270982393091098e+00
-1.060187733791767783e+00
-6.465036643829746854e-01
-2.950848215951094033e-01
-2.518372113975688720e-01
-1.450312498716612719e+00
-1.096827353740498223e+00
2.129422654847039631e-01
-4.643036570667673502e-01
4.421508679245462758e-01
6.608015271057161577e-01
-4.762190626944398097e-01
5.669830218131264310e-01
5.577735898074691612e-01
9.744188060341247848e-01
1.235540654388033399e+00
8.894355102667672597e-01
8.277387865886725038e-01
6.808335685331137199e-01
7.309617010715991903e-01
4.106243921171564004e-01
-3.262386384395492556e-01
-1.646260466588491678e+00
-1.068279155876102449e+00
5.977120707014815792e-02
6.482949458202775794e-01
-1.257945341885647883e+00
-1.040588487240341031e+00
-6.332804081521699047e-01
2.150704367133160488e-02
2.661454816467818674e-01
1.994678571433219361e-01
-1.345025032805677201e+00
-2.125668514973597212e+00
-5.693314821507069468e-01
-1.631712683707812417e+00
-1.183165722566561495e+00
-1.668340195942659587e+00
-2.255321168079174043e+00
-1.008967035766828557e+00
-5.629459856680214536e-01
-9.978348648515553698e-01
-4.651954602870889133e-02
5.178029135702257868e-01
5.024070000016300774e-01
-2.671406320002667201e-02
4.691378337647114094e-01
4.755765514987428944e-01
-1.179143950659965245e+00
-3.450339858766522383e-01
-1.415889132014021001e-01
-1.721764584706977352e-01
-7.618713727422559145e-01
-1.635508752670788768e+00
-2.231356855412814699e+00
-1.841555104578862512e+00
-1.424360008744738559e+00
-9.016164785499880541e-01
-4.369744459279774063e-01
-5.709863033828059820e-01
-1.748124734026892613e+00
-1.285537858486700546e+00
-3.582677894602661617e-01
-8.003995466817936943e-02
1.482325441700607094e-01
5.607300177036163014e-01
-1.478748317084623842e-01
-9.066733670496061048e-01
-1.075255238961940085e+00
2.027992618827005877e-01
6.490501718015395660e-01
2.390066214547639234e-01
4.945188878451367565e-01
1.803791954857767443e-01
3.917337990448586105e-01
7.489682518474305439e-02
7.508806887836882993e-02
-1.350893135880246732e-01
-3.728576387071500520e-01
-1.226345266610920692e+00
-1.588995458441132991e+00
-2.135984496947324729e+00
-1.814045251610071574e+00
-1.027957023263391889e+00
-9.637421787360889169e-01
-1.705150820012103274e+00
-1.834893310836622771e+00
-8.178056910164495097e-01
-1.457900714500899975e+00
-1.989830661274555101e+00
-1.403780539189978915e+00
-1.604544988440440134e+00
-1.762747201288883403e+00
-2.752139273085170146e-01
-7.373544224218617771e-01
-6.881237464550995497e-01
-3.982756399399898228e-01
-1.060935179258407635e+00
1.220895509376629384e-01
-8.092745503546305841e-02
4.482002341322619543e-01
8.612987106114955438e-01
8.327712488479206421e-01
8.933001925033234869e-02
-4.893289655117811776e-01
-1.120841525395546157e+00
-4.856682086519907848e-01
-1.648410015627459480e-01
2.236817484850677218e-01
-4.911455484014393136e-03
-2.895569897864640474e-01
-1.140165257358772166e+00
-2.225083011053313076e+00
-1.341006868562801380e+00
-1.336840934906731393e+00
-1.284132750834863446e+00
-9.432477008256860973e-01
-1.491363950205633060e+00
-2.140669818491036214e+00
-2.685093303922641450e+00
-1.576215715719011090e+00
-1.059354172814216177e+00
-8.218691179974999539e-01
-1.825828176481787857e+00
-1.326984092218759681e+00
-1.958341562779308154e+00
-1.849364354263353327e+00
-1.983824684440880226e+00
-1.161804602495273508e+00
-1.211323518436230096e+00
-1.680486664069985370e+00
-1.699152634198360268e+00
-2.003436834127976240e+00
-8.326688198528879870e-01
-1.896675389195960904e-01
3.699357008742443220e-01
2.619572486137196066e-01
2.595045188332347763e-01
1.485343820417823757e-01
4.028153113662988893e-01
-4.847751908811481769e-02
1.514154648973518036e-01
-8.356653563007592211e-01
-2.274316214688373528e+00
-1.762347498222397668e+00
-8.409102917516608766e-01
-1.269274992319060047e+00
-9.201414113981583043e-01
-9.166036998535669333e-01
-4.212720955144826362e-01
-1.137567474769021203e+00
-9.498020708727259453e-01
-1.094755488688407441e+00
-1.832339852346147824e+00
-2.170065843400482919e+00
-2.176245730779221343e+00
-1.774791243700993393e+00
-8.112906878026910906e-01
-5.150510932019605193e-01
-3.617283124036418940e-03
-8.775588694679159474e-02
-5.126574301766329000e-02
1.261563392686513296e-01
-5.171793587918518398e-01
-8.974704963305235594e-02
-9.069632267900473721e-02
4.177280658586064455e-01
8.943784010483613045e-02
4.900602572643690813e-01
-1.976959833133977718e-01
3.339899176999567842e-01
3.695563680875828538e-01
-2.309662670574637033e-01
7.471391256332982067e-02
1.930234408776678734e-01
3.064521242084490282e-01
-6.426136859528652767e-01
-3.653171603086899921e-01
1.033667479134763312e-01
2.101554475089679741e-01
4.075837661925394428e-01
4.056433172899653883e-01
-7.396081045626479167e-02
-4.436650216668498459e-01
-7.468161729919209346e-01
-4.865249997064169385e-01
-2.838774272987336644e-01
-2.866344886689327076e-01
2.009837274018009268e-01
2.994381915988348908e-01
-3.164575989687574697e-01
-4.207400022786220717e-01
-1.744706687379522947e+00
-1.311407723979507445e-01
-4.155394830804999273e-01
2.458779966271471551e-01
1.262476518238386802e-01
-3.896121532984686553e-03
-6.640956428157882563e-01
-8.588366335046828670e-01
-1.015895547208330640e+00
-3.675201273114350187e-01
-5.622739291056819688e-01
-3.233878499229114745e-01
5.702045126493127114e-02
2.473732774581320903e-01
2.177934289955336666e-01
5.208665958054981004e-02
1.661216438476635915e-01
-5.195100120272710953e-02
-5.715973746823355128e-02
-2.149309578376930041e-01
6.952293386431529498e-02
-1.359449599434281453e-02
1.189339555961108630e-01
-1.059764533854528068e-01
-4.146519031869542182e-01
1.844593594016608051e-02
2.584902835552123079e-01
-1.345095493780767981e-02
-1.331368895671802832e-02
-2.208090093658219288e-01
2.581133136168793918e-01
-3.597975356560336735e-01
-1.569814496539794213e-01
1.495377091738947506e-01
-7.818505185070900865e-02
-7.934835041989101168e-01
-5.077929760248065527e-01
-4.155204251862425480e-01
-1.162462935210104575e-01
-1.288563869006895679e-01
5.514456678217127816e-02
-2.120349381008570511e-01
-2.426971137116109567e-01
-2.445475690266443181e-01
-5.422877425624084147e-01
-7.309101695982211933e-01
-5.408180796750894359e-01
-1.252840797567930764e+00
-2.199642391419072140e-01
4.400106358087954028e-01
5.507959110042572881e-01
-2.088995478634276814e-01
-7.284064265970309204e-01
-1.346649966097525963e+00
-5.371277185358480644e-01
-3.143342011863352603e-01
-2.621675231185434107e-01
-3.417298357159079814e-01
-9.152351079932996569e-02
-5.207162087777210679e-01
-1.539229093718528230e+00
-1.706277887620812006e+00
-5.730291185621685379e-01
7.591446876396235055e-02
-1.221537603094819957e-01
3.298181674821907272e-01
-3.800067320660627246e-02
-2.903237170105250620e-01
-3.643866750936579635e-01
-1.595768116654174840e-01
-6.650451850791982977e-02
-4.758022040128961905e-02
-6.661668878773068236e-01
-1.194517572703025499e+00
-4.033623027529338323e-01
-5.413385116490441185e-01
-2.023596411613635127e-01
-2.270304733086461191e-01
-5.278600312904702108e-01
-2.541307711591440643e-01
-2.429274379560726338e-01
-1.738456842193039309e+00
-2.041905150527498769e+00
-1.558127590333337142e+00
-1.541296206990172557e-01
-6.509016094898800731e-02
-3.718479609616283099e-01
2.335069355707024563e-01
3.577286833540807010e-01
4.137862733486228350e-01
3.732526404333746939e-03
-4.337704878897068461e-01
-6.452134055275364766e-01
-3.629239911037966948e-01
-8.998196403572509272e-01
-1.825712419767366423e+00
-1.535571528369515271e+00
-1.256765459694892950e+00
-1.171296632449078556e+00
-1.373806716870961120e+00
-2.061312122832077876e+00
-1.450786847865173756e+00
-1.536177333328464734e+00
-2.248252117990115373e+00
-1.211393400939371867e+00
-5.177502378165841357e-01
1.906450709288129985e-01
9.673399637443180765e-02
3.142716472672391070e-01
1.408652933531429063e-01
-6.521221865948501062e-03
-7.772124797415811415e-01
-7.155133073173893798e-01
-2.029494447379156519e-01
-2.271465446114904196e-01
-5.765345850257967975e-01
-1.644594587772805205e+00
-1.157234146963860733e+00
-1.688939530639714803e-01
1.137867103927425738e-01
5.861549372159973181e-01
4.423638554428190872e-01
1.844747772898438498e-01
4.586539299644001311e-01
6.953925975989654340e-01
8.876908953487387954e-01
6.745060769587443161e-01
3.031410479706448946e-01
5.290922849697841102e-01
6.652134648791787619e-01
7.337229294316718331e-01
-9.736522396327274009e-03
3.001116506823264807e-01
3.012790989880396175e-01
4.007995455317145961e-01
3.449562495982791965e-01
1.866190912435627958e-01
8.220352334123948168e-02
4.058614998447462874e-01
3.170022552667557392e-01
1.406615313415282564e-01
5.909565791314648209e-01
-1.263130526005356025e-01
1.407664363734144608e-01
7.101025517287240518e-02
-6.303521274773693506e-02
2.872292615045775044e-01
6.038382850654291367e-01
5.294431748069738930e-01
-1.002357842778556218e-02
-3.776591717496402545e-01
-1.659507395652544126e-01
-7.310114163827179379e-01
-1.648925929328301621e+00
-2.360211632378607316e+00
-1.224329787284874849e+00
-1.232123270343206123e+00
-2.083695011126264873e+00
-2.524238901598617524e+00
-1.204282281984425440e+00
-1.846950112471446026e-01
-3.538255903969909077e-01
-7.207411822368881005e-02
1.074638281000384055e-01
5.484118103483526241e-02
7.446937429747002568e-02
-8.878730524857079143e-01
-8.279543225370402659e-01
-4.248861011039815061e-01
-3.142663228495474748e-01
-2.591298727409490077e-01
-2.359546540936006132e-01
-9.435992445252310290e-01
-3.419869121051055672e-01
-1.239632598810347375e-01
-7.714758092422739910e-01
-1.736355534640912746e+00
-9.128469471468292351e-01
3.451064029058144023e-01
1.511900780566053371e-01
1.304000535094544944e-01
4.906397230034267309e-01
8.170273531980818404e-01
-8.683581149139385502e-02
-1.251850407222069972e+00
-6.410618924260800267e-01
-1.667635051658233891e-01
-1.126116617741202086e+00
-4.079124558193547578e-01
-4.016497722716971808e-02
-1.901119185838786585e-01
2.038157904701880518e-01
1.521720393795726878e-01
1.051420556843907228e-01
2.585736833925538214e-01
2.435504683343467924e-01
1.759439588184097403e-01
-9.261983879773971751e-02
2.716662067012691750e-01
-1.658723734392237859e-01
-7.417529969840996884e-02
-1.921423651636642305e-01
5.585003947535360780e-02
-1.477238673037017946e-02
-1.228696242080937528e+00
-1.948848515401091053e+00
-2.203297040065936407e+00
-9.692233788814490492e-01
-1.501693056359211020e+00
-3.182375722376895588e-01
-3.084996015459999796e-01
2.334344782663828610e-01
-3.907922617832770840e-02
1.914739012664044004e-01
-1.975503908535993780e-01
-8.866467171926339930e-02
-1.513825895299616420e-01
-1.021929501453389122e-02
-8.973986618570441998e-01
-5.029710196774708209e-01
-6.267998744010996326e-01
-1.175536150828329518e+00
-2.192073443729153137e+00
-1.203823226211016006e+00
-4.503799221861584101e-01
-8.739609555242395800e-01
-7.100757025142534484e-01
-1.906691380912749256e+00
-2.041565214606837042e+00
-1.511377780903542689e+00
-3.892978369936068717e-01
-4.452201589643900448e-01
-1.037447067360033337e-01
-4.553531815415903239e-01
-4.177455535429497324e-01
-3.926534509593557765e-01
-2.469098268579745792e-01
4.427363211908641460e-02
2.179221461603404464e-01
-1.258249310950018351e+00
-6.394599860842784533e-01
-1.703694462450000557e-02
-7.532472850531046760e-03
1.612554713188414368e-01
-3.836449414842477701e-01
-6.049534964582883312e-01
-7.260242567854409135e-01
-9.135682209916278218e-01
-6.458229570665647845e-01
-3.695509455667091991e-01
-3.441172520516322386e-01
-6.753448840194413716e-01
-9.734122200769546041e-02
-2.765321663578150790e-01
3.574982026000110835e-01
7.195291171534954344e-01
5.905610974578765493e-01
7.835853288717102849e-01
5.469292525186406628e-01
8.077308339631943390e-01
5.104908244014270124e-01
-7.776482175390775353e-02
-2.051713685787626140e-01
-1.202023415456903166e-01
-7.454286665101641507e-01
-6.080172342234568816e-02
-1.821368220002130833e-01
-9.893910164594288403e-03
4.368759443369638618e-01
2.922525776180835422e-01
-1.192481399437063772e+00
-1.878190664057626247e+00
-1.248982588711555763e-02
-1.217028656591949920e+00
-1.365111678242839410e+00
-6.469184413606263728e-01
-1.134108662546548185e+00
-8.700443389096665925e-01
-3.864527761967071484e-01
-2.835680423628632596e-01
-4.634828156474686267e-01
-8.998067923196382267e-01
-1.148783816318889262e+00
-6.174302025096136681e-01
-1.513361907453415256e+00
-2.134655324597027448e+00
-1.639334944272889949e+00
-3.696168753837625331e-01
8.200390149169978216e-02
-1.187519691313214665e-01
7.561059686566462545e-02
2.419859578536520672e-01
4.247872303928512672e-01
3.193112203611390143e-01
-1.577510785145421757e-01
-1.290548604029107649e+00
-2.616434121690920378e-01
2.764694601733141965e-02
-3.865004442060548939e-02
-2.261738844089133949e-01
-1.061591715617221210e+00
-4.670305936726317775e-01
-4.060356189053768716e-01
1.426401713917138103e-01
3.553579830245401361e-01
8.524183224888126631e-03
4.262443381674532183e-01
2.019980499778313288e-01
2.865030802282890754e-01
-2.394510583397098102e-01
-6.587829091185193331e-01
-3.831461911486062633e-01
-5.622365349138340740e-01
1.112263335943000087e-01
2.954568476042407354e-02
4.689209950621049394e-01
-8.742639992304823693e-02
4.177328749097544147e-01
6.980762105009614693e-01
8.747237561607392742e-01
7.004089575293992453e-01
7.823475379791222650e-01
1.130245356038019011e+00
-4.422933667463762042e-01
6.186598782841614685e-01
4.546485681500094245e-01
6.824038233425100408e-01
3.094403398103264813e-01
-6.107060044457979231e-02
3.622309841588640111e-01
1.396487090680587073e-02
-1.689171829849502871e-01
-4.731319599134113929e-01
-2.339072888033646436e-01
-2.222897087832908181e+00
-1.584759834091525432e+00
-3.506150714068376750e-01
-3.921025912943925107e-01
5.420595869355171459e-02
2.055842158751732818e-01
4.765883379505009287e-01
-6.527896924437426307e-01
-2.164433757762072474e+00
-1.181880724944539995e+00
-1.596872096121103590e+00
-1.675482653980619130e+00
-6.526364237899835441e-01
2.099864646909601618e-01
5.485215396821789824e-01
4.466870488168535047e-01
2.916174051783029242e-01
-4.626643708941879929e-01
9.287377073643909853e-03
3.399026740339681218e-01
2.523176816387353583e-01
3.283827399025387450e-01
5.440909071685404719e-01
7.321385611273796279e-01
3.806552639738765009e-01
-2.274656993576722464e-01
2.947796745471409352e-02
-7.356860780819591827e-01
2.424356906363067665e-02
3.782730804343215070e-01
1.538725745463143113e-02
-8.551508028888332724e-01
3.012252929469019236e-01
5.062791805070463447e-01
2.629932106242942602e-01
-6.652092004248297830e-01
-1.149850549013092804e+00
4.455650391365044705e-01
9.011400239649396404e-01
-1.087601268940012744e-01
-6.494563393271486351e-01
2.024969894711623475e-01
6.732857714257800552e-01
6.479389331775577965e-01
5.316776973951258256e-01
-4.295819855828248990e-01
-2.223009264669784102e-01
-1.666722108832168203e-01
-8.281606233261706862e-02
-1.640783362100040277e+00
-3.388290126616095854e-01
-2.723131397189320069e-01
2.962317649412766762e-01
-5.894508448998969641e-02
-5.524002926458662088e-01
-1.248910333544733797e+00
-3.224156950854597525e-01
5.072962574800414792e-01
5.758984553305621645e-01
5.941491933819125215e-01
8.292463592398218175e-01
1.460661271552202045e+00
-2.138332708475418897e-01
2.346724150993710900e-01
-4.766705831024511397e-01
3.247716946495033952e-01
-3.072030605749902499e-01
1.020047706208244254e+00
7.109783286620623421e-01
-6.485857450042606942e-01
3.665402411688445383e-02
2.053429491445277755e-01
3.285158608547700254e-02
3.146010387976936329e-01
-3.381838820392957246e-01
9.587220898746142694e-01
1.241567075283827926e+00
-1.270893664192973560e-01
-7.746182441763034277e-01
-8.973111381426592814e-01
-1.270345794961679209e+00
-8.256344611191586136e-01
-7.204596795893185579e-01
-2.017331599636564832e-01
-5.164352103997327248e-02
1.985099261528313619e-01
1.576167052574795058e-01
1.450705003929027015e-01
-5.081232828580546368e-01
2.805101039691142439e-01
1.066303352434538887e-01
-2.410717677476852394e-01
2.520979078980518651e-01
-9.398969385031552548e-02
5.783148956694379450e-01
1.305478617998989677e-02
4.268184843024518393e-01
-5.185408314172175182e-01
-6.883463378618943640e-01
-1.824744458216986942e-02
-2.122190492493025715e-02
1.140674671728798550e-01
-3.585943954013073309e-01
-6.130768117794789251e-01
-3.282967950740429686e-01
1.558956158996798180e-01
4.461071275900372335e-01
8.113475992341845355e-01
5.384036021448066478e-01
2.239583625728078786e-01
6.454420750939267037e-01
7.142390102431095400e-01
1.193937508151889926e+00
9.741807836507256901e-01
7.813905980301552034e-01
-8.010524193033214946e-01
-1.003689265758551663e-01
-4.897467755012376855e-01
-1.954833886289231160e-01
3.223259466690135966e-01
5.550156852390526474e-01
-2.635937467514088972e-01
-8.431187825485084719e-01
-1.454185687797879822e+00
-8.735089232224999556e-01
-5.438358901137441137e-02
-2.633939674256660091e-01
2.256392908594762048e-02
1.819489778005816127e-01
-3.165488323568781404e-01
-3.532966762669143002e-01
-1.482072393714317649e-01
1.843968010864482920e-02
2.477058434009924426e-01
5.206769863769609152e-01
2.796579271131043321e-01
1.098744221106802588e+00
1.160848772997049139e+00
1.090542673372445925e+00
1.046356619300381929e+00
-2.803175685556129615e-01
-4.840439277112715821e-01
-3.336006592633600221e-01
-5.964625512369092775e-02
-4.241951842483802082e-01
2.030373353723655683e-01
6.857267358391201384e-01
1.078934433228037726e+00
1.118378330272502108e+00
1.217603115006769876e+00
1.179788028439332503e+00
4.789652568104947328e-01
8.908383247619253709e-01
8.069770627231744875e-01
6.002056576109087160e-01
4.381655536047359689e-01
5.320603687086329359e-01
2.734459855110449311e-01
4.333019430733440203e-01
4.667236973581707637e-01
-1.670907312956395607e-01
-2.013724067115649774e-01
6.786313054323001026e-02
-3.912533692837110166e-01
-4.916980471755327819e-01
-4.395780845774730494e-01
-2.025601860885739569e-01
-8.426656309123705668e-01
-3.649539523767928451e-01
-4.521867488234532217e-02
1.820258977197868333e-01
2.968021774736495644e-02
-3.022309541934156130e-01
-1.073546882942180147e-01
-5.743665100149275560e-02
-5.234387301137930493e-01
-1.144475693019604723e+00
-1.429619523559187311e+00
-1.097124533487964015e+00
-7.283684161173467064e-01
-2.172615868454821353e-01
-3.574659820666541421e-01
-3.489432257381941405e-01
-5.886847553228049534e-01
-6.976534601935651114e-01
-4.341626719152156255e-01
-2.088183707351580765e-01
-9.596778856920140655e-02
2.883518098493311754e-01
-1.237435418131420661e-01
-8.273507570158722402e-02
-2.558778557894263450e-01
-4.932254163232769884e-01
-2.578556255254476071e-01
-5.667469224075274425e-01
3.273729382877128558e-01
4.479406993467573983e-01
4.765098196521639906e-01
4.783869857697453654e-01
5.193534435097300062e-01
1.045843120655511882e-01
5.262202301106921887e-01
3.894984173626845347e-01
5.886111030374365782e-01
7.596743592495998065e-01
4.652247778385265597e-01
4.325496607574645935e-01
4.087541749529113311e-01
2.526665579013513963e-01
-3.810681276607987833e-01
-3.730496766510578155e-01
-9.279683766896651420e-02
-3.741718040310781923e-01
-1.598240068147891435e-01
-7.705162565693290944e-02
-1.317144973590910428e+00
-1.630652330539313688e+00
-1.667389489286548621e+00
-1.873880044593529970e+00
-1.725291954940483929e+00
-1.951917950519206357e+00
-1.488356876000326512e+00
-5.741100596591293126e-01
1.050160567931630595e-01
1.955336787926142961e-01
3.788266199954737345e-01
2.740383304018263466e-01
3.577491889651009949e-01
5.549093438293635216e-01
6.667786710904803904e-01
5.898505376924405574e-01
2.182970443952281236e-01
2.725406966533463482e-01
-1.382801445089842929e-02
3.796771845065078921e-01
-1.401995763566601383e-01
-7.341876193953700280e-02
3.819843560196831689e-01
1.978622583020634984e-01
7.081321896560055507e-02
-5.399187143873596106e-01
-3.706149063163257651e-01
-1.666195006577670945e-01
3.211253676730314588e-01
3.377507557770993429e-01
5.033493500920793728e-01
5.026385201124319302e-01
4.143876144499905045e-01
3.796760791187998585e-01
5.217663862596513269e-01
4.497645481267751322e-01
5.079849812885495197e-02
-3.916388947084796790e-01
-2.439682516251360234e-01
-5.393712412787059485e-01
-4.710818163802881209e-01
-7.659209992712341375e-01
-4.098963492548786114e-01
-7.893884445771535141e-01
-6.784000884924281660e-01
-7.667585870131687908e-01
-9.330678459532151248e-01
-7.156517997168450052e-01
-1.685163940077518685e+00
-1.779028227859617450e+00
-1.695272814371837633e+00
-1.891651851202546641e+00
-1.777062694391210229e+00
-1.751089530624949209e+00
-2.224310243936092668e+00
-2.304826502348210404e+00
-2.261703508139329521e+00
-2.472854924738994598e+00
-1.869859474711953240e+00
-1.065642542698809203e+00
-2.502417964855023769e-01
-1.567483061545918321e+00
-9.491601585810880426e-01
-1.488971209864764056e+00
-1.883610686960699443e+00
-1.018930209400841225e+00
-1.985776190273522701e+00
-1.684469820965664555e+00
-8.615643173417288914e-01
-3.172364577366200145e-01
-4.782765054564324103e-01
-9.248561258727472367e-01
-6.562797503548325473e-01
-1.421098088398247583e+00
-1.374389616252398083e+00
-1.283150380409450175e+00
-9.878065796808555010e-01
-9.298081557252813045e-01
-7.601638758761881665e-01
-4.658629969548826466e-01
-4.241414142279738009e-01
-6.348143538164623401e-01
-2.583437103281314151e-01
3.838937618428106546e-02
2.700758109567837906e-01
-8.828812852661060973e-02
-2.498500715575961983e-01
-4.897493740494733849e-01
-6.310483395844346255e-01
-2.604721585013489715e-01
-3.895897595308266403e-01
-1.630164235273660722e+00
-2.104113304532836182e+00
-1.395993044800339478e+00
-6.438403706363284851e-01
-7.694184255925942129e-01
-7.106813815340904394e-01
-1.139897229628368258e-01
-9.863318125538800274e-02
-1.765270997849728296e-01
9.254365559690125309e-02
3.908773488401884322e-02
-9.339073913256401571e-01
-1.862484861772461642e+00
-8.021474168279838501e-01
-2.201083803852985632e-01
-1.241273955548198860e+00
-1.292920344449854264e+00
-1.536029965424176247e+00
-2.163027772606085808e+00
-2.131527617697881016e+00
-1.637991686379221434e+00
-1.527694614706158971e+00
-1.274421441041167169e+00
-1.173972516735006133e+00
-8.718175899816336116e-01
-6.141768276941785842e-01
-2.317974377599094638e-01
-7.854699131035365323e-01
-8.103792886906957538e-01
-1.426994947952963777e+00
-1.175214170411281289e+00
-1.406921751312138591e+00
-5.196846086802375808e-01
-5.260655447507769367e-01
-7.159759115521555639e-01
-4.528283399832617739e-01
-1.404286474127941275e+00
-6.860447325811467323e-01
-1.501730658589495171e-01
-9.820278962909252396e-01
-1.369834538722942918e+00
-1.007788251710573402e+00
-6.377195355568447965e-01
-8.649724484876326613e-01
-1.526533050211273057e+00
-1.228923052979148167e+00
-8.073823491917075934e-01
-8.376318352725369287e-01
-9.706348431145865874e-01
-6.627039231903331107e-01
-1.887197256695303693e+00
-2.161688032615287192e+00
-2.440971561502419007e+00
-1.421986350944909105e+00
-6.863776348193877386e-01
-2.906523893630619249e-01
1.214888416918014080e-01
-3.757025006010690227e-01
-1.390755094941152681e+00
-2.269504904160853265e+00
-2.488788553881172927e+00
-2.874545984929010700e+00
-2.016559863429141508e+00
-1.779141375412747639e+00
-1.666923300962658283e+00
-1.628350033060163460e+00
-1.392537426759192343e+00
-1.871760481424573186e+00
-1.507606285953186021e+00
-1.693915043883277072e+00
-1.606466538200456373e+00
-7.678479213781954638e-01
-3.031991068655566224e-01
-3.613039337387506933e-01
-7.073176843408601755e-01
-4.251958115472485034e-01
-1.220384610295902617e+00
-8.517974647551467271e-01
-5.701402451871904198e-01
-1.101916305758298131e+00
-1.570141120991346062e+00
-1.961608686682084102e+00
-2.338863438362867253e+00
-2.314858122860030232e+00
-2.231482743685504033e+00
-2.000999732814976895e+00
-1.710918227722628027e+00
-1.519605866804173200e+00
-1.127941901106955580e+00
-9.578634062466704346e-01
-1.129444408255970034e+00
-7.857103760756576349e-01
-5.044616816244413826e-01
4.294906368909101602e-02
-1.225339322858402635e+00
-1.340740452347310985e+00
-1.646951027122224298e+00
-1.942470743998100158e+00
-1.090938323689279343e+00
-1.117709994954723340e+00
-1.599460188522638049e+00
-1.457659019300334480e+00
-1.725028968275353680e+00
-2.007768262691260297e+00
-2.018960884212555484e+00
-1.597475952775580854e+00
-1.198805173837964810e+00
-1.350172691183743279e+00
-1.983271599500817661e+00
-1.617632442892967815e+00
-1.095145293850150026e+00
-8.019005794328624148e-01
-1.051832857660516485e+00
-1.055733434286437511e+00
-1.974794499400744918e+00
-8.889521674660356698e-01
-6.028741387463347756e-01
-3.658124450164823571e-01
-3.850842798940856682e-02
-4.697233587931206600e-01
1.624083064192882730e-02
4.563460003864712178e-01
-3.520390753359925462e-01
2.053677082669889131e-01
3.029823273225642488e-01
2.794603176592524996e-01
9.440933575614676165e-01
1.198215744844273178e+00
9.093585920087536856e-01
5.009199735482767757e-01
4.540269775786889284e-01
-9.327701074035668061e-01
-1.805668477238868697e-01
-7.939040650916258102e-01
-3.189893285537426237e-03
-6.670581502132246765e-01
-3.570580544979109483e-01
2.191000550049482243e-02
5.845729574071372170e-01
2.768867070092349003e-01
-2.857081607215197216e-01
-4.471043151504603408e-01
-1.133384660098990082e+00
-6.428218845656643587e-01
7.577926720285788065e-02
-3.320642623981440167e-01
-1.811178821070580369e-02
-4.441446469623242521e-01
-1.283881579636090287e-01
3.941703493921893120e-01
3.923085929554712692e-01
1.986615587273115047e-01
3.697000834965615823e-01
6.333580702800167828e-02
3.576150401841338144e-01
4.284329817007748176e-02
4.258597198771387760e-01
5.476497605436971838e-01
1.578014423868689953e-01
-1.395193027413572873e+00
-1.620868507504523492e+00
-2.145983685157632159e+00
-1.191791600883394420e+00
-1.077466644726389200e+00
-1.216687329591324307e+00
-1.429819582258580191e-01
-1.412677364233001498e-01
-1.512998231347726374e-01
1.588694536562451631e-01
1.821924516550730289e-01
6.493151386156759131e-01
4.958834636496205484e-01
-7.443738991489645684e-02
6.015197589612419904e-01
1.081413689076184959e-01
1.707310238146515502e-01
4.262344525881704982e-01
5.295710223430494246e-01
2.152967014166073945e-01
-1.447730385522931762e-01
1.764909254201518785e-01
-8.376119276050000284e-01
-5.981047189253287932e-01
-1.281490271679719406e-01
-4.287970444354183286e-02
-1.687359127937577696e-01
-3.105893875912277835e-01
-4.045565297521029891e-01
-3.348396757167590998e-01
-3.457691773715869665e-01
8.091243036377715470e-02
-3.987662145196706476e-01
3.407825689099301947e-01
3.534138530776220755e-01
-9.650433053643425740e-01
-2.744198758972697938e-01
-1.540688708116903616e+00
-9.892514021071556751e-01
-2.730291526833261706e-01
-5.318896563624697649e-02
4.362268056707674369e-01
4.788632771664156351e-01
1.284629031871382665e-01
-3.862775076344142633e-01
-2.547298473350236847e-01
4.330407862334575420e-01
4.531991017225580620e-01
4.436164559392752338e-02
-9.095734874139294046e-01
-1.320705494100752775e+00
-2.049968526090371945e+00
-2.315377133717596791e+00
-1.188760058442698053e+00
1.132936002400235509e-01
4.043128826114892327e-01
-1.193787691498739534e+00
-2.321670868516959807e+00
-2.150592734841182185e+00
-1.434285517302353430e+00
-1.091389870690029573e+00
-6.824376305617521066e-01
-7.391326341696411450e-01
-5.328359347175730676e-01
-7.076824352374808669e-01
-3.709686129263314314e-01
-2.299040226552642174e-01
-4.373376389819489951e-01
-2.669511509671917970e-01
-1.497990259142181202e-01
3.819992700236234384e-01
-2.028341422487320855e-01
1.269611555702083727e-01
5.664732814094621816e-01
4.065014562817230725e-01
5.194313526505829337e-01
6.730844209018549407e-01
7.753339254207638476e-01
6.960023797711309967e-01
-2.753611050651199044e-01
-4.285078335276848449e-01
-9.806882373235303874e-02
-1.538004836235506767e+00
-1.943553432461738950e+00
-2.600999017406901093e+00
-3.035818417221296972e+00
-1.741637577697449979e+00
-7.350887699163062283e-01
9.952587435851167896e-02
4.916443390161484572e-02
3.880527920902254735e-01
6.891506357409475925e-01
5.065597605629168498e-01
3.921598239897785554e-01
6.325893783379674673e-01
5.340101374747816543e-01
7.412326013639880529e-01
2.546609273257325334e-01
-1.619571663118430926e-01
-9.254855032633142464e-01
-1.111062811449885723e+00
-1.711389907069579941e+00
-1.726562253706300343e+00
-1.276058348666903264e+00
-1.098890193582654939e+00
-9.599192960054212520e-01
-1.566157436064376851e+00
-1.220207987276088257e+00
-4.218636164815028344e-01
1.406567096321276189e-01
7.389364951863672815e-01
5.929649127894109917e-01
-2.197280364212472747e-02
1.507472663169897586e-01
-4.024556532517618024e-01
-3.752821677976907466e-01
-4.067087955877948247e-01
3.126831213499916551e-01
2.652163184089864068e-01
2.149823502246364093e-01
-1.443808470911878139e-01
-8.645027515168286492e-01
2.807966567611535069e-01
4.931599990238555442e-01
9.844235345699958728e-01
1.359070629020317167e+00
1.499296273541029123e+00
1.206178326137510748e+00
1.311410321752209729e+00
1.076707342770486520e+00
1.534843573708691622e+00
1.392677381198197395e+00
1.503346827984825218e+00
1.424631441234576634e+00
1.678641358362525260e+00
1.458019673648403014e+00
1.524806265481315037e+00
1.612110851265445177e+00
2.266738133717998593e+00
2.652508877377481866e+00
2.177018617740888118e+00
2.582981711379540357e+00
2.391129507191517511e+00
1.684634655048727225e+00
2.068620971671467856e+00
1.640849316770128574e+00
1.281326833123010100e+00
1.578469066770786355e+00
1.345383965714157970e+00
1.615665442989794975e+00
1.584850401505568662e+00
2.282574899133654966e+00
2.544253463974433416e+00
2.918050670777605937e+00
2.992346971407299883e+00
1.704989632983099135e+00
3.195673766960900331e-01
-1.633331284463123367e+00
-2.305208927363936677e+00
-1.746901855063073716e+00
-2.067772988155241354e+00
-4.111011941255471314e-01
9.324084072134257717e-01
6.817655085744505072e-01
3.482325812469784232e-01
7.946021287239823927e-01
8.695970389438723025e-01
9.265887457456347676e-01
8.722210054946843982e-01
6.766815188135262282e-01
3.203821683257639386e-01
5.112974144266781984e-01
3.507267458012965911e-01
7.068218364175193891e-01
1.680307382264656368e-02
-2.034490987416894825e-01
6.738181890216461412e-01
7.242846322493829980e-01
9.019279053920263856e-01
7.113496496341880082e-01
7.290413598176788135e-01
7.262450276152927486e-01
1.328422457734658835e+00
1.308210867929052945e+00
1.759035788098466391e+00
1.504660725240041685e+00
7.774219387011886973e-01
1.070457655407520470e+00
1.932447737533966148e+00
1.596482514107807837e+00
1.185465934329551274e+00
1.015382323937091602e+00
9.895470621778277298e-01
1.336515032689263638e+00
1.224538523602943130e+00
1.418770102019093926e+00
1.792837541805598178e+00
1.405622166973248710e+00
1.543159454195609293e+00
1.704454631559254807e+00
1.858020257058053737e+00
1.099011217241029570e+00
7.483839798654829956e-01
1.393503662139521815e+00
-1.218481033465810048e+00
-1.439802416321101619e+00
-1.034825689575188612e+00
-3.573134304932827909e-01
-5.655046804085341883e-01
1.501873668255089278e-01
6.615627599065359021e-01
1.401040998297995444e-01
1.273991317335368301e+00
1.341683559356436017e+00
1.796276725686840159e+00
2.016829023864317172e+00
2.037375091890015533e+00
1.612487900702588739e+00
7.604006481488578828e-01
9.576851805120005778e-01
-2.218175332077847450e-01
-1.168333863653706173e+00
-2.349388759816708472e+00
-2.087046188419477311e+00
-4.527631012071045014e-01
-1.900287163384303035e+00
-2.176680377663070765e+00
-1.021726026100646001e+00
-8.228840932644503336e-01
-1.631098952414461234e+00
-2.466971275579667555e+00
-1.996280927149027828e+00
-1.387567703628934446e+00
-7.035779067674430287e-01
-3.912125257759901942e-02
2.211178051096984731e-02
-1.070455144894477684e-01
-4.837089894358994613e-01
-6.875483175319685447e-01
-1.881353708825872495e-01
4.584861941112960970e-01
7.694733196335055148e-01
1.151627603029522273e+00
1.030116829054071204e+00
1.131037541986478878e+00
9.509437791121118089e-01
1.065495289208719498e+00
4.334400501501631808e-01
6.789974345013574109e-01
-2.211205830153679663e-01
2.937045233337167716e-01
5.872011906508856072e-01
1.986868034625572932e-01
7.621863871770844234e-01
8.921296301611065793e-01
1.256196343524997872e+00
5.702581874910706006e-01
1.366497467680281463e+00
8.851828505514172107e-01
1.029326120802764866e+00
2.592792504362826378e-01
5.266832637407836692e-01
2.587862269917904356e-01
1.735719998871392278e-01
1.150583570184045001e-01
-1.410825787391491115e+00
-7.868414076039753624e-01
-1.587610528715465152e+00
-2.130775563903013037e+00
-1.151076246489398658e+00
-5.692634887856824477e-01
-3.340454890765935936e-01
-2.249889915476534163e+00
-8.753570292489059046e-01
-1.163046413104397825e+00
-2.196768861029626319e+00
-7.161895884657272227e-01
-2.533039942243848763e-01
-4.370382113723136897e-01
-2.896943890712089242e-01
-1.109844694191203907e+00
-8.841228943764647408e-01
1.829261926190772769e-01
-6.496553662840711674e-01
-1.147775581632851871e+00
-1.805214623742046109e+00
-1.257453743315843697e+00
-1.449874805621206741e+00
-4.266277642979150464e-01
-2.349954139019911903e+00
-1.086287868532528789e+00
-1.455542862268551341e+00
-1.348755512188152927e+00
2.608765895348814645e-01
1.503950902522643851e+00
1.590962722834634135e+00
1.800141804935426748e+00
1.313721867981306968e+00
1.086823902216518256e+00
-1.859016599740539455e-01
-9.540254740925140364e-01
-4.390821293922537727e-01
8.161268872257987361e-01
1.249367543692086358e+00
1.120908234172691031e+00
-8.775049326382933224e-01
-4.514471743202421727e-01
7.233054903215436759e-01
1.189849048987826841e+00
1.428168964415213793e+00
1.300632428197794788e+00
1.448827932038796007e+00
1.578001453137414245e+00
1.297907355202583268e+00
1.841179411360958085e+00
1.477847681784582257e+00
1.414400040015698856e+00
1.401698236397384001e+00
1.030610801011019984e+00
-6.451435509594691808e-01
2.321365774311630048e-01
1.111598785887944363e+00
1.772817498504890565e+00
1.046376288319740500e+00
-3.063542940526264857e-01
-2.317583536015723755e+00
-1.531184101099087647e+00
-5.649975110321552307e-01
-4.266201053621414552e-01
4.899511209181062199e-01
5.453388696033556471e-01
3.706239114533178558e-01
1.847246501898047732e-01
3.786697031763219812e-02
3.221003575879066716e-02
-2.855367872263059326e-02
5.629798154173286662e-01
9.252901019296437823e-01
7.809366508494628434e-01
3.394929422354002746e-01
8.363336097727933627e-01
1.320027929564330016e+00
8.769213740463257523e-01
5.280634029084194658e-01
-5.395813718481647925e-01
-5.020127096925044441e-01
-1.452720456338229216e+00
-1.936699428628245734e+00
-2.302054763718819785e+00
-7.012274146178285594e-01
-1.611031836681197982e+00
-3.066262036523252910e-01
4.719969596176829540e-01
9.325275615076762392e-01
1.001018111616239548e+00
7.804103784882716610e-01
5.147801864084353696e-01
2.492515688348384550e-01
4.678676473871785646e-01
1.014525773705999168e+00
5.069427286274650335e-01
-9.169444881801307456e-01
-5.777686383104176926e-01
2.485808664706379290e-01
-4.199187870501885911e-01
-1.930885816136143518e+00
-7.390061293352254701e-01
-9.179872179815933286e-01
-3.033211321157947005e-01
5.881270949401686821e-01
1.528790284558398049e+00
1.041410420815414906e+00
7.430794529239608259e-01
-4.257073985154660178e-01
-5.524171797968095987e-01
5.297669571197447524e-01
1.331985302051879039e-01
-1.853184786543670581e+00
-3.626338064892857815e-01
-1.614450357534833458e-01
-4.870278646818353430e-01
9.717141577148726839e-01
1.000829354175367225e+00
-1.224810945034859433e+00
-1.041941510380133495e+00
-2.519515015367515876e+00
-1.822393481416777261e+00
-3.474693334597169780e-01
-8.694427884099034110e-01
-1.072941669405782728e+00
-5.714806055333156998e-01
-2.851476021167931307e-01
-1.032351319423523428e-01
-2.317053664167545435e-01
-4.459531931266180749e-02
-7.592926481930535321e-01
1.771128730231144033e-01
1.073915542927892375e-01
3.690214619016320974e-01
3.755562552194686710e-01
2.083869895224017554e-01
-5.103647197322196405e-01
-2.613435404504866888e-01
-4.996985961082391903e-01
-1.442174335767792748e+00
-5.678646567293186287e-01
-6.039712883591565884e-01
-7.718334609931709611e-01
-1.204180175313189771e-01
-8.926899990792738215e-01
-7.835518379501149600e-01
-1.018819149478411568e-01
7.980875143146723971e-01
9.776174525614944599e-01
1.080580096771977416e+00
6.166675392424982860e-01
8.779222934438148940e-01
2.254363846057487741e-01
-2.434752012783896191e-01
-2.608797125177395593e-01
-5.071567585899368069e-01
-6.269971244425960322e-01
-6.568898748668550169e-02
3.625575016627102798e-01
1.740816213480091967e-01
-5.378944967373517905e-01
-4.015686587791860163e-01
-1.590325362383173236e+00
-2.635174421483165386e+00
-2.445177956894307947e+00
-2.448843921543692570e+00
-2.065875717135646106e+00
