1.880227442556499096e-01
2.461129122479210896e-01
-1.557421008327360135e-01
-7.105426882153764723e-03
2.505284104126754841e-01
9.826170533041225785e-02
-2.316202569812846612e-01
-1.376793013665528198e-03
-1.896588017333047660e-01
1.874783604723417874e-01
-7.309510060069581705e-01
-6.960568868311349799e-01
-2.961375490085168538e-01
1.043142372602381962e-01
-2.770845806074447859e-01
2.676437059706560095e-02
2.889157552557251596e-01
2.906228741437740792e-01
2.694994256803718846e-01
7.311415940595008545e-01
6.743632560174624979e-01
6.174542921507218951e-01
8.629170262864948038e-01
9.008122474305579885e-01
8.665174075013297728e-01
7.508521664330781720e-01
8.777266589747578784e-01
4.012695418068829012e-01
2.718874290031110252e-01
1.500981453476663285e-01
1.264532135426271187e-01
5.203886118154277263e-01
4.327437647487928363e-01
5.424719377390424535e-01
4.348740494994121075e-01
2.398477185742405593e-01
6.000435022852774747e-01
3.952096023226382426e-01
3.867422678585826779e-01
5.210516881033608882e-01
6.013717003623149093e-01
9.562769698723856404e-01
6.225459528250026908e-01
2.651286984783696732e-01
2.353590327915020264e-01
-4.709463360852381153e-02
3.995105334485991033e-01
5.744627266098167873e-01
5.762749596756596704e-01
4.586512561092388474e-01
3.192839898134961496e-01
2.644545811777853084e-01
-1.223385300071747339e-01
3.022536679757614753e-01
1.034059872115230261e-01
2.744632362930061742e-01
3.012045343522214980e-01
9.053156947684912192e-02
7.226842853812880385e-01
4.952632640791130303e-01
5.789308103238119951e-01
-1.444508158486474125e-01
-8.559985921446280899e-02
-1.033456572823346076e-01
1.972931877080586482e-01
-1.330727106202232168e-01
-8.417214760135316443e-02
-4.092972547760079793e-01
-6.642606284285692553e-01
-4.098954843219462241e-01
-9.551557832846294116e-02
-6.244954429046820632e-01
-1.431179065249015558e-01
-1.053180410272815115e-01
4.393660094757475543e-01
-3.207832592356752999e-01
7.978309935410934917e-02
5.548699017564958647e-01
8.293001071277583680e-01
6.102139097053959071e-01
7.105024168027523901e-01
8.235734941879053750e-01
8.715158487554085509e-01
4.641582932470812439e-01
8.984562783840330802e-01
1.024717302751568582e+00
1.175740628839210933e+00
1.179070167571113936e+00
1.123830468135655680e+00
1.199155898493787342e+00
1.151147900383136191e+00
9.362867837784817349e-01
7.430219782084295232e-01
8.148523226783312978e-01
1.065216249890825195e-01
2.390867152806593343e-01
5.430654033765726085e-01
6.201880400539592220e-01
7.537734592610783046e-01
5.689981806576392964e-01
7.179011255429921246e-01
7.395715680213085230e-01
9.358057554898900898e-01
5.968461701172069755e-01
7.643486579693358207e-01
1.011803571832488924e+00
1.260479416490075888e+00
1.043940645518623977e+00
1.104738243253511998e+00
8.635651601430784918e-01
8.871787674677988900e-01
7.902367054647432276e-01
1.012983327673985245e+00
-1.726031326809042976e-01
-4.021614225242996499e-01
-4.705524701029782930e-01
-4.713101024976422693e-01
-3.441083842441495788e-01
-1.270202255804817326e-01
1.330756121401505121e-01
3.441916747494641604e-01
-1.543352739576389909e-01
-3.087180696959361814e-01
1.894799583334328685e-01
8.053326186845352619e-02
1.520169825699982935e-01
4.988882476858594872e-01
7.050793246612194753e-01
8.996358560052126752e-01
5.017780409280674370e-01
1.145249989424080406e+00
1.449375586236912428e+00
1.418356915748253178e+00
1.325897489583852673e+00
1.308634527941874959e+00
1.419034277579914516e+00
7.952112860714632969e-01
7.909295025310221217e-01
1.205371369867544340e+00
6.832611894630616911e-01
8.743890512796971271e-01
-1.124041319497314229e+00
-1.388814937360226986e+00
2.352002988603661693e-01
5.813088570034461444e-01
-1.312934188229115451e+00
4.831040588340442810e-01
2.770552376887273072e-01
4.606487950361997097e-01
-1.880871223365162104e+00
-2.229960820901470075e+00
-1.325178017026337862e+00
-1.027754421952466135e+00
-1.722342011740768841e+00
-1.681071942038971700e+00
-2.057577168587980232e+00
-1.797658264467366429e+00
-1.680971883947241841e+00
-1.527980112714468541e+00
-1.611103097890397962e+00
-2.321699204252687831e+00
-1.814582184519031749e+00
-5.668772225303488899e-01
-8.208362341225286518e-02
-2.565063850326547712e-01
1.304969919970276060e-01
6.966001637979726269e-01
5.748134183094353311e-01
1.013310096698134322e+00
1.108119207739169498e+00
1.132199661760331155e+00
1.024820374715680549e+00
5.203620224612611755e-01
1.415339676301083482e+00
1.142842779034418665e+00
9.205717949487703944e-01
1.052626207882809251e+00
1.346533195922863024e+00
7.629300492875765727e-01
1.171226636895461359e+00
6.767450805639719791e-01
1.481587095946783394e+00
1.338581488622024418e+00
1.862918579717440237e-02
8.022263945860016454e-01
7.429846837491858036e-01
8.774042860610724581e-01
1.362196821695232374e-01
6.034656218050737930e-01
4.426705924076393961e-01
6.773937252450835667e-01
1.041914076278922296e+00
7.885052154742291375e-01
4.438226517852371655e-01
5.721322405875012285e-01
9.014520666735395538e-02
-3.566141727609295486e-02
9.371279057856315986e-02
-1.100495078678546568e+00
-9.304949244839713640e-02
-4.370443303682055580e-01
-1.344468597677309918e-01
6.655003249310617597e-02
-3.142820165003044064e-01
-6.105551104012674202e-01
-2.183828614272270707e-02
-3.093787934871240486e-01
-1.948617440919911126e-01
-4.954220474921930961e-01
-1.066646220591068284e+00
-2.036485987065589587e+00
-1.259289455780314482e+00
-3.356189689661491782e-01
5.648642692530021769e-02
-2.394753832827406503e-02
3.366140596661995055e-01
4.446083397006473925e-01
3.595469710454319290e-01
5.266183180979652212e-01
6.025391237514348131e-01
8.314996512431529485e-01
1.027549600903910010e+00
-3.620873391378164330e-01
-1.889762519888269265e+00
-6.761863410416555364e-01
6.377211391611085078e-01
2.172457459318247464e-01
9.902485316651046254e-01
5.519480137339426440e-01
5.485605708858889984e-02
-5.342938522051099426e-02
-1.019287086260150410e+00
-1.894319964205383178e+00
-1.751679881343695788e+00
-1.182336169622296707e+00
-7.441426508703135045e-01
-5.975851700668818323e-01
-1.317450916584121112e-01
-1.208306480952463791e-01
1.666709430845045303e-02
3.859031732945480409e-01
3.604751733960663840e-01
-6.454693234002850666e-01
-1.527348538890495933e+00
-1.645325508717959462e+00
-1.337076149447896434e+00
-8.485316866121530577e-01
-2.223171040828981482e-01
-6.395347472010276535e-01
-8.229593518550659681e-02
5.331217694884824443e-01
7.725947271852546816e-01
1.676594242235089349e-01
4.637716313537771917e-01
-7.996654002965986052e-01
-4.600515389141704437e-02
3.717671275411701948e-01
5.049315863926207015e-01
-3.881757270711031493e-01
3.250708537312455015e-02
2.761466480494308984e-01
4.795276420740456347e-01
1.160416806288732339e+00
5.355987662943135774e-01
2.594833820035801208e-01
1.335413378371331783e+00
1.456340480695631490e+00
7.201021570159455987e-01
6.496991738386594939e-01
-4.167759262131617848e-02
7.674960016184427802e-01
-1.848953500543341899e-01
2.161890800209935459e-01
1.611175338415750946e-01
-1.833009928821134615e-01
-4.243507700198583255e-01
1.179254104782117007e-01
-5.099804106386625069e-01
-6.584164881957009774e-01
-8.719870381389644987e-01
-2.581922550914892422e-01
-6.476319100970719944e-01
-5.588669522382077037e-01
-7.500677876263248667e-01
-3.662621125484976092e-01
-7.277972793973840338e-01
-2.596190050539848304e-01
2.170490237720423821e-02
5.026726711176399132e-02
-1.250157708687966496e+00
-2.779439000707882856e-01
-5.963775804898081567e-01
4.531264622438408995e-01
6.924833554812490632e-01
2.557997412161916451e-02
3.652036025380109852e-01
2.942079007565934212e-01
8.245358153756141562e-01
8.728317544026861219e-01
8.626529977755719170e-01
4.198267242719785353e-01
6.733056089468121286e-01
-1.006027220499765007e-01
-6.249088840141038270e-01
-1.411612265329579952e+00
-1.996263813686202093e+00
-1.309413323215171454e+00
-2.005997967474140609e+00
-3.362621033479045174e-01
-2.053209946943640229e+00
-1.544549166346627977e+00
-5.569803652892263424e-01
-4.968781661897319069e-01
-1.357995862796464170e-01
1.816585014715978164e-01
1.979357906301937586e-01
5.250032452105866110e-01
5.366661943970669757e-01
5.381182101298505049e-01
3.985537327314714329e-01
-5.953790874610781492e-02
2.595373017009134919e-01
6.171186740849801122e-01
8.358628023376374339e-01
1.402494810386649471e+00
1.811572524589628030e-01
-1.974572813195105914e+00
-5.543996841970805223e-01
-1.045967916232371231e-01
-2.145975140594202468e+00
-2.860312415564940647e-01
1.824448066759025433e-01
2.308722421550918058e-01
2.556564657239605021e-01
-1.209218713086162300e-01
-1.836405231136699900e-01
-1.312953880721984268e-02
3.530801843304506304e-01
4.975247606552825053e-01
3.312839399961624576e-01
2.619337095547099592e-01
1.506598488156521976e-01
6.279154747350077503e-01
8.372223643348233324e-01
4.714832029145425984e-01
8.841471573374644066e-01
9.481998805610754033e-01
5.090579863603812427e-01
5.346013772698746669e-01
2.802261504996070851e-01
2.868731413141077935e-01
4.130871609522684951e-01
5.396344765458552795e-01
7.430204125739899856e-01
-5.753558148667616834e-01
-4.021091524682269824e-01
1.175065611498475049e-01
-6.483629925239942082e-01
-2.600146630465529629e-01
1.179849331918651156e+00
1.015774968184011362e+00
-4.274854175195366146e-01
2.049283367944423062e-01
5.964731345584626254e-01
3.424615847388188250e-01
8.414314460451854938e-01
7.375415415049296763e-01
4.290204747813033404e-01
-1.421627245843756771e-02
1.178477185478122857e+00
2.557563987827496721e+00
6.125830475114745211e-01
7.055277401578861074e-01
8.920706350125876538e-01
8.910016079147654589e-01
1.004275462812786568e+00
7.635633503646382936e-01
1.043452064931750689e+00
9.467828859787160711e-01
3.705217003872816051e-01
-2.639067289998984212e-01
2.790754141074504036e-01
6.788167447867954341e-01
7.918793407793002226e-01
8.322691105521750066e-01
1.479532994482927466e-01
8.365140793506778971e-01
1.232972756018231530e+00
5.966589427554664926e-01
8.288162734249274743e-01
8.799411998080322039e-01
2.938685357781893881e-01
6.227215721448400298e-01
5.270546162264068135e-01
7.457067017097295247e-01
-3.955710233204881021e-01
1.461535828804123305e-01
8.308767611434539901e-01
7.361628988147956854e-01
4.933554826261185022e-01
-2.915814647356834710e-02
-7.987000108617883232e-01
-2.539271662324508183e-01
1.345354660468965347e-01
7.874596777755353827e-01
-1.831891213864433043e-01
4.530496682429943633e-02
-5.723604579557095562e-02
-4.307191785947757090e-01
-1.394507386865011078e+00
-1.369301919413162150e+00
-4.577760368791201628e-01
-8.905418466542092126e-02
4.942170916845550765e-01
8.457181003031963296e-02
-5.322057881996957729e-01
-3.641305270541610462e-01
5.528381672366744493e-02
-6.448182151600093115e-02
-1.448795546506840504e+00
-4.191142983527048615e-01
1.764167312002957178e-01
5.764774691833278453e-02
-1.158124021664861614e+00
-1.203380893544829133e+00
-1.200200021878297107e+00
-1.051805961647166665e+00
-5.716143958791698454e-01
-1.063078973617511469e+00
-1.753370302112004175e+00
-1.956395926448080802e+00
-1.983019285389463482e+00
-1.672165818906794721e+00
-8.326738141319395270e-01
-5.146384033075777076e-01
-8.698772720953845683e-03
-2.572300877602675673e-01
-3.569723185419420020e-01
-1.161165911234634196e+00
-6.782144443270297085e-01
1.901004706311529291e-02
-8.187160083099662700e-01
-6.393691011488629172e-01
-4.369749600391501509e-01
-1.415844994183836081e-01
5.331212206586103397e-01
6.073906849808845265e-02
-6.839814507706427626e-01
-3.687772856500942664e-01
6.218756160399431521e-02
4.995855155850857932e-01
4.375151773183406645e-01
5.106253652120118502e-01
5.734082990567459515e-01
5.400040110543196104e-01
5.348599515069767385e-01
1.974450906940213579e-01
6.114350592888797564e-01
5.100554761539495274e-01
3.048176033816740738e-01
-1.002071269540368181e+00
-1.671332220542210090e+00
-1.392028847450240248e+00
-1.431788443850147141e+00
-1.732032843848133608e+00
-1.303309404312004594e+00
-2.850807367402784509e-01
-1.036744132082507930e+00
-7.145529719555816506e-01
-7.045294057844483371e-01
-6.266421232053361878e-01
-2.005321784975611532e+00
-1.302836710200753645e+00
-6.391500431751563349e-01
-2.088571630600954687e-01
-2.848721993743725811e-01
-1.313824873119322501e+00
-1.422089158938512954e+00
-1.206551659449125458e+00
-1.552636362498944989e+00
-1.593960099532164110e+00
-1.083897422526824750e+00
-1.639415658981994151e+00
-2.051151720617609975e+00
-1.192303956796062048e+00
1.343615044353115573e-01
2.715003739694078488e-01
-3.688011587465062080e-02
-2.477731841208808128e-01
2.731361674823561403e-01
-1.708391922109682437e-01
4.115573592576610151e-03
5.243410956241058019e-01
5.398818652071396551e-01
5.820748605043993829e-01
8.219016888919462582e-01
5.194415862821726293e-01
8.345557675030931266e-01
5.639949789474992814e-01
3.696178126966807587e-01
5.439603591743920052e-01
-1.260894532915884103e-01
-1.652617590286404647e+00
-1.117769413898015207e+00
-6.638571042589996862e-01
-2.220226927107172010e-01
-2.090815463517184114e-01
-1.335915199491604310e+00
-9.792524189961773207e-01
2.801117506191782569e-01
-4.090681038136678715e-01
4.986542375112357206e-01
7.392591656458303850e-01
-4.950098144992637339e-01
5.657386215728262835e-01
5.787158160439338506e-01
9.706811474930161499e-01
1.266101031782434161e+00
9.647779905875546458e-01
8.674450673263847111e-01
7.422588175009190437e-01
7.349186727563530308e-01
4.130349598964653257e-01
-3.287910856970975848e-01
-1.631675912958395758e+00
-1.058666635560624458e+00
1.804432910885102881e-01
7.144653931580086104e-01
-1.323624139192580484e+00
-1.067268170377648095e+00
-6.419539922242079033e-01
3.845702133116321586e-02
3.089061868498786945e-01
3.052330198892809210e-01
-1.345052574632608744e+00
-2.122679501345480890e+00
-6.535858678142354439e-01
-1.638793049570387739e+00
-1.147042187574215610e+00
-1.613913907774620293e+00
-2.190925323832089600e+00
-9.557795473201291525e-01
-5.052881240090136838e-01
-9.289205178942581131e-01
2.855545213554799844e-03
5.797572741686578546e-01
5.913914025946694908e-01
5.883857841859321813e-02
5.896005319850716742e-01
6.007867383645966175e-01
-1.135926281680407657e+00
-3.148686937960802901e-01
-1.292844413996069586e-01
-2.368431289675642926e-01
-7.598496726409422752e-01
-1.641066864194160368e+00
-2.178214981465438793e+00
-1.816119715506727905e+00
-1.448316522126157357e+00
-8.289539721526868465e-01
-4.133873999122246179e-01
-5.573228850420406388e-01
-1.755491299937742111e+00
-1.251645938739743835e+00
-3.732882198506101146e-01
-1.312131434499919924e-01
1.918991050770805784e-01
5.468288213202665560e-01
-9.099824366921085983e-02
-9.543284458209084775e-01
-1.022087610219304610e+00
2.263906803858040384e-01
6.178343504164531819e-01
1.866073071908939396e-01
5.473187925088314199e-01
4.974541344367400253e-02
4.004440921485875604e-01
1.144502858547786911e-01
1.042077152360871284e-01
-1.313652440328086091e-01
-3.891500943247163669e-01
-1.244025096002745912e+00
-1.571682684832788501e+00
-2.104843081667965077e+00
-1.886861250068209594e+00
-1.130467065768048007e+00
-9.629747642017183473e-01
-1.725524868132210177e+00
-1.862238832374082387e+00
-1.019057742130198507e+00
-1.523477910101150412e+00
-1.949105255014295546e+00
-1.423402618131189179e+00
-1.638135235871235329e+00
-1.648131839172216617e+00
-2.735409714442754714e-01
-6.920712208151723610e-01
-6.001898716969543690e-01
-3.863003988233060237e-01
-9.726456549973931942e-01
2.035615847276169010e-01
-8.755452452234371852e-02
4.585388934096109592e-01
7.508633622091126503e-01
7.523130716894912418e-01
3.477054314087596465e-02
-5.572269938460345795e-01
-1.083675394354790544e+00
-4.784835560681682809e-01
-1.935156719284033267e-01
2.042350690980866967e-01
-1.636592499088954100e-02
-3.970922936524197144e-01
-1.074541505298990396e+00
-2.360720627447614461e+00
-1.374771172879209358e+00
-1.284493968392040886e+00
-1.267994799312776699e+00
-1.016338375676479000e+00
-1.529661194057354567e+00
-2.200907841181245939e+00
-2.556838160946495631e+00
-1.467246092283684300e+00
-8.640398090029106637e-01
-8.212195237193619102e-01
-1.772822039530862925e+00
-1.395123389057575158e+00
-1.935883226110476807e+00
-1.683393167123671486e+00
-1.883758232953116396e+00
-1.195840702673621303e+00
-1.258549996422159811e+00
-1.641752377453679523e+00
-1.681036986548731127e+00
-2.005111716687377310e+00
-7.758827492534401404e-01
-1.096091760201530485e-01
3.007686519813964066e-01
2.627178679701012154e-01
1.706421002883354021e-01
1.763155177173873767e-01
3.119213514983601998e-01
-4.822932604866134176e-02
1.377516884156330945e-01
-8.349924158952484188e-01
-2.375169399501564804e+00
-1.861000577194313221e+00
-9.930793361131984298e-01
-1.272158222243816361e+00
-8.830109053063961433e-01
-8.959237207418322413e-01
-4.517206782203571080e-01
-1.108192732737818043e+00
-1.045980942992084106e+00
-1.222820739403266854e+00
-1.799422646965375350e+00
-2.246108710420188448e+00
-2.169813871386452320e+00
-1.876898495712101989e+00
-8.697210743807197719e-01
-5.676941520916888306e-01
4.422453575006340953e-03
-8.671964130713818997e-02
-3.428899088748318946e-02
1.632860320297240819e-01
-5.778468576260323841e-01
-1.047334546459497695e-01
-1.605630008498752648e-01
4.051556942705710762e-01
5.112282206870472079e-02
4.419501413859784344e-01
-2.316180132549778004e-01
3.531139235497541828e-01
3.778568838432027621e-01
-2.432343500720673679e-01
6.686096530808777194e-02
1.853237077990490533e-01
3.217158106580546573e-01
-6.705156095026137963e-01
-3.285586041553619774e-01
7.498150403649228579e-02
1.518587430300848140e-01
3.873440518782403919e-01
4.063110034490817757e-01
-1.267277894913077796e-01
-4.326469618949038143e-01
-7.499748591279076226e-01
-5.048589478040215184e-01
-3.204219690469216619e-01
-3.659523778605571209e-01
2.571667848894989561e-01
3.700044925475581836e-01
-3.466421667749191027e-01
-5.226171209317946875e-01
-1.812120887719721241e+00
-1.120819811585115622e-01
-4.128242519071765315e-01
2.062696385635515439e-01
8.696751490683105046e-02
2.066793856491999648e-03
-5.958813600803487542e-01
-8.027420110405272258e-01
-9.546285655720150309e-01
-3.057756424094526526e-01
-4.917387042575387390e-01
-3.023472061049297110e-01
1.366382396249544995e-01
3.077602001549789579e-01
2.343696486505460752e-01
1.167868236052964498e-01
2.274586103117817171e-01
-3.635670725498865719e-02
-3.502737535715466644e-02
-2.187118113762575311e-01
9.532787616753181370e-02
6.289466580163319276e-02
2.410095077361810723e-01
-5.771857794280130238e-02
-4.621086270395178275e-01
1.116890098221060001e-02
2.672394644882586934e-01
4.857850420894554988e-02
-1.015057820506667929e-02
-1.756122509348806149e-01
2.856728719722233523e-01
-3.632325825026994082e-01
-1.144039464264995087e-01
9.891381039095317740e-02
-4.979935183058753490e-02
-7.559908332949634158e-01
-4.019431676393423469e-01
-3.640642581422572910e-01
-1.094128578962555720e-01
-2.417068717106821141e-02
1.313328090835838291e-01
-1.000329809632261868e-01
-1.701722643457468653e-01
-2.787382301340591839e-01
-4.918266598024726433e-01
-7.423075743498326329e-01
-4.860753482804351933e-01
-1.204181054581358046e+00
-1.970328807390025194e-01
5.264680948185664899e-01
4.536888334186743865e-01
-3.249219052176268718e-01
-7.306383169218976237e-01
-1.308623559540515791e+00
-5.603251374108663141e-01
-2.520068006000332206e-01
-1.100500826960103262e-01
-2.545889810980233037e-01
-2.701102479115824462e-02
-5.246696063996034720e-01
-1.649268203440901415e+00
-1.707063964277041324e+00
-5.623045969956055323e-01
8.167128635202608455e-02
-1.243006227997464908e-01
3.254889492226208381e-01
-5.703138572061389189e-02
-3.477185514948952783e-01
-3.841236159776154624e-01
-1.804145027932883283e-01
-5.285373067727813789e-02
-4.412714281057186771e-02
-6.577982083495116372e-01
-1.170813737498556995e+00
-3.668265538089159339e-01
-4.757260030020529218e-01
-1.361888774774640820e-01
-1.724569809263230835e-01
-4.657449354554556997e-01
-1.645374848032498394e-01
-2.083670686058357868e-01
-1.694211737025849596e+00
-1.950191113198408432e+00
-1.537367058595012548e+00
-2.465734715246689357e-01
-8.684367518706362365e-02
-3.410266277799017809e-01
2.627357905071029398e-01
4.222203895077153435e-01
4.612763871527435500e-01
-1.540080399838050784e-03
-5.050970145842346160e-01
-6.139564909460906161e-01
-3.878304426453381692e-01
-8.587301166691068133e-01
-1.802785370747398641e+00
-1.501932798357194621e+00
-1.229292012381707710e+00
-1.203646722618918474e+00
-1.357611232330888651e+00
-1.954057093471995410e+00
-1.430578479214119847e+00
-1.549814959797301217e+00
-2.059339976117580129e+00
-1.235831986580951725e+00
-4.485658774010092831e-01
2.052550433607501779e-01
1.592064358324931650e-01
3.801025257767157717e-01
1.859122691617892953e-01
4.512333091986425737e-03
-7.766097073680318097e-01
-7.025523825207852235e-01
-1.928257335067997402e-01
-2.389169988248900645e-01
-5.613136824285881454e-01
-1.576932554734553182e+00
-1.182329119468257916e+00
-1.287103976231946112e-01
1.511323323394166418e-01
6.142165281714939695e-01
4.985706706866397386e-01
1.867447649135432208e-01
4.956587113727006777e-01
7.228175945486965404e-01
9.576185014235355508e-01
6.855045620010162821e-01
2.950340055452689292e-01
5.713246437354621010e-01
6.637970420232145452e-01
7.564224821356168027e-01
-5.447485093129669775e-02
2.975555115746694179e-01
3.545931726884428148e-01
4.004190891760566196e-01
3.413800391537338830e-01
2.142165123737180266e-01
1.311027518979155926e-01
4.597622276539299335e-01
3.588188156064341383e-01
1.783727742621785961e-01
6.129554914896857554e-01
-5.905238783774330313e-02
1.655030402117788624e-01
1.461847415701069963e-01
-4.410709894431627531e-02
3.045653952069615755e-01
6.210580469626749700e-01
5.271292171000205862e-01
-4.450487836890948401e-02
-3.843452571764380821e-01
-2.388058350249209483e-01
-7.776806962303176585e-01
-1.672047150066892085e+00
-2.232651789787155394e+00
-1.211864060570210011e+00
-1.181852037827404223e+00
-2.010757928923687210e+00
-2.367897177546858689e+00
-1.122020696586766952e+00
-8.127126770807560630e-02
-2.666134511517702643e-01
2.261691887255945499e-02
1.344350588763465471e-01
7.070223451686610816e-02
1.308485108566742883e-01
-9.077074692992241900e-01
-7.493840571468739498e-01
-3.254549907851711499e-01
-2.906123248670596793e-01
-2.579908717642038773e-01
-1.957790787560440837e-01
-8.107908525744922379e-01
-2.229040967702288489e-01
-2.573651536736296097e-02
-7.217732849223470470e-01
-1.677298453251826915e+00
-1.014641282240305697e+00
3.930396158929758688e-01
1.343250570343967887e-01
1.418428150633536111e-01
4.823111965655836331e-01
6.889630443672964955e-01
-1.540429266653836893e-01
-1.347934263046250747e+00
-7.545009632609785966e-01
-2.476389952287578466e-01
-1.237339787038287620e+00
-4.767468755041801565e-01
6.265878297956550824e-03
-1.707901680512905196e-01
2.284494231836277089e-01
1.748313103161669990e-01
1.593840149127407901e-01
3.038817986880753552e-01
2.300268202466999590e-01
2.039315079855327228e-01
-1.151194821910288268e-01
2.985460998003397481e-01
-1.045588349162858421e-01
-4.397615074304003779e-02
-2.091261692142383499e-01
1.229162356912980314e-01
1.424456281279815051e-02
-1.321081019032251058e+00
-1.933769378684756512e+00
-2.200260241270065364e+00
-9.152405290831986395e-01
-1.504725165579110735e+00
-1.868646618761533318e-01
-2.647154415501085101e-01
2.447353090853274238e-01
-1.858315505781224508e-02
1.979162285036511759e-01
-2.530190035964674511e-01
-1.241401535599440387e-01
-1.032479114584970437e-01
-2.079627129765865279e-02
-8.946865375445252067e-01
-4.895965291697900179e-01
-6.326719332568473408e-01
-1.175986597320285876e+00
-2.102834321841576593e+00
-1.143458941714672106e+00
-3.936824667675671297e-01
-8.273134090119674822e-01
-7.021259983156671325e-01
-1.840071301475436627e+00
-2.046455469490866097e+00
-1.571571965389910508e+00
-4.187780345783922442e-01
-4.335120653033205373e-01
-2.100673843281723741e-01
-4.180893426656027145e-01
-4.781367351729346460e-01
-4.167597177789192919e-01
-2.750011705737460677e-01
-7.831732619972137099e-03
1.935367761647178442e-01
-1.269965714824378589e+00
-6.508603335998675021e-01
-3.072929276430128032e-02
4.997816930198062391e-02
1.968567905286987829e-01
-3.531684458533392856e-01
-6.820985493273288292e-01
-7.777767709596733470e-01
-9.244432557499948633e-01
-7.364540221274837872e-01
-5.010530350266210187e-01
-3.800507944258588733e-01
-7.137159644884040199e-01
-2.624823652434015164e-01
-3.064522393873924111e-01
2.650474028836151685e-01
7.075069817176258269e-01
6.147171251236944745e-01
6.834890636622088511e-01
5.441248899519726123e-01
7.259300127179890705e-01
4.409534783202433417e-01
-1.078693719009371221e-01
-3.604775546957370569e-01
-1.659223448805779710e-01
-7.906997575641304676e-01
-1.016716767207863359e-01
-2.209211141241210485e-01
2.286493330466007889e-02
4.873526277193498402e-01
2.836004579669556547e-01
-1.261078223346014049e+00
-1.846617966547028145e+00
-1.419760472244651905e-01
-1.400336026213011786e+00
-1.476795813243809485e+00
-7.105162371023150403e-01
-1.168754449485519542e+00
-8.758670595089634858e-01
-3.430474343743383780e-01
-3.409029977777178200e-01
-4.225848005419190478e-01
-9.506564559446706308e-01
-1.165215537780145860e+00
-6.705928627947821408e-01
-1.512193876213663524e+00
-2.115110984134327410e+00
-1.678663710268929465e+00
-3.947232121874100219e-01
5.380971062614575695e-02
-9.250197410970475986e-02
6.656664711177100180e-02
2.864211396694269496e-01
4.729299478467676732e-01
3.850906781015881464e-01
-1.793083695973347880e-01
-1.134789574131306100e+00
-3.277803215234720291e-01
6.571979817515122280e-02
-4.272816200161033695e-02
-1.479303016348481326e-01
-1.038971935070420294e+00
-4.392365651831435791e-01
-3.836225954542514804e-01
2.125398376534836653e-01
3.667651539823325590e-01
3.486807832600791190e-02
4.780803155862635156e-01
2.834405293388486680e-01
2.803775588734864765e-01
-1.581119079153423812e-01
-6.140142171805783589e-01
-3.607225997794627492e-01
-4.802944883784645569e-01
6.241101416549363345e-02
5.924343139029192296e-02
5.406974830315208758e-01
7.672093845800281864e-03
5.054720755360495588e-01
7.507236789948943390e-01
9.657440065420302977e-01
7.769279887664803930e-01
9.106544105132389211e-01
1.125410400888700035e+00
-4.030850718981606740e-01
6.826084225692867768e-01
5.504431060970187417e-01
6.487894397838644966e-01
2.484683956723779119e-01
2.217780259196902581e-02
3.812386249409924766e-01
6.545222487695681601e-02
-8.910880536175389000e-02
-3.487192811670097869e-01
-2.006653668927889933e-01
-2.150404146784033355e+00
-1.619660334808873614e+00
-3.512810446165266498e-01
-3.186879834066426165e-01
1.164276327552950102e-01
3.047186985953790339e-01
4.553047756171627602e-01
-7.029535176757792936e-01
-2.113574599508394769e+00
-1.224063003126813820e+00
-1.587231310042017007e+00
-1.670222674679822106e+00
-6.841257213406148896e-01
2.573793045883185360e-01
6.323501032967455693e-01
4.775791824727791957e-01
3.925775017664345778e-01
-3.868235494024363508e-01
2.219250166371117272e-03
3.148270416829486162e-01
2.646335026946684543e-01
3.040704451899711724e-01
6.169205643133874872e-01
7.766636199216943037e-01
3.902646758867549526e-01
-1.858433084689110892e-01
7.137133823589167370e-02
-7.707106181647185306e-01
3.650458526221576905e-02
3.479858709795877192e-01
6.901931277564390954e-02
-8.337015500076738750e-01
2.762777336664911654e-01
4.979726110604709710e-01
2.539482424607558686e-01
-7.491195193723310108e-01
-1.251722467350950607e+00
4.435942976138506078e-01
8.182467996068119032e-01
-2.441425319005141870e-01
-6.841666516797587638e-01
2.270353742767998451e-01
7.120115804338404963e-01
6.309981188555450204e-01
5.461805330038923545e-01
-3.765528418069654659e-01
-2.339976014660923032e-01
-1.224031292542760718e-01
-1.074921621923712600e-01
-1.517173730276301757e+00
-3.908431086358308271e-01
-3.093425709788786282e-01
3.396950994749341479e-01
-2.051626969087663732e-02
-6.410818377088015607e-01
-1.204151662448799787e+00
-2.912749331600541502e-01
5.292254354996962507e-01
7.072908883121298285e-01
6.607288492674986413e-01
8.817884250197646212e-01
1.581183573958840460e+00
-2.871565859864428916e-01
2.060799302491348739e-01
-5.772829335899456460e-01
2.396770113835765270e-01
-3.855952904431768635e-01
9.915388293097329164e-01
6.289640253593981045e-01
-6.578082182335187600e-01
1.931601373599545202e-04
2.096402721030869720e-01
6.057733555715183460e-02
3.380643127260062331e-01
-3.613940827214706664e-01
9.889434156460787939e-01
1.260819843981652033e+00
-1.705597756122989306e-01
-7.054599749157313138e-01
-8.709916692115704517e-01
-1.257770016359123444e+00
-8.885762827914762685e-01
-7.188592904380673998e-01
-1.356252576183562819e-01
-3.600118459274509464e-02
3.054870665832745136e-01
2.563029033980652738e-01
1.816619049244379280e-01
-4.439598491211114162e-01
3.181601646024563856e-01
1.762413396951420796e-01
-2.046368784184477707e-01
3.335243623003119051e-01
-5.164449461409384434e-02
6.503178920462062695e-01
1.000183050340192337e-01
5.041251058760624071e-01
-4.618932779845387193e-01
-6.810233766186034599e-01
4.672773668073404441e-02
-1.177166420174757810e-02
1.392024856180961168e-01
-3.871591296517877812e-01
-5.841664435008058209e-01
-2.808737544247387197e-01
2.187573591014045915e-01
4.664507147327728864e-01
9.425469947730795717e-01
5.650087950917325186e-01
2.243208556031182355e-01
7.010001807751644609e-01
7.432713306631303363e-01
1.341778030805665045e+00
9.386374505883754438e-01
8.204446493309143218e-01
-7.875593825362918743e-01
-5.472622740062146884e-02
-5.334202769114351206e-01
-9.599808494865633146e-02
3.597883561166500543e-01
5.878490850678020907e-01
-2.441968965140421111e-01
-8.768458515191552838e-01
-1.449418942740327454e+00
-8.988384246910656739e-01
-6.003251937287792939e-02
-2.129651950064606891e-01
3.555385629841023576e-02
1.909826878415154250e-01
-2.218096904135759273e-01
-2.832081039606580974e-01
-8.304110952152729541e-02
1.067152341076241101e-01
1.124223198428196957e-01
5.806600517945340600e-01
3.968730980081273119e-01
1.196806371713969419e+00
1.245848851277422620e+00
1.216397051485736069e+00
1.124209888990539419e+00
-3.249845853121513528e-01
-4.198185086457526527e-01
-2.884483286205667962e-01
-3.200182257450834289e-02
-3.820991554170654059e-01
3.492419810228069021e-01
7.026305095452115568e-01
1.164336741580235479e+00
1.203061136028805267e+00
1.314940239036733738e+00
1.202303462507467113e+00
4.919928665515937993e-01
9.530016481203612555e-01
8.475676531849046791e-01
6.576577261504273908e-01
4.456289970459419436e-01
6.127040514776305180e-01
3.212605967964469178e-01
5.312206126308276488e-01
6.463657115990415480e-01
-1.882910895632921855e-01
-1.102124601784012226e-01
1.533482321359246614e-01
-3.611092394945230044e-01
-3.897047812301146497e-01
-3.548429148328215987e-01
-1.012793638444922928e-01
-6.810698665324304013e-01
-2.316729625536078363e-01
4.233087380907460395e-02
2.638278856590018373e-01
1.122433308650408190e-01
-1.270275197831834124e-01
-5.814909668617893046e-02
3.424706065080346251e-02
-4.995349776716926371e-01
-1.095413200189470304e+00
-1.413971096513927606e+00
-1.058937200882712704e+00
-6.476105218703762656e-01
-2.810647085437185666e-01
-3.740828718998071567e-01
-3.898609398365252554e-01
-5.742614607207749966e-01
-7.088353029436310626e-01
-4.157479100474836820e-01
-1.980233474942427463e-01
-3.306937013602476161e-02
3.162863350446227795e-01
-2.769705839412492376e-02
8.700249658313563561e-04
-7.558371804414937278e-02
-4.240899833681852638e-01
-2.481337627008613211e-01
-5.431391919131725032e-01
3.857150085834708531e-01
4.975043043127441722e-01
5.337182105692227507e-01
5.912780733658352661e-01
5.881999756918181443e-01
1.861241950797741518e-01
6.037017480902403532e-01
5.209039722051641563e-01
6.645993756710193434e-01
7.887901422075640490e-01
5.167538135083051820e-01
5.103809657581679371e-01
4.777446150748276832e-01
2.330951669962606221e-01
-3.495944969455614393e-01
-2.899409942109900662e-01
2.208507079554697383e-02
-3.297504608657707559e-01
-1.128468910254445678e-01
-7.568206316371747788e-02
-1.222985674390068001e+00
-1.494926047651698342e+00
-1.652354427404566506e+00
-1.843827949792443688e+00
-1.735345771364395828e+00
-2.017854505316268199e+00
-1.496561177336207527e+00
-5.761825285700392651e-01
2.099768822211258434e-01
2.828320029405978486e-01
4.341668628108037442e-01
3.346286708600293425e-01
3.950688002917434050e-01
6.269514934366863246e-01
7.317193891993057919e-01
6.374793906993901915e-01
3.228652893088029274e-01
3.658759122412732490e-01
9.154755349376361706e-02
4.435653562398790273e-01
-1.158875134735291301e-01
-3.281042024880723162e-02
4.645685317412489024e-01
2.614033419236450051e-01
1.063032920525510960e-01
-4.410043223001613999e-01
-2.516116144788576037e-01
-7.485709697450229627e-02
3.863324748836559630e-01
4.161954607075938339e-01
5.853376048022744804e-01
5.844484431708003580e-01
4.609475212960357782e-01
4.280518215071957844e-01
5.111793357186584785e-01
4.615494399629956890e-01
3.023375039529055397e-02
-2.537763019920014074e-01
-6.399416148978201435e-02
-5.602403342676547382e-01
-4.376060543539108671e-01
-7.128228247530146167e-01
-3.723195170617085159e-01
-8.157343749240956177e-01
-5.298160260816564548e-01
-6.965873855054290908e-01
-8.402671588845015416e-01
-6.897757310611121184e-01
-1.547037201156850506e+00
-1.725044128537826404e+00
-1.607690874827657268e+00
-1.909819907388620175e+00
-1.715978877131530744e+00
-1.733856499158337172e+00
-2.165479782700447497e+00
-2.216888453419699978e+00
-2.226657108983961297e+00
-2.395915453659573036e+00
-1.925159528753667137e+00
-9.482261735358379351e-01
-1.173347254390190442e-01
-1.449358739957671949e+00
-8.397736337991587030e-01
-1.497032079660773229e+00
-1.900675006787946986e+00
-9.733168880325342442e-01
-1.948614407055597519e+00
-1.629520107129160511e+00
-8.602562548745373849e-01
-2.216199522399511512e-01
-3.343991633926777229e-01
-8.085222841619295053e-01
-6.327060796565867618e-01
-1.422164975381628560e+00
-1.387046707181265326e+00
-1.251256852390175700e+00
-9.661513001547918922e-01
-9.126862267481234969e-01
-6.921849864301770072e-01
-4.234976882213539184e-01
-3.378479204311780615e-01
-5.130295037150037762e-01
-6.813991157155988021e-02
1.317582766911945258e-01
3.238846827641130854e-01
-5.861849230045793058e-02
-1.837289881299132011e-01
-4.671031047544349502e-01
-6.038453268001549024e-01
-2.217479941453443237e-01
-3.349947637467559636e-01
-1.684917350941199876e+00
-2.062512994747311978e+00
-1.383880301694298653e+00
-5.758880082247629373e-01
-6.687469978954434513e-01
-5.996293762017546047e-01
-6.692730195625742895e-02
-6.775152422741828606e-02
-1.161745349475099831e-01
1.918315888725033724e-01
1.274241781514657557e-01
-8.402432449818015847e-01
-1.687254137990034319e+00
-7.684958968787372058e-01
-1.699400438365155364e-01
-1.214649908240430065e+00
-1.233146465536287817e+00
-1.540754011034805471e+00
-2.101223469100361729e+00
-2.085067147341816085e+00
-1.559458428713033085e+00
-1.464558625760070676e+00
-1.199755546987326449e+00
-1.031874896997136748e+00
-7.596145850961083523e-01
-4.758465900552284467e-01
-9.889952728926612591e-02
-7.047593686867972274e-01
-7.340201297248079015e-01
-1.392248946541882137e+00
-1.127249208213878306e+00
-1.386689233516179565e+00
-3.929439705493851243e-01
-3.863315045105656376e-01
-6.804723396917685685e-01
-2.943869405953070117e-01
-1.365042056362840484e+00
-5.083845237452275789e-01
6.966078995459720757e-02
-9.897082255895981451e-01
-1.264710944857015518e+00
-9.643189455071197180e-01
-5.417407270431691124e-01
-9.065370732534359099e-01
-1.501294222638011933e+00
-1.170496482704662444e+00
-7.022565926075816645e-01
-7.921102773611744530e-01
-8.275497135900415913e-01
-5.875489624453176241e-01
-1.796798476194408911e+00
-2.061658883193091985e+00
-2.366451405652904683e+00
-1.308496326431581425e+00
-6.196614977387868706e-01
-1.303182586661309206e-01
2.037709393199688968e-01
-3.391388106452740692e-01
-1.428450978393772441e+00
-2.193210121117305622e+00
-2.582689424076612283e+00
-2.874972983058401432e+00
-2.004144611405524135e+00
-1.715223043459223051e+00
-1.542344449055756739e+00
-1.589617299679277673e+00
-1.303259905749358571e+00
-1.787916434320886427e+00
-1.424116434813394338e+00
-1.507797649071684454e+00
-1.509888243555925991e+00
-6.322021741645714732e-01
-2.124493020828356615e-01
-3.848087110748469319e-01
-6.451421809722274192e-01
-3.020416548218722852e-01
-1.239879182980241135e+00
-7.913705086696568580e-01
-5.764365483529597656e-01
-1.169410781721362147e+00
-1.608871280534596826e+00
-2.031859393096960620e+00
-2.315881364742775173e+00
-2.251982690900512285e+00
-2.182016641999355411e+00
-2.033678421751516918e+00
-1.730525516157157551e+00
-1.385544827860699213e+00
-1.076424056467283119e+00
-9.560026333825126788e-01
-1.167406904283169622e+00
-7.545217082696048516e-01
-4.377179646125211043e-01
-6.478687045758016461e-02
-1.134584751985402429e+00
-1.323593578353089883e+00
-1.680428420534362033e+00
-2.029542248908496216e+00
-1.147416663038450357e+00
-1.241748348313263417e+00
-1.692792702721553022e+00
-1.544954136929800992e+00
-1.820873467485739416e+00
-2.142361517614142841e+00
-2.126367357500523969e+00
-1.652400204227874037e+00
-1.171995983470530467e+00
-1.377050220652405788e+00
-1.906122397896435894e+00
-1.557486354045505728e+00
-1.018470966461384242e+00
-7.275890578511066131e-01
-8.932569065686157828e-01
-1.051962574482344204e+00
-1.890161835852019800e+00
-7.123976512860323851e-01
-4.534897451012549485e-01
-3.159040404053607975e-01
-8.355759340451546224e-03
-3.682686991207970717e-01
7.734070902536513414e-02
5.482530308468822611e-01
-3.462754845172409945e-01
2.347017318835203648e-01
3.206345935577246120e-01
3.310393997543510380e-01
1.003265445641669418e+00
1.256568469321551751e+00
9.944216838118569157e-01
5.087789817432321060e-01
4.315242217217282183e-01
-9.922442259648642793e-01
-2.652437389373470955e-01
-7.992426303327422321e-01
-2.807959367456233646e-02
-6.637877203665044634e-01
-3.199495989832392695e-01
6.605174223060480965e-02
6.892576375450540915e-01
3.315609426863590503e-01
-2.480637142545376872e-01
-4.162955407879193048e-01
-1.123072837147596870e+00
-6.723601494838178372e-01
1.373691324709611916e-01
-4.039822426292518642e-01
-1.751298620269156614e-02
-4.266395471483011015e-01
-1.230859115490466060e-01
4.309094954800042343e-01
4.001723686161715587e-01
2.461359183697930109e-01
3.814966038440994467e-01
1.062575672102267499e-01
3.358979598536474542e-01
1.820765498152590589e-02
4.811382482833544971e-01
5.624073400002764789e-01
1.845203007475166301e-01
-1.428782513348627381e+00
-1.811015084408612141e+00
-2.200684090449593011e+00
-1.213099042515434656e+00
-1.156728522752609845e+00
-1.186836426451991056e+00
-1.732117144542433540e-01
-1.229016257932425138e-01
-2.437717085895712843e-01
1.832744634701943542e-01
1.734926133393185632e-01
6.787674925878232068e-01
5.092977703352871144e-01
4.110225961074373546e-02
5.614750695614834086e-01
1.286724610218540066e-01
7.322923359791880249e-02
2.843902594374581039e-01
4.267115448194052085e-01
1.968852684639605666e-01
-1.629061454806543796e-01
1.576619347669724058e-01
-9.642385604369392293e-01
-5.082128902391243042e-01
-6.827963303750281265e-02
1.350344443824477714e-02
-1.863938234110324166e-01
-3.342714537162961852e-01
-4.339275051828009877e-01
-3.268450637241542278e-01
-2.536847840433662515e-01
1.540694126017390364e-01
-3.755001822079515605e-01
4.497093138070037410e-01
3.477602806260073898e-01
-9.639845531870001594e-01
-3.092782430453706599e-01
-1.645193823897538099e+00
-1.016891482383491363e+00
-3.245454378008509888e-01
-2.370676663761342451e-02
4.385673123812078300e-01
6.351672379167987437e-01
2.408582705107681077e-01
-3.609920286881769247e-01
-1.495712951328186102e-01
5.049612158842208265e-01
5.395292671411456853e-01
-5.834558356565905379e-03
-9.847435464604887834e-01
-1.383310648908331775e+00
-2.170963676614825921e+00
-2.400900547508720617e+00
-1.194631382722373347e+00
1.061872428209580110e-01
4.233604515283954095e-01
-1.223819265677312140e+00
-2.318295191025125490e+00
-2.330541819260615544e+00
-1.481211848893279948e+00
-1.189469745350845598e+00
-8.163340843776687450e-01
-7.007212538239543376e-01
-6.275097073899269517e-01
-6.070810503837762440e-01
-3.518811459650499351e-01
-2.780037781477422421e-01
-4.214402460647787008e-01
-3.151045008039143891e-01
-2.261374386133671310e-01
3.095780199545126177e-01
-3.277519880014179154e-01
1.673111234326803698e-01
5.666120879648430808e-01
4.375023432754974184e-01
5.999780833448934425e-01
7.443845728148561491e-01
8.766159597517666491e-01
6.360676954546056194e-01
-4.134288985254779281e-01
-4.419345046408281741e-01
-2.749765972262023794e-01
-1.674838353377772426e+00
-2.100163650390774350e+00
-2.823290891198311225e+00
-3.153275540327891591e+00
-1.930498244219223780e+00
-8.183487078899240874e-01
3.617104272979507207e-02
2.795938961386384980e-03
4.772210000067341751e-01
7.776140800565409794e-01
4.860133742406748114e-01
3.893183758463595323e-01
5.163366745451137829e-01
5.832879864872626552e-01
7.141385830698434578e-01
1.308718715937101651e-01
-2.440684465733193032e-01
-1.044827433283917362e+00
-1.256328161085546569e+00
-1.764244408819938714e+00
-1.816934898098067519e+00
-1.360872895944928773e+00
-1.224666058735496721e+00
-1.020364376952423990e+00
-1.704402498034788715e+00
-1.267151004418465066e+00
-4.697567639512892912e-01
9.584185867654239355e-02
6.514663445089377003e-01
4.687116888029062567e-01
-7.232987931897363887e-02
6.904965995485728980e-02
-5.024940388421808013e-01
-5.175577024944166826e-01
-5.069459729360945577e-01
2.820678426191772226e-01
2.683452021605411408e-01
1.786905819270101503e-01
-2.698662660845588812e-01
-8.154557083675411100e-01
1.757890901217570578e-01
3.692515861935077304e-01
8.793340812919527849e-01
1.251440812469091446e+00
1.409053936996778722e+00
1.109862407680950680e+00
1.171281982262712296e+00
9.897326144126151748e-01
1.332696085575533207e+00
1.201975209743924466e+00
1.311082991820538446e+00
1.227836590141940798e+00
1.509438204298044539e+00
1.284578537999675252e+00
1.339009606456604384e+00
1.520239369929038187e+00
2.088922541752751272e+00
2.379476862492577283e+00
2.208036107399191206e+00
2.427450963409752305e+00
2.242692929832134308e+00
1.518375734265775101e+00
1.887524596200251148e+00
1.381523623995854821e+00
1.027981218719205891e+00
1.348815899563958753e+00
1.185379691367314692e+00
1.510772884423680740e+00
1.512631938020650990e+00
2.147393868614924983e+00
2.447291917047454302e+00
2.881568178589053453e+00
2.870901590842124929e+00
1.574861753030604161e+00
1.885601242761662799e-01
-1.825291284363824262e+00
-2.414192119503652645e+00
-1.821043493903573340e+00
-2.012495267445773006e+00
-4.622609905763902516e-01
8.299441532356317541e-01
5.384848319793402727e-01
3.123149657253014855e-01
6.611251511857541008e-01
7.641036221755344027e-01
7.303932525516012575e-01
8.212610394561179472e-01
5.642527174948416269e-01
2.930429519636054692e-01
3.654783441776447983e-01
2.814587542002749965e-01
6.154355841159175888e-01
-2.705317796206455072e-02
-2.426588080582435525e-01
5.401633671024205219e-01
7.946584733235058096e-01
8.525919554436049985e-01
5.620029841460907338e-01
6.177568797595081040e-01
6.058303317036456415e-01
1.316762457712261858e+00
1.182360442451631632e+00
1.670255051922995282e+00
1.372007376687921498e+00
6.099280517243160782e-01
9.497974029081673875e-01
1.743244395370795230e+00
1.371458988727922490e+00
9.131300833488122937e-01
7.914429893091581292e-01
7.978045259681687540e-01
1.129227054149407827e+00
1.064092964344499626e+00
1.259341099497473415e+00
1.569990050229178591e+00
1.177132297296707319e+00
1.351547280680106322e+00
1.591213819786787331e+00
1.710211396939005146e+00
8.733683084761134641e-01
6.634503354667961039e-01
1.248738031199094101e+00
-1.346986595921036978e+00
-1.594310740314208275e+00
-1.228828145273472616e+00
-4.392607889960268297e-01
-7.618888271820624114e-01
5.539987089137884957e-02
5.353970233367024711e-01
8.151241143004497869e-02
1.228619849487479154e+00
1.277280395156396686e+00
1.745828696430344440e+00
1.970773350458882245e+00
1.955090873176756228e+00
1.406640387583286245e+00
6.265969877168900970e-01
7.873224627405404075e-01
-4.143860289897591809e-01
-1.234359866523981664e+00
-2.401931680894680010e+00
-2.167889619042378424e+00
-5.378160517828466380e-01
-2.017367713393304118e+00
-2.254932841939125687e+00
-1.080134284626626195e+00
-8.329032924474224497e-01
-1.739761566676953253e+00
-2.469930051354654932e+00
-1.992357490341432280e+00
-1.305260882697200531e+00
-6.654978031281606476e-01
-3.427015000896224683e-02
4.863541601455148577e-02
-1.454368134913720800e-01
-5.066421512177552433e-01
-7.854782406475111500e-01
-2.481912864744801606e-01
3.979286373730194226e-01
7.964746432303448920e-01
1.156859362131974711e+00
1.042539932622148502e+00
1.045053753071568003e+00
8.518564035785305411e-01
9.307852149844648704e-01
2.889079098494173881e-01
5.278230437264546104e-01
-3.100981534035164300e-01
1.963154123439335430e-01
3.845850582158069630e-01
1.559071238660422742e-02
6.863254488197945147e-01
8.327462626445429894e-01
1.196244269906612923e+00
6.024041303216562948e-01
1.064527265941337397e+00
6.805917571299435753e-01
8.362898817684479846e-01
1.582776958441859116e-01
4.419700036932393550e-01
1.095670659523698409e-01
1.856624766650569192e-02
-2.711404557288935036e-02
-1.453805411600093134e+00
-7.753399786178819530e-01
-1.586478198415546270e+00
-2.205301223029759061e+00
-1.197106992385662316e+00
-5.926232149580883402e-01
-4.665866171983292787e-01
-2.285905303922595166e+00
-9.260261376114964360e-01
-1.254885863069790108e+00
-2.138366195182198393e+00
-7.775038412755772566e-01
-3.309995835509261797e-01
-4.873371809036086688e-01
-3.538724430997319814e-01
-1.094273096164604331e+00
-9.044961834414009250e-01
8.044766777868342378e-02
-7.634818705653398929e-01
-1.194879504263942183e+00
-1.882545762830984737e+00
-1.272879715362400743e+00
-1.461437740319705636e+00
-5.553631393105531444e-01
-2.253290127808237120e+00
-1.107820755961135939e+00
-1.450616320655502944e+00
-1.239800201666661161e+00
1.912773835464258720e-01
1.367870036612287787e+00
1.552286438303866811e+00
1.738435841904979462e+00
1.209123637395105755e+00
1.011198387060765036e+00
-3.496960431384227297e-01
-1.081397269497790914e+00
-5.472449321277259582e-01
7.674655539727259779e-01
1.076441000248870461e+00
9.538451825024113484e-01
-9.512067655674651956e-01
-5.344474795763640707e-01
6.727352713349710189e-01
1.087071370366529788e+00
1.367249140414214637e+00
1.180722196200923557e+00
1.335868466335085047e+00
1.409994858497928938e+00
1.145833320924032561e+00
1.623645583384625057e+00
1.345682033653508469e+00
1.291759880679189454e+00
1.306023054488563595e+00
9.113964549957830341e-01
-7.218257249676608422e-01
1.109449698726477640e-01
9.384079876949312782e-01
1.686064961095350201e+00
1.059763135811109702e+00
-3.306397246492938091e-01
-2.237316719723513980e+00
-1.741825390197908163e+00
-7.760708734823529298e-01
-6.865483562130032524e-01
3.389027259316017560e-01
5.318773701972651091e-01
2.765919415459761055e-01
2.655488284331760651e-01
9.176299739295665225e-02
5.338672584916201447e-02
-9.897870207409578680e-02
5.231811710962598339e-01
8.195357883366666263e-01
6.517872190274719424e-01
3.387597843677081499e-01
7.234439875204330406e-01
1.173015066535689099e+00
8.627829283431656116e-01
3.258268539237009209e-01
-7.866988096277647280e-01
-5.068436372986906413e-01
-1.538652275519490908e+00
-2.056537632492091650e+00
-2.385490113431398385e+00
-8.437424887901050496e-01
-1.792177238003496376e+00
-4.490531839179918716e-01
3.016522782465414498e-01
7.809473841755933954e-01
9.053902070260000379e-01
6.199611800923565674e-01
4.572202895463723937e-01
7.071665864203494078e-02
3.736446285275404344e-01
8.968992056508532373e-01
3.608816152001632638e-01
-9.612870667528441437e-01
-5.897712048621440717e-01
2.664232349543955714e-01
-4.449737579483413752e-01
-1.901666681926640345e+00
-7.064613260638257231e-01
-9.114438749182955934e-01
-3.177111933690919265e-01
5.464548625530433190e-01
1.509767183261286450e+00
9.752873985118508671e-01
5.749887588985131970e-01
-6.169088615653808283e-01
-6.138570772388165508e-01
4.356095557544976682e-01
-1.509923274145286154e-04
-1.854153662057518526e+00
-4.977739297339438540e-01
-2.579628807534889434e-01
-5.878285626540686870e-01
9.235779275966130575e-01
9.075068398642842649e-01
-1.168251880717670721e+00
-1.166439363615576763e+00
-2.614788296724388506e+00
-1.949507810816992537e+00
-4.430772565726948109e-01
-8.297523710244953943e-01
-1.196888375479559619e+00
-6.161588230805370436e-01
-3.757306906991058071e-01
-2.225493865934427828e-01
-3.272008291630008614e-01
-1.401703418728663386e-01
-8.588903472350259971e-01
1.638954106508136443e-02
-5.640960233272626634e-02
2.617535334296912097e-01
2.931826088204479985e-01
1.699852198942922166e-02
-6.293212049672890496e-01
-3.341113054559572415e-01
-7.202627538130363938e-01
-1.574818856793853028e+00
-7.046153832669378447e-01
-7.873485252719312211e-01
-9.383569331151340176e-01
-2.611941575406541149e-01
-9.723143205444761961e-01
-8.691949513344696676e-01
-1.642167740946447185e-01
7.108774549284557764e-01
9.365763816647643125e-01
1.004343544597241733e+00
5.790740619529888278e-01
7.252065708173922598e-01
4.526388234250056097e-02
-3.922746427433643213e-01
-4.145554528276089723e-01
-7.007795274851245093e-01
-7.493545300234187856e-01
-2.298967056394451147e-01
2.157281966954855690e-01
-5.217737738166389194e-02
-6.272767961334716480e-01
-5.233531693911395166e-01
-1.751200947730529700e+00
-2.741354637028795782e+00
-2.467413349750660512e+00
-2.518105026588552064e+00
-2.230762089894586353e+00
