4.273109001001303975e-01
3.578753195513661445e-01
-3.587536515403113441e-02
3.698730536117523782e-01
3.570181192197667275e-01
3.937789314525009243e-01
9.180325797574774571e-02
2.496484004891631470e-01
1.682501460473702914e-01
4.304472411975792112e-01
-4.957605213371640285e-01
-6.532851854789524237e-01
1.077801241289718381e-01
1.803887901323981136e-01
2.632143356638311921e-02
3.142021731755004210e-01
3.854448225154096241e-01
3.733306001321525236e-01
3.576995884002794890e-01
4.818894667633933371e-01
4.040372345525282127e-01
4.359999961026558291e-01
5.798404640361008999e-01
5.514742958819369711e-01
5.275657922426995050e-01
4.903251063038517321e-01
6.071643454966365594e-01
5.159852254221402035e-01
4.706808211291360067e-01
2.062058518594193646e-01
1.053074871104517501e-01
3.403417329646488687e-01
3.068656066679725791e-01
3.445563767304771763e-01
5.059061435511030824e-01
3.252356884603812559e-01
4.555891423900264026e-01
3.107383602028929714e-01
3.236593266668438829e-01
4.483437096760281571e-01
3.416317427572365673e-01
5.508619003262402725e-01
4.886407734815166881e-01
4.112471845451455832e-01
3.729100964134841600e-01
1.355644516440027147e-01
4.310037362171461606e-01
3.888896925756327727e-01
4.930753296191502932e-01
4.766005867611439739e-01
3.374395368913238880e-01
3.642845059053501644e-01
1.191992396525029252e-01
3.456190286018402946e-01
2.981788328866594173e-01
3.436497061070922232e-01
3.772229841785717519e-01
1.290221291991799080e-01
4.363659282734511646e-01
4.377064083828682284e-01
4.910995333246209182e-01
-1.493765904661276955e-01
-2.428460413138896351e-02
-1.041700616243469435e-01
2.071901228501658310e-01
-1.311166142342805596e-01
1.383580822875164207e-01
1.429464829810341564e-01
-3.386225370630277509e-01
-1.964387033775363001e-01
1.052926036709596613e-01
-1.685819347693972778e-02
1.886854519051484325e-01
1.321005327870937995e-01
3.384686878939824339e-01
-3.460652578471053176e-02
2.707949022227578717e-01
4.534742670360415451e-01
5.245178891335084970e-01
4.473813058592249758e-01
5.107342935215666291e-01
5.824122578007765449e-01
6.135114594476706040e-01
3.991515765086368628e-01
5.626593946093982890e-01
6.839746819733908412e-01
7.608114166147496027e-01
7.115126869047234681e-01
6.394018737950812881e-01
7.016643304700553863e-01
7.222809584680400796e-01
5.427889681404856059e-01
5.387174364281461791e-01
6.367960430430080754e-01
-2.252540319027771659e-02
2.521377368952641973e-01
4.850272404153226913e-01
5.771422305760346427e-01
6.073586227726204267e-01
5.543627256378441670e-01
6.251756773372890708e-01
6.044840336794891078e-01
6.599939810377186689e-01
5.130396421147649377e-01
5.153697863579411731e-01
6.427056015950491918e-01
7.257816748787793149e-01
6.776251525784620089e-01
6.697387193067848576e-01
5.752483053518603340e-01
6.059032901109467906e-01
6.028709769387152750e-01
7.421309705445143790e-01
-4.403836629904140931e-01
-5.286225397418641281e-01
-3.969076622272222910e-01
-4.253182094059822504e-01
-1.964617255064566304e-01
-1.259513752898616112e-01
1.158797816496467611e-02
1.973869755523226799e-01
2.425574862755254524e-01
-1.606018703815045856e-01
2.303909276898992720e-01
1.562201801877650953e-01
3.269336017398071226e-01
3.920160288212841682e-01
4.432965568966886205e-01
5.223974314774533223e-01
4.511538006165738968e-01
7.339820094363835867e-01
7.094501568220711318e-01
7.332288042916590420e-01
6.361741328012529006e-01
6.766660027227925367e-01
7.715488337457435675e-01
4.942972715090088731e-01
4.208847247894388355e-01
7.287144941007052124e-01
5.368687428600845690e-01
7.683333487212077317e-01
-7.832535362238766119e-01
-8.646612038049592552e-01
1.470894284231412386e-01
4.946432623707531229e-01
-1.029947779063871582e+00
3.843863017192138964e-01
2.114870745175837508e-01
2.923990288775497048e-01
-1.522009658054062964e+00
-1.267191181639219844e+00
-9.539515144345261932e-01
-8.064637371374029362e-01
-1.156389306561214303e+00
-8.134176154017267457e-01
-8.232153476328041286e-01
-1.089999707942185925e+00
-9.681259894882086048e-01
-1.002728270532385446e+00
-7.698402812705588127e-01
-1.332744180878105755e+00
-1.097740284107026731e+00
-2.202391908424995437e-01
3.690758174079580844e-02
-8.264362520369272769e-02
2.076114785475612901e-01
3.796704610076966913e-01
3.916838658513351334e-01
5.653872556202849120e-01
5.907326455601110693e-01
6.820828788012753829e-01
6.206286069331344857e-01
3.883630950404197146e-01
6.771627778473786607e-01
7.713638737407680912e-01
5.456486026012582480e-01
6.524236789070240183e-01
6.767250658726922108e-01
4.742241653622690234e-01
6.491280067522997577e-01
5.402706469386052701e-01
6.952293178663111473e-01
7.303653155369833616e-01
-2.908514451903261855e-01
4.773015249489794831e-01
5.349327318959924416e-01
5.327322090311159553e-01
7.917395376427580067e-02
3.588020893848971049e-01
4.590764392129904059e-01
4.937420663722334457e-01
5.906125258085068719e-01
5.398758244935987216e-01
5.469714228673983047e-01
4.930097286568744241e-01
3.311492020217013388e-01
-4.562083716670748551e-02
2.702309004963129868e-01
-9.000704149237535034e-01
1.440928384172587284e-01
-4.747575257688955719e-01
2.273338680169403048e-01
2.154904349451164103e-01
-4.515009205494517897e-01
-1.478683663810617110e-01
1.715303479175157020e-01
1.926481497360109721e-02
8.370385760674883824e-02
-5.153786385812383908e-02
-4.903566440065824650e-01
-6.682525476858657276e-01
-6.800356388872923485e-01
-8.331083923545094805e-02
6.639729375647675236e-02
-6.263075582698064692e-02
3.774750537979543186e-01
4.115343804120302207e-01
2.657155767775811195e-01
3.308849780756433212e-01
4.422880114710350807e-01
4.972349624177105354e-01
6.541996926013424751e-01
-2.071471131438418489e-01
-1.562341840791986902e+00
-4.596903686417901924e-01
1.393636193934686962e-01
2.286698070165758823e-01
5.771677062314468643e-01
4.121224708294535244e-01
-3.707518236214309149e-02
-3.210236194866147308e-01
-9.391209593342669804e-01
-1.274470096924286588e+00
-1.344284485851180433e+00
-9.919652603247357536e-01
-7.416733120984478900e-01
-7.888674772351734754e-01
-9.931563082987933389e-02
1.216353627673691512e-01
2.357892913599620166e-01
2.434564676426335394e-01
4.109549064117649642e-01
-3.645714726716328680e-01
-1.045713891159646858e+00
-1.301685223201195285e+00
-9.506939327426516817e-01
-9.361703410197658171e-01
-1.829790856801048193e-01
-6.936500392591581354e-01
-1.790737517077866658e-01
2.455782216779991700e-01
3.837493270528360423e-01
1.091463237295550587e-01
2.832737237021023535e-01
-8.522617050370002723e-01
5.096345415237499288e-02
2.508364573932179153e-01
2.506854350494393535e-01
-3.923845334986317823e-01
2.391133771935578245e-01
3.154859837567223213e-01
3.677387488021909845e-01
5.680613714135115400e-01
2.166591894684554986e-01
4.561200066048257118e-02
6.152625197192587159e-01
5.750212397347120863e-01
3.997681767518716511e-01
3.512854229178012933e-01
-3.639514319589807340e-02
3.373131573712042641e-01
-3.978478021058594050e-01
-3.602106361352166303e-02
-6.503106606975703891e-03
-5.751746101664554356e-01
-6.027014689837755235e-01
1.286215636087779113e-01
-6.125958790085411776e-01
-7.594877022964220403e-01
-8.173398240952708393e-01
-3.066399689787020488e-01
-7.960545268282716025e-01
-7.759819134504671867e-01
-8.495045892843094970e-01
-5.803283073772871337e-01
-8.618298668789062811e-01
-2.790058965396182145e-01
5.802476204725508929e-02
1.580466351363037925e-01
-8.346208748035826019e-01
-1.649892809223644785e-01
-6.736424529008605555e-01
2.257462799262530684e-01
3.754323068346774872e-01
1.573380156673860331e-01
3.220253195827808557e-01
3.249546432281548158e-01
5.323834596302604583e-01
5.199858084032161765e-01
6.460928017800771084e-01
4.180565933152062819e-01
5.072379048763629994e-01
2.694438548912439502e-01
-7.155288880047692146e-01
-1.008656429207225536e+00
-1.231447516636039907e+00
-1.109414422305075698e+00
-1.222447343666289266e+00
-5.809639882767569929e-01
-1.465951095487319167e+00
-1.197274322557275061e+00
-6.722295545357833690e-01
-5.660796120945671417e-01
-3.508658669615597470e-01
2.451146704804347820e-01
3.359794710694173903e-01
3.657636743769280274e-01
3.749632580440204199e-01
4.091431559080006553e-01
2.260408239974026068e-01
1.281956178786548550e-01
3.793150386619323355e-01
4.221503276218213085e-01
4.912410942367242961e-01
5.141955435462657320e-01
-1.896376764645501395e-02
-1.336200193858825935e+00
-6.127503067088346800e-01
-5.280988438375164851e-01
-1.399221564827439090e+00
-4.998832219187489545e-01
-4.297289401907209427e-01
-1.299780423281767438e-03
1.883239508274746066e-01
1.323693714044859859e-01
-3.691260925691938755e-01
9.129024188458900735e-02
3.246093673061108964e-01
3.894891784082179509e-01
3.778262103035998631e-01
2.846895669477442770e-01
1.927791558347993761e-01
4.332107886873211022e-01
4.733583113414059906e-01
4.519669134754512041e-01
5.212163463619998716e-01
6.283522557158143229e-01
4.471769301912068562e-01
4.613856369628897558e-01
3.776545596659615645e-01
4.354486498601877198e-01
1.504558828996558351e-01
3.261969084374466976e-01
3.611252790188294037e-01
-8.147517699226841659e-01
-1.263475058162779330e-01
-3.011669226961484203e-01
-4.499330137593654522e-01
-1.590059675325048716e-01
5.028918391230792206e-01
6.130765570863607739e-01
-5.609497721321925479e-01
2.756239936463719675e-01
4.731341594635750103e-01
1.887824589629673866e-01
4.971595918906892009e-01
4.978641278619826416e-01
4.140635161706724410e-01
1.551739072250345741e-01
5.411870512487082507e-01
7.637168481357058392e-01
2.659011104780324986e-01
2.220946531198082219e-01
7.010628293910196041e-01
5.443216415345935033e-01
6.367604816811012203e-01
5.815685936427215097e-01
7.278804747505739359e-01
6.392286789619892051e-01
7.368845327793355215e-02
-5.298572032751798222e-01
3.017148784859089994e-01
3.157853839633367188e-01
4.952608800586393301e-01
5.706834314107445127e-01
1.569450765071630505e-01
5.375436983559567228e-01
7.669399978593959277e-01
4.278180872658595701e-01
5.632110386697602999e-01
5.985110721104895948e-01
2.042990599569888266e-01
2.366147265698543833e-01
2.932867440525827041e-01
4.953913633851666498e-01
-9.410767046965017313e-01
1.517975915294686173e-01
5.043420529397802943e-01
4.632272138128689654e-01
3.696124001949225302e-01
8.225645448249054026e-02
-7.624652457668719130e-01
-3.227118382145651720e-01
2.122559905260854862e-01
4.398044036654124023e-01
-2.682440238929685861e-01
2.515427481487869099e-01
2.960287758057573160e-01
1.178170094715262767e-01
-1.215168790658152531e+00
-1.002537485022843899e+00
-2.072116983076738583e-01
3.010228229408969808e-02
2.633413041106300034e-01
2.167475726217993059e-01
-1.524187656674193259e-01
8.564412170918941913e-02
2.155250541973577627e-01
-4.330840413869079808e-01
-1.257650216629754070e+00
-2.660471494299319062e-01
1.823604984764995163e-01
1.242102914935325902e-01
-1.056862918946172902e+00
-8.787681797794920646e-01
-1.030742550035427918e+00
-9.232925839174948024e-01
-6.973421510816926183e-01
-3.727922308562417464e-02
-4.605227015233661070e-01
-1.185366176781873060e+00
-1.219436717394979386e+00
-1.082761400431857757e+00
-3.718476020486688460e-01
-1.425668458720322739e-02
2.086120145687436200e-01
1.400139881631388139e-01
1.520043355366513527e-01
-1.682212986752924522e-01
-2.055389517073431815e-01
2.347301068850193295e-01
-6.648722581436308232e-01
-3.773257621551575625e-01
-3.341604398077162308e-02
9.503649543114278675e-02
3.305424754523913489e-01
3.551838754765628825e-01
-6.659390146947291589e-01
4.554304121691998136e-02
3.441787041678239234e-01
5.386352300952281791e-01
5.509622676195687074e-02
1.384553009489936648e-01
6.938409317459320880e-01
3.857934253275635550e-01
4.877345876471561592e-01
4.217372048392909467e-01
5.414775110631189214e-01
6.170542956210692820e-01
3.646106648327359645e-01
-9.442483030386915610e-01
-1.211280808842602807e+00
-9.555449480221070990e-01
-8.952845521216756808e-01
-1.262714693590751613e+00
-9.543975031637085271e-01
-4.283891725022704877e-01
-7.906013136708378575e-01
-6.011988007160518066e-01
-5.652674499495743410e-01
-5.539560638590516062e-01
-1.341123447694637649e+00
-8.686219582387796345e-01
-4.008031635209058363e-01
-4.041418655568170260e-01
6.904958708336214612e-02
-9.555770473764261252e-01
-9.228443689720851051e-01
-4.283601850635506136e-01
-4.643473289190448994e-01
-4.186143587013935186e-01
-2.661500096816550864e-01
-5.375716991907577569e-01
-1.339545242718161555e+00
-6.190022291753823902e-01
2.050802767228211143e-01
3.913370270418360386e-01
1.969765766853129596e-01
-1.299860297969086254e-01
3.878131440414966935e-01
-4.634156412881019760e-01
1.587231293256976539e-01
3.498422363041064909e-01
3.768140797595432856e-01
4.293708826537679935e-01
5.719028320369666796e-01
4.354954453756754718e-01
5.072564523260069125e-01
4.376369991954785488e-01
5.092058174134719284e-01
2.641870131449863268e-01
1.227598105210605112e-01
-1.014989565628543922e+00
-6.954467784281448406e-01
9.598030733764990191e-03
7.176769495600560100e-02
-2.352795011859051474e-02
-9.160711791153783867e-01
-5.784612543422684716e-01
2.561668291773896433e-01
-3.097517023613172160e-02
4.570052903432180180e-01
4.413835806394050265e-01
-2.782832607024696703e-01
4.547147745031012711e-01
4.885907881589740542e-01
6.312950914058681473e-01
7.497125454752995299e-01
6.210687706896570459e-01
5.553637807663195369e-01
5.650803268278180580e-01
6.126986400117041542e-01
3.722691013495047496e-01
-5.522873349317435065e-02
-1.277879854839802043e+00
-7.876892427425963294e-01
2.140286879874549186e-01
3.441300616941250223e-01
-1.344844641539358232e+00
-1.032645475043096894e+00
-7.751806742091355007e-01
-4.226391994509791361e-02
3.651577487713434933e-01
4.151042819138034967e-01
-1.501828570684103026e+00
-1.454979856526773085e+00
-5.210058057466330217e-01
-1.378388663513504753e+00
-1.075307377401198083e+00
-1.386025248590764036e+00
-1.570880056288274318e+00
-7.655861179824262619e-01
-6.534751569525859560e-01
-7.572289256662553258e-01
-2.216530070254060791e-01
2.017624151623562401e-01
2.210227072287907768e-01
-3.996292635196861398e-01
2.935912914882194968e-01
2.821373473566862189e-01
-1.271911715728415215e+00
-6.009099260015725585e-01
-3.083427100156235778e-01
-5.195003361845729195e-01
-1.590473676677296444e-01
-1.237158162139373685e+00
-1.485415973046671834e+00
-1.295383455352680180e+00
-5.399286018203679482e-01
-5.446364807532686481e-01
-8.878116323411765209e-02
-2.819904553129631147e-02
-1.320213906072276622e+00
-1.082699455751221507e+00
-1.316679859110616579e-01
1.670091557429509085e-02
3.027780985670618930e-01
3.771679826997096363e-01
1.265675090741766040e-01
-9.723019283502553067e-01
-8.729146742435648365e-01
1.067412225918423913e-01
2.726739615057436894e-01
3.114076122247446676e-01
2.806329437992510778e-01
-1.883070801804140604e-01
1.453419991082931517e-01
2.561218394342851257e-01
2.005316365638760978e-01
2.249194040312567089e-01
-2.817961787990964639e-01
-2.662479330870166083e-01
-9.607448043059875209e-01
-1.361957133422220245e+00
-1.322557905440027826e+00
-7.937698848174230548e-01
-1.748601812858733839e-01
-6.506566893619918357e-01
-1.280421706412256277e+00
-8.812791537882479487e-01
-7.863853828677931368e-01
-1.173400952441439049e+00
-2.824486292642538476e-01
-7.932401659429513252e-01
-1.029507599301323406e+00
2.704125510944774824e-01
-7.776985151716739875e-01
-2.325721174468575736e-01
-3.992455873976710201e-01
-8.003159425905291835e-01
2.462603989500790069e-01
-2.923552766373067602e-01
2.160585047322042818e-01
3.712966849744766540e-01
6.584939411342357607e-01
1.395716030181740064e-01
-3.626859269229935623e-01
-1.056456294025904352e+00
-2.146726796754484246e-01
3.296836400929719080e-01
3.179042509357784541e-01
1.490975084791575367e-01
-9.445929711569650555e-02
-3.444611384533381448e-01
-1.158711596373956709e+00
-1.033932376689582266e+00
-1.040240417753181434e+00
-1.022706278180016470e+00
-9.398886480669428334e-01
-1.099665521227407572e+00
-1.319806628471559495e+00
-1.395958939546551481e+00
-1.080299619535468381e+00
-8.142232308687273878e-01
-8.235613429904432570e-01
-1.274939229245600991e+00
-9.259688032381765410e-01
-1.295013613585996648e+00
-1.030268018790813533e+00
-1.205391501677986588e+00
-7.757418551654250427e-01
-1.736583433013342004e-01
-3.015717019086980311e-01
-4.850337010538547378e-01
-1.083226003764009571e+00
-1.193607693033735540e-01
2.724378562079179944e-01
4.462372467017736710e-01
5.163427186326576823e-01
4.883354948120383066e-01
4.836734669781509455e-01
4.354227492776748809e-01
4.690073113993924458e-01
4.722491571367339880e-01
-2.679111555886299900e-01
-1.235849163864642053e+00
-1.088828666966947800e+00
-8.920167909261945693e-01
-8.565471361780950810e-01
-6.999875333959474366e-01
-6.497254195059346538e-01
-5.958896010514057595e-01
-9.317966846413004989e-01
-9.038400233368900638e-01
-6.190858445013429634e-01
-1.002030845199315845e+00
-1.294385698176691024e+00
-1.246859499531398630e+00
-1.139634677982634514e+00
-1.715262909761255672e-01
-2.021473347077687166e-01
3.400746635288784403e-01
1.668783007015884334e-01
3.633376460503050520e-01
4.292161919728429975e-01
-7.519062189457607071e-01
1.026400339191197025e-01
1.846340108978722638e-01
3.529013559848845905e-01
2.399753804124720724e-01
4.378839847995601997e-01
8.951480575203552004e-02
3.923293657889838082e-01
4.612885958807724784e-01
2.443512040033467836e-01
3.817237688732632028e-01
4.424324988336110209e-01
4.783181507874287863e-01
-7.144047350218524217e-01
-3.221933808852038908e-03
3.684462446724659501e-01
3.943940774584884235e-01
5.110713896071491513e-01
4.926449640002389940e-01
3.541510893048031572e-01
1.948760874287553679e-01
8.383828508948188568e-03
8.615090741309895661e-02
2.737350741414847355e-01
2.299997070489101167e-02
3.610870875274511116e-01
4.552890811505247992e-01
-5.867127319527868368e-01
-4.011976883752270129e-01
-1.225653557725529863e+00
-6.348361257855983375e-02
-7.028916785454403238e-01
8.650126400846003261e-02
2.293947331853589677e-01
-3.309442005068106291e-02
-6.762044596377531080e-01
-7.572482075130091417e-01
-7.058196275718300328e-01
8.516563626435665058e-02
-3.799849420299181713e-01
2.022039423666598390e-01
3.775837602679417149e-01
5.355813886496243459e-01
4.651645162131534672e-01
5.066802961168084263e-01
5.384027091591179204e-01
2.763439991779710336e-01
3.704961290677205588e-01
2.991203168995385520e-01
4.365023515313833924e-01
4.634577731225797970e-01
6.739441452133138055e-01
2.728733174295814856e-01
5.037954010884896500e-02
3.934241417943599162e-01
4.780532039803480626e-01
4.217548793223269699e-01
4.033071698699002838e-01
1.141080496367237324e-01
4.624049512259718053e-01
-4.671522135630439276e-01
2.639548516604288131e-01
3.698035015211565413e-01
3.521762389906714086e-01
-9.457365251214313595e-01
8.239502096748012316e-02
9.515077664849239114e-02
2.474082123276032386e-01
1.500764428052739352e-01
2.088697051483374978e-01
1.907301089211914658e-01
2.031379824545248847e-01
2.607218245491902398e-01
1.465018982084479449e-01
1.016818361342721883e-01
6.471976149682404089e-02
-9.498425869260266330e-01
1.178157296378542218e-01
4.708081423403551735e-01
3.717348212466899948e-01
-4.677226224569177027e-01
-1.659238626410352302e-01
-4.086722775872261293e-01
5.011309863758842825e-02
2.130308357712704104e-01
3.867944559433578178e-01
1.948386191326783867e-01
3.036984534521537937e-01
-4.320949356932054508e-01
-1.441323819453862898e+00
-1.317756125117899524e+00
-6.248550853144070327e-01
2.035085530515943486e-01
1.649635824901262149e-01
3.631595618608827736e-01
3.534731962202909972e-01
-7.908403369713555564e-02
-1.568961881323350793e-01
2.299852663787433082e-01
3.367353027882686867e-01
2.976083914744962478e-01
-6.463756703194056819e-01
-9.564153768331364880e-01
2.471602650317279368e-02
7.163145348408356261e-02
1.252909569491168773e-01
2.465236275728951709e-01
6.520372558262838014e-02
2.074421404070165564e-01
1.921336795522957108e-01
-1.489963285892938583e+00
-1.470259525828797598e+00
-1.273041360261146115e+00
-3.170720617941791830e-01
-1.268638554862783485e-01
-4.540914691041670337e-01
2.624521135794052884e-01
3.736175931375358972e-01
4.092006747508570852e-01
3.489178497593860562e-01
7.916246713988796257e-02
-4.725402348126018226e-01
6.301140488650976146e-02
-3.756337170900277966e-01
-1.112045246744911786e+00
-4.594608279559567188e-01
-9.813005543527387742e-01
-1.140218800754489781e+00
-4.706227082019590058e-01
-1.291335246904419032e+00
-1.080664212887360032e+00
-6.848027109620291597e-01
-1.481682134950622176e+00
-1.107345770353959091e+00
-5.327023598782004710e-01
1.739972960078904063e-01
2.090941501139934044e-01
3.170430066496607857e-01
3.708731220987854793e-01
3.143358998655902403e-01
-6.748589256412000914e-01
-5.310388388896882805e-01
2.524549281145509472e-01
1.611308348237334709e-01
-4.431628712006598775e-02
-7.423402837594462733e-01
-9.094903481226708220e-01
1.751858638662433243e-01
3.763367732516464947e-01
4.421814140057951370e-01
4.610195366218431401e-01
3.738100201401751699e-01
4.871014120958158111e-01
5.493851676325310907e-01
6.609252957569518028e-01
5.282846979532522802e-01
3.959756260635250991e-01
5.287989586633633499e-01
5.506823363644678393e-01
5.635556681873684637e-01
1.978533215878844342e-01
4.284367186518682202e-01
4.999040666890429141e-01
4.538350874309918237e-01
4.400664032091201050e-01
3.999176583379471794e-01
3.106018575180358732e-01
4.389122694355940268e-01
4.625706971313608973e-01
3.302612796931893024e-01
5.340826517307102339e-01
1.756861991719824156e-01
3.884672200947298371e-01
3.844792607150402386e-01
1.438316839895369126e-01
3.534031868201015780e-01
5.225125668367112119e-01
4.899397423645247551e-01
2.652057726571585561e-01
3.162711182600982246e-02
1.178245233346288806e-02
-1.093620166475072208e-01
-7.686390202641155689e-01
-1.324321677893919746e+00
-1.045726468456844138e+00
-4.425492895018417472e-01
-7.130942437068036321e-01
-1.414410153415543325e+00
-5.295655384713751079e-01
2.544360394118848068e-01
1.816640163673921005e-01
3.495295276266665585e-01
3.962674743377363473e-01
4.066593259668235261e-01
4.436454927425209638e-01
-8.558463081552645235e-01
-6.581587587493273883e-01
9.301573977849844632e-02
1.816545859416072994e-01
2.234458441355636760e-01
2.390252237367289090e-01
-4.927883702477398042e-01
2.236924939134903034e-01
2.593930326132635189e-01
-8.026088408153878584e-01
-1.259417642313005237e+00
-7.266691174333166359e-01
3.124115716103995632e-01
2.500778911135639326e-01
3.953215294637764110e-01
4.643572922857261420e-01
5.331938165225569293e-01
2.502814138943765809e-01
-1.178884292306419779e+00
-7.606021075524204145e-01
-6.367995913941776331e-02
-1.072834129328519071e+00
-4.843137763738313006e-03
2.870225046311889461e-01
1.574014809917995139e-01
3.685621542310494880e-01
3.310202671202880365e-01
4.341284590797311882e-01
4.281829959522292506e-01
4.819861808398643865e-01
4.911871830291232310e-01
1.231308324628794665e-01
4.594279647615985840e-01
2.044059304020180712e-01
3.612126335399197807e-01
7.895870726896390968e-02
3.468898168531502901e-01
2.912642529385836010e-01
-1.066114450023931459e+00
-1.352537630851980532e+00
-1.290592784146192384e+00
-7.485282363263375816e-01
-1.083929526193768034e+00
9.907665252996888938e-02
-4.657557942788138061e-01
-6.284617068121560630e-03
-1.187803681262601940e-01
4.413124849011795803e-02
-3.100488871859534146e-01
2.914160083705417681e-01
2.737758462718846708e-01
3.526184400703579747e-01
-9.036778752520947533e-01
-1.750936758935270898e-01
1.593529512856228791e-01
-4.786602940204464085e-01
-1.421827123069184129e+00
-8.804220898623456026e-01
-5.594624722494911245e-02
-6.095191499356364950e-01
-2.428103530662368836e-01
-1.404906023755997824e+00
-1.293731074583588159e+00
-1.009495388976469954e+00
6.054115767162716183e-02
1.675720433332939796e-01
1.520149801739299755e-01
-1.625921721863197167e-01
-1.354065813138961849e-01
2.074389829306921007e-01
1.802861411360802135e-01
3.362168807477035615e-01
4.137762315960079595e-01
-7.255263767391535445e-01
-1.933890040849361169e-01
2.251231401125707854e-01
2.704932190692498906e-01
3.407937347314209942e-01
-2.203617700785448844e-02
-1.734989140575494693e-01
-3.076728186963144651e-01
-2.856792534683696982e-01
-2.610398328177312988e-01
-2.370795945095103413e-02
9.375981842374864206e-02
-5.056981655109684670e-01
1.750374457527569330e-02
2.840525597266884208e-02
3.145960942639151603e-01
5.468747710984632748e-01
5.437660230290484176e-01
5.426181304033970143e-01
5.538247344351310275e-01
5.776180738310827678e-01
5.487394853375854309e-01
3.348919413288237723e-01
3.153478089840030529e-01
1.713783153572955020e-01
-2.187954157818190748e-01
2.383554484318372579e-01
2.466384371190003810e-01
4.014098493617473395e-01
4.598301579771222891e-01
3.491855570800564967e-01
-1.076521342853677288e+00
-1.124381075781093475e+00
-2.084916107424382437e-01
-1.059447797974456540e+00
-1.116165325112302931e+00
-1.903488102364533224e-02
-3.163391045309746352e-01
-9.079581793613965279e-02
1.435931694633229283e-01
1.415049485554923103e-01
1.748899841135835576e-01
-1.425745263071903635e-01
-1.418567887203038835e-01
-9.387368288470840372e-02
-5.117051727879057266e-01
-1.243155385709680649e+00
-1.162798975598250850e+00
2.169453982612441489e-01
3.968634447027041823e-01
3.806308189448383006e-01
3.425932545005039853e-01
4.212761752343526789e-01
5.083226607162695254e-01
4.730838754618198472e-01
1.105319053093233592e-03
-9.350561776852583940e-01
-2.513323460051452782e-02
2.963614921880328712e-01
1.949671983446604473e-01
2.344062781936902817e-01
-2.077611518521977341e-01
-4.253771913677623778e-02
6.497216807403756456e-02
3.971896086603317055e-01
4.076440676302052202e-01
3.101079545925419234e-01
4.635266287538009622e-01
3.882074490899587449e-01
3.662433963284047467e-01
2.476677761373540995e-02
-2.770379555860409959e-01
-2.292349578771719631e-01
-1.676700785435409069e-01
2.636741283177074791e-01
1.173997375913667651e-01
4.425886582278482639e-01
2.233607793329129843e-01
5.319794313841605948e-01
4.729304326330215358e-01
5.388145419472504249e-01
6.937072518347230377e-01
6.414512123659670273e-01
7.101744257109814384e-01
-7.699167395254393753e-01
3.833948082883834041e-01
3.564279583107342608e-01
3.501023994515925497e-01
-2.397902573497980375e-02
1.827775338317311760e-01
3.032097982947867254e-01
2.414961151190301303e-01
-8.777824303208926759e-03
6.118247625174845494e-02
-7.603034011645500023e-02
-1.409450950027256733e+00
-9.885313145802558932e-01
-1.750241464697486760e-01
-2.476975767260147510e-01
1.809406728064443526e-01
3.684871724208636512e-01
5.014981977350885245e-01
-5.534751744209592816e-01
-1.442295483284250057e+00
-3.252044696109818722e-01
-1.088701861733136100e+00
-1.094553520952369574e+00
-1.065585091861335487e-01
3.131139589398087009e-01
4.356780640894631906e-01
4.124181992653844775e-01
2.521201642914485119e-01
-7.385909379098116734e-01
-1.949387185991009463e-01
3.367930215484531420e-01
2.469120481142211831e-01
2.995053584081956988e-01
4.026817233659706896e-01
4.049965501985831051e-01
3.237809456854611190e-01
1.794102594251169649e-02
2.748111268076923186e-01
-8.955094919831029232e-01
2.061236495544825909e-01
3.001003595720986850e-01
-3.223314005085464173e-01
-7.168854972321636598e-01
3.198156575415916358e-01
3.994935195738275047e-01
2.637405331189608404e-01
-7.333805131460349180e-01
-8.391178718871065145e-01
3.039059556818618502e-01
4.715517192019058057e-01
-7.010848259545325867e-01
-7.727592269464770292e-01
1.805933285984374914e-01
3.647381564012742161e-01
4.111138148888889288e-01
3.841980136946150370e-01
-9.147583096478199005e-01
-7.237813606234286268e-02
2.296356264234154093e-02
-9.840542630670162660e-02
-1.347091262922553101e+00
-1.335038746386824071e-01
-1.010079191529293097e-01
2.315462157270763710e-01
8.046381245133375770e-02
-2.838153518658191876e-01
-1.491110328504453575e-01
-1.639054154645937511e-01
1.043029551253806114e-01
3.429862551925391689e-01
4.070147875324217623e-01
5.053113655431498152e-01
6.980081460178858554e-01
-5.008100347744490755e-01
6.681399449249156297e-02
-8.480049573634924620e-01
1.052546588149042839e-01
-3.280034898447409253e-01
4.713793960553571138e-01
4.622861544233827225e-01
-6.515900361349169501e-01
1.590563293700019698e-01
1.922899649559284552e-01
2.272163649881393452e-02
3.176190895793576385e-01
-1.565743749659244954e-01
4.613824845748440984e-01
6.907156664018523351e-01
-5.225205951191219667e-01
-5.755662656204429961e-01
-9.010191098561500800e-01
-9.707484525385297047e-01
-8.269992769778014008e-01
-7.633991426117142653e-01
7.631416164924229896e-03
2.352500182541325535e-01
2.697162068281510061e-01
3.744192794523476531e-01
1.123101870781964412e-01
-5.544425319093735371e-01
3.012914171036712996e-01
3.298236893897155131e-01
-2.700781230937164268e-01
3.476046843770134731e-01
-6.783752320136283986e-02
3.551936830534511147e-01
2.809860841851277158e-01
5.186242563944984951e-01
-3.509525572908652191e-01
-6.964868624128018881e-01
1.327620406855674340e-01
3.137091540043921434e-01
2.977459208605146568e-01
-1.723781630577869359e-02
4.020907969173144469e-02
4.427762847792073714e-02
3.187029180607543477e-01
4.106099245056156199e-01
5.283866912901991064e-01
2.422282466243864396e-01
7.815251246292398424e-02
1.797611253023968514e-01
5.018130923869623672e-01
5.861330628854228841e-01
4.593808634840764182e-01
4.717576541828360503e-01
-1.127059717181531751e+00
1.023247343236391299e-01
-8.559138185387057396e-01
-7.863757791502395955e-02
2.646026545803815688e-01
3.333528902557743034e-01
8.062414054901545502e-02
-4.048796101210128673e-01
-3.098017646382594248e-01
-3.050889946030254651e-01
2.341253474649208910e-01
4.357874826523005368e-02
3.326901124555119993e-01
3.859990889147504323e-01
-1.722796841346539926e-03
-4.376102871630802721e-02
1.194364955860437172e-01
1.885864174354141831e-01
3.199391512908275614e-01
3.887054300778536309e-01
3.294908834021451072e-01
6.897873354412749070e-01
7.494680946655195575e-01
6.395579366642066832e-01
6.772429185294487342e-01
-3.903214450402628932e-01
-6.098981047885132512e-01
-2.376880436137848163e-01
-1.705892356402553267e-01
-1.078013034106301005e-01
3.595959664362273767e-01
3.701451843807477826e-01
6.516215709377540799e-01
7.158338584681489536e-01
7.249105985569354038e-01
6.122952973079367478e-01
3.722935363551933552e-01
5.487952812258436452e-01
5.211648925602618831e-01
5.290629739867398484e-01
3.401530810901238211e-01
4.594701725607597820e-01
3.100286236987677135e-01
3.710944161450255852e-01
4.539368604484594338e-01
-7.025369366941923710e-01
1.159093716631797166e-01
2.424352950142849017e-01
-7.507518718899095500e-01
-1.081379989750882037e-01
-2.610124962523131809e-02
6.613309599149613804e-02
-7.463403452899812773e-01
2.314005643006288374e-02
2.342557653260107786e-01
2.870616355173770118e-01
2.306622654147151286e-01
1.336625455615080282e-01
-8.875747836763853149e-02
1.680925808704591407e-01
8.497862655963521472e-02
-8.673711807176380795e-01
-1.024240584801599852e+00
-7.954969823563030618e-01
-8.155949070190673389e-01
-6.318417042564857811e-01
-2.066484027422072212e-01
-5.408291597393104916e-02
-6.044494419243474914e-02
2.167600574234865296e-02
1.344395504112518014e-01
2.377904507702682524e-01
1.941534766843849569e-01
3.228302386796597090e-01
2.754920612195512764e-01
1.467816606739685281e-01
1.105350688589745028e-01
1.673535184011635743e-02
3.143025742128678357e-01
-1.562450035170476204e-01
3.050258457476353047e-01
2.954111167679321914e-01
4.859395794078943953e-01
4.874749594126104868e-01
4.566386807649917556e-01
4.016082867216572150e-01
3.767080774104523688e-01
3.430876630079614520e-01
4.740491739521656700e-01
3.950047288516237431e-01
2.464368347822848138e-01
2.660176702748384137e-01
2.676315851056741413e-01
1.509132682153444815e-01
-5.205651230337108304e-01
-4.253132631743498648e-01
1.191313388726320532e-01
-1.000788798542675689e-01
6.181435639776454438e-02
1.506050998873385005e-01
-2.881341406735893340e-01
-2.666832739791149542e-01
-3.588396140850915184e-01
-6.640178868491446451e-01
-5.692812547375027954e-01
-1.301188491912114609e+00
-1.127432355478852122e+00
-2.232950189754895343e-01
2.872980800035282445e-01
1.882130248340139755e-01
3.921816178461350888e-01
3.803667194120374240e-01
2.257657864952820059e-01
4.515166486086694686e-01
5.115940435466972414e-01
3.671993185252421243e-01
2.488826346344600871e-01
3.925163545176010294e-01
9.391788033089720766e-02
2.511390210101018261e-01
-4.828198812378216576e-01
-3.606249864042478798e-02
3.843181733005195388e-01
4.074552992236719628e-01
1.336096725217917613e-01
-5.566403225046818726e-01
4.068733410999781502e-02
1.827304380859404997e-01
4.360731422141800318e-01
4.430075352905852304e-01
5.755908945058910708e-01
5.480407309191750453e-01
4.509115100415760358e-01
4.106660562446878271e-01
4.878954060763650569e-01
4.434934953485977771e-01
2.808809466713430569e-01
-9.084164826724183683e-01
-1.038169995130998835e+00
-8.614858995000191921e-01
-1.133669455954816163e+00
-1.022722077544057306e+00
-1.000060819544568380e+00
-8.415923851221365215e-01
-1.187757499332422917e+00
-1.046563413126509356e+00
-9.317040142763439725e-01
-9.849604861250318422e-01
-1.265586249545503472e+00
-9.694351702986578889e-01
-9.468082982316911034e-01
-1.055476405908189808e+00
-1.027693433560409098e+00
-9.449756466717816883e-01
-1.263626817883598541e+00
-1.272076976734756837e+00
-1.273271068048573262e+00
-1.234871121205468603e+00
-9.089967248412945677e-01
-9.917923605600009740e-01
-8.621099537220204834e-01
-8.962846047413403072e-01
-1.042235370457510690e+00
-8.642449374082470381e-01
-1.191133061983029151e+00
-1.055155362862832291e+00
-8.900523586271684717e-01
-9.870513171556025700e-01
-9.636724066717284876e-01
-1.024244545631839420e+00
-9.180202504373494721e-01
-9.564336852562125291e-01
-9.450066351634985873e-01
-9.107278743438149693e-01
-8.200524489626593860e-01
-9.577012334451292519e-01
-8.121331182590972864e-01
-7.399997558051061297e-01
-8.121796095329975040e-01
-8.911922220356512936e-01
-9.071158748157354124e-01
-8.991137962235782322e-01
-9.752407838416710106e-01
-8.192754233404336839e-01
-8.159753895528467638e-01
-8.070799028687126730e-01
-7.946052893537508544e-01
-8.698896505599542639e-01
-1.024569714202618886e+00
-9.699968656295036018e-01
-8.512499089959331133e-01
-1.092520144509021796e+00
-9.536661199851979021e-01
-7.511873127016305274e-01
-7.908670411941500777e-01
-7.309365891577346286e-01
-7.111379828554175164e-01
-7.926923601987695411e-01
-7.711177365502999148e-01
-1.119735307220043330e+00
-8.410883493257531596e-01
-6.649045165676281677e-01
-6.883477405664082394e-01
-1.239451600597095471e+00
-9.217679261760568510e-01
-8.410044832414754756e-01
-7.964602565344242047e-01
-7.954722882205671475e-01
-9.019069864161265437e-01
-1.095477070718595236e+00
-9.012598027605546180e-01
-8.049245695210415219e-01
-7.549398228225037144e-01
-6.934975652483642561e-01
-6.878113351316175184e-01
-7.435129702286782383e-01
-7.234036557125642641e-01
-8.466622278645483668e-01
-7.899330035123902638e-01
-7.839609256565062134e-01
-8.753830048841471090e-01
-9.262943767395596106e-01
-8.347111673816556277e-01
-9.434872428242815356e-01
-7.740928784459607526e-01
-7.155840178222061532e-01
-8.672399320438557435e-01
-8.775068946320881969e-01
-8.512538294588956056e-01
-1.197978568477760630e+00
-8.893450126357675956e-01
-1.250627408754362513e+00
-9.489630496929558623e-01
-9.109444123901145884e-01
-7.739952813985514490e-01
-7.949798403162131599e-01
-7.879515425016316854e-01
-8.141805024009036718e-01
-7.379801928988085624e-01
-7.706697461044242914e-01
-1.048904087629678461e+00
-1.132460155345494268e+00
-1.226285838094393510e+00
-1.304396419349239888e+00
-9.447336258011186372e-01
-8.721485005644512567e-01
-8.223863634977055526e-01
-8.824789219559582287e-01
-8.717904591871368236e-01
-9.416028450308731035e-01
-1.448015449027797885e+00
-1.135765673517378893e+00
-1.154394204562399828e+00
-1.072065119467331851e+00
-9.987740104834839094e-01
-1.058504469163674244e+00
-8.551906298423342934e-01
-7.710848952823406988e-01
-9.049775939160877858e-01
-7.746160316208289265e-01
-7.249972890439394524e-01
-7.594344328185933524e-01
-9.145372854707745081e-01
-9.626485275661960106e-01
-8.060475830686015808e-01
-1.132791670977541632e+00
-1.074307225273251065e+00
-1.072700314941929856e+00
-1.258695116564769068e+00
-1.103229043729957226e+00
-1.091951800092097580e+00
-1.214667918723239870e+00
-1.352893580792965622e+00
-1.036800227819157927e+00
-1.074211494883498652e+00
-1.011801903964750116e+00
-8.589537969982309340e-01
-6.945290972987560041e-01
-7.145543396597274777e-01
-7.104000740686737814e-01
-8.085629854694690311e-01
-7.643137164203771539e-01
-7.476101348267988334e-01
-8.580133948123076504e-01
-9.864361596348409922e-01
-9.877629670030921849e-01
-7.844660781878382005e-01
-8.061511977188215994e-01
-8.629605760369751799e-01
-8.153687194195998744e-01
-7.870266148979396803e-01
-7.900961577845224681e-01
-8.150948662953985124e-01
-7.790422597681840866e-01
-8.483791710434441802e-01
-8.080664657517844240e-01
-7.959007690638582044e-01
-8.054759387129688530e-01
-8.004821296149731147e-01
-8.027103577251532007e-01
-8.251620373862199598e-01
-7.703217941576160355e-01
-7.792625901051386528e-01
-8.636361886794108322e-01
-7.198704192580197558e-01
-9.113622414995009580e-01
-9.080753396695238067e-01
-8.638780011387555691e-01
-8.044104931246571777e-01
-6.693247356512052049e-01
-8.479359179410319580e-01
-8.162746760092103315e-01
-1.022710651722742003e+00
-9.512843837668235603e-01
-1.204350770865463272e+00
-1.309029617344047880e+00
-1.227289681581868797e+00
-1.191074736321319216e+00
-1.303864433465525607e+00
-1.313468850859340398e+00
-1.289012185450843617e+00
-1.251868702684075130e+00
-1.313728842149831211e+00
-1.148846439953483234e+00
-9.632060526496811770e-01
-9.432674266985722200e-01
-1.273802745642559575e+00
-1.156880398403009158e+00
-1.045013013186523843e+00
-1.134097882690735970e+00
-1.315456082953495143e+00
-1.006783481875044517e+00
-9.662765322865980444e-01
-9.140909830952446136e-01
-8.466674736253223532e-01
-1.292784576239947469e+00
-8.280285103456961338e-01
-9.255402778518712070e-01
-8.427400048745197214e-01
-9.872957710105103590e-01
-1.011362662629836207e+00
-1.275176523949107743e+00
-9.821176462422500641e-01
-1.002157483195550425e+00
-1.178437403500858904e+00
-9.468076205652400379e-01
-8.422205252048315938e-01
-1.228470074121718492e+00
-1.305925559973756922e+00
-1.268781670624554936e+00
-1.326816891615998806e+00
-1.100053084565847605e+00
-1.372595641239305442e+00
-9.919267718630037090e-01
-9.130031458558416357e-01
-1.253757077597891900e+00
-9.270085968943030386e-01
-1.242449684866156145e+00
-8.679199141976029486e-01
-9.200010253554639084e-01
-7.444042404724707795e-01
-1.003821921499127745e+00
-9.812807853877520969e-01
-1.027805961091482700e+00
-1.143282167359912949e+00
-1.246881993320419380e+00
-1.224676909878096076e+00
-1.230762267071245475e+00
-1.222581809660395757e+00
-1.193321619627117025e+00
-1.197653111901982870e+00
-1.237469850181046382e+00
-9.159873470878499013e-01
-1.259600419957036532e+00
-1.269008925425970435e+00
-1.280661046392036928e+00
-9.080412244148555745e-01
-1.240264463472343648e+00
-1.278597798414073505e+00
-1.250771396465968799e+00
-1.281836022030712119e+00
-1.302971945804600074e+00
-1.277493996891756245e+00
-1.194152214795401568e+00
-1.214110908289699253e+00
-1.324487459739363437e+00
-1.275452142834304414e+00
-1.265186016164938865e+00
-1.222180860214313602e+00
-1.283113916503596963e+00
-1.191402295616168949e+00
-8.182062421204460145e-01
-1.265071453188562067e+00
-1.320726845670974647e+00
-8.763044242779060022e-01
-1.314064174921589334e+00
-1.234332164303122203e+00
-1.354762612185658632e+00
-9.763697432177326219e-01
-1.254811475177673552e+00
-1.074354971952897531e+00
-1.213533553071990623e+00
-1.240668127607614135e+00
-1.268604572147550069e+00
-1.308708744229599263e+00
-9.448115572167076204e-01
-9.248764282875466813e-01
-1.092645624672107907e+00
-1.192025081614664472e+00
-9.938695659065288623e-01
-7.762241283716312390e-01
-7.387268540207284628e-01
-7.147129768066494693e-01
-7.033187271145904251e-01
-7.590633296086535253e-01
-9.211060517169582518e-01
-8.052324198676124034e-01
-1.198106825644077666e+00
-1.203225475153161250e+00
-9.356592793756118853e-01
-9.018567270220252396e-01
-1.010395677664074343e+00
-1.000280097642647581e+00
-9.442952948181556616e-01
-9.375835220653309099e-01
-9.404591914762779892e-01
-1.203782402394681927e+00
-1.235426676599150397e+00
-1.071223028823039769e+00
-8.242111671095938563e-01
-1.206342442464294118e+00
-8.342623936880505520e-01
-1.289287110752406651e+00
-1.221029837187262546e+00
-1.563689793525739669e+00
-1.494259950034062090e+00
-1.293831619588150073e+00
-1.193881371209814857e+00
-8.479176340405369938e-01
-8.708320692293176624e-01
-8.377253988640436244e-01
-8.247734187768176461e-01
-7.901132165418593978e-01
-6.646184285333279762e-01
-6.550236586115495419e-01
-5.548365176548554212e-01
-5.588652827548140634e-01
-4.169277013968698542e-01
-6.140957190794962273e-01
-1.094679818138478034e+00
-1.147599583777774601e+00
-1.198719046607434002e+00
-1.275284793038409026e+00
-1.122529149682708116e+00
-9.026064095160996059e-01
-8.618288592546220483e-01
-1.234891355017382120e+00
-8.611561392113251667e-01
-8.512446581021932968e-01
-7.496031176244756233e-01
-4.564562741064570606e-01
-3.606238006372922689e-01
-4.294882445676238558e-01
-3.538769267511815420e-01
-5.740347951571027618e-01
-5.696100259805553234e-01
-3.582174015033324777e-01
6.010014959175950106e-02
1.223615890957539809e-01
8.675982392322063863e-02
-3.475931035111513856e-02
-6.533983806462060340e-01
2.653796003570872974e-01
5.332268025411878165e-01
6.049841288251925908e-01
6.903602369796527638e-01
6.771441911492759314e-01
5.442610973837374022e-01
6.686470285286696402e-01
7.407130954920413402e-01
7.135724492107307082e-01
8.814104605322899966e-01
8.770491439574074066e-01
6.047482308455733868e-01
8.965259884196054019e-01
8.687567461067878805e-01
8.513828351362470181e-01
8.637898055586655799e-01
9.407322245182085929e-01
7.611499322688353164e-01
8.402745731254064321e-01
9.861355495148249606e-01
8.716659767561683037e-01
9.226371929008866379e-01
7.917810206893611813e-01
1.038903737786883275e+00
7.907105218438020833e-01
8.007851742510182502e-01
8.298546063810670059e-01
9.274361329355794714e-01
7.912169340677466245e-01
9.259710371792140293e-01
7.686552880119663644e-01
9.228434324519654286e-01
8.032790877849474986e-01
7.337609188320612930e-01
7.502988896020061638e-02
-1.133744357945550618e+00
-1.034527968184740354e+00
-9.883789689576859550e-01
-1.059802368779588777e+00
-8.910281731523843618e-01
-6.418734460244867046e-01
-4.224381512500878788e-01
-4.309632745020686162e-01
-3.361112020778967424e-01
-2.522370018764780730e-01
-4.852083902226966144e-02
3.360171408316574015e-01
-1.643013425339046041e-01
7.150521454831600121e-02
-3.423756481605058077e-01
1.000967062636169136e-01
2.974364278565646558e-01
-4.705699422160295464e-01
-8.374043816382144012e-01
-2.321483427168588021e-01
5.310504038216113942e-01
5.664004693900610565e-01
3.936399955355140423e-01
4.351575606405504448e-01
4.037670823407095155e-01
5.692307631423344505e-01
4.995371293425883708e-01
5.865792478834550572e-01
6.756655502896096177e-01
2.954597056578034397e-01
6.850288837404946429e-01
6.922316357460097658e-01
6.443752881725518522e-01
5.149921440343390167e-01
4.601484777521309688e-01
5.322204293452817980e-01
5.947037717443341975e-01
5.633329993081518383e-01
6.370144407347116955e-01
7.830607704898130406e-01
6.974588631539245798e-01
7.810980223632746355e-01
9.008401895553609373e-01
7.826590269983809689e-01
7.078967207693778185e-01
7.099939203329143078e-01
4.131901557438877326e-01
-7.052685358414594319e-01
-9.401834268974740283e-01
-7.319645008234991757e-01
-2.132437504514204940e-01
-4.064619372264353658e-01
-5.150496692974450980e-02
2.598481094038818662e-01
1.181347654439639239e-01
5.727653570535128358e-01
3.934459452696322801e-01
5.492711092776123571e-01
7.990755881035918051e-01
7.661667614998443065e-01
2.120413516194741554e-01
4.857772057808172894e-01
2.626263598681332079e-01
-1.882039875488306091e-01
-1.000208400105260909e+00
-1.320986283768183167e+00
-1.273962545617187025e+00
-8.572168652004890088e-01
-1.395659751105008617e+00
-1.005968610973600130e+00
-8.018847502907219260e-01
-7.881186000996749375e-01
-1.028683858461618028e+00
-1.335536708307831555e+00
-1.023987246157712860e+00
-8.561765048436142944e-01
-6.792738327561751444e-01
-3.566843944853235193e-01
-3.341320526781811906e-01
-1.896621197985562668e-01
-7.065644736075236132e-01
-7.864650217599166160e-01
-3.535666189351834854e-01
1.239520560953663031e-01
1.953398026083748018e-01
1.636080828757569272e-01
2.457972506703231252e-01
2.040606757468164945e-01
2.152891281810868640e-01
2.471357208494537328e-01
1.482481559280431627e-01
2.418287149087170185e-01
-1.184179378648776426e-01
2.477540209592900000e-01
2.359375485655099691e-01
1.302881056397034720e-01
3.164197907861802106e-01
3.442737599125736958e-01
4.124342624114266664e-01
2.728219358311972931e-01
4.404143494279925131e-01
3.603536121299742434e-01
3.786596964905318274e-01
2.061025043465648798e-01
6.187662471864804892e-02
-8.649298348459030783e-02
-3.763464616511014854e-02
-1.598040273389300103e-01
-1.186524705798279733e+00
-1.014579842681530231e+00
-1.187967023152959323e+00
-1.278021779187029416e+00
-1.131869118348673542e+00
-9.040784699735935348e-01
-9.375432756079754570e-01
-1.366144591237414163e+00
-8.252657345186272808e-01
-8.913761925311860512e-01
-1.183290528703811129e+00
-7.093345622044898713e-01
-6.118329622074455409e-01
-7.161774528644652138e-01
-8.416569684708838928e-01
-8.431566197653966865e-01
-7.183499802192485628e-01
-1.602749786048831282e-01
-8.680572092831775333e-01
-8.150495278920308895e-01
-1.138333255730654248e+00
-1.127994711102659142e+00
-9.119951286121090739e-01
-1.039664052413664219e+00
-1.348964286442583038e+00
-9.246537354628219241e-01
-1.059650999632665069e+00
-1.154225956683990084e+00
-2.017352015710877633e-01
5.069897245278416342e-01
4.557809491739400198e-01
5.782820457956283633e-01
4.999257439656596413e-01
5.883487364115670415e-01
-3.146254141568115004e-01
-8.401505369188316807e-01
-6.800876939278412969e-01
2.571571806095403478e-01
5.080930767848153007e-01
4.418398399060077808e-01
-9.918374497922333166e-01
4.503489176501836166e-02
3.518978534921398671e-01
3.681201566593342855e-01
7.032530630061516463e-01
6.504067016777372867e-01
7.266222435728539875e-01
7.105849452949196676e-01
6.918475046521693761e-01
6.670795759364861466e-01
5.794911578769307292e-01
6.801159050530656280e-01
5.180816315085681190e-01
5.242201015798433339e-01
-7.956840178259050322e-01
-2.024244055144072685e-01
1.957851309862821132e-01
4.469262078585108933e-01
3.488903875957262146e-01
-9.165388680597281734e-01
-1.148746661397046065e+00
-1.056654675831832924e+00
-9.684265962284497320e-01
-7.527891458025655069e-01
-6.145049581865881239e-01
-3.450787125153547130e-01
-7.137224967167951073e-01
-6.473581064150415454e-01
-7.641082268760237550e-01
-6.804768911914351737e-01
-9.213197656619488418e-01
-3.321180234300390444e-01
1.728376083315474321e-01
-7.809625138157262614e-02
3.572601633517342723e-01
4.473030100385946839e-01
3.814359281128368306e-01
2.029871613224747129e-01
4.055403066571940385e-01
-9.286533905455996996e-01
-1.319534407238796003e-01
-1.080384837892245820e+00
-1.228940633856836495e+00
-1.323469308800617972e+00
-7.378458752696021028e-01
-1.182957592869828378e+00
3.278117234144118514e-02
4.255091622726739908e-01
4.217048217936605337e-01
4.959170321911979817e-01
4.364967630253721587e-01
5.205010730231481864e-01
-1.013444237697370132e-01
4.909291952725775565e-01
3.841824422687452056e-01
1.261082141175502713e-01
-8.839188024956541323e-01
-5.226451337675110942e-01
1.777819642888579244e-01
-3.688609274131292026e-01
-1.291367648473761953e+00
-6.320830801020682621e-01
-1.008880809739454598e+00
-2.799970822771573054e-01
4.217159682324299053e-01
6.944933434600399913e-01
5.016803492762218486e-01
2.578799266017665071e-01
-8.340845051222238737e-01
-4.853051186911816473e-01
3.830939006141282910e-01
2.253668002659503164e-02
-1.446228754799454119e+00
-2.290292498536125876e-01
-7.041397881394842462e-02
-8.223465363979540754e-01
1.959234361496992594e-01
4.165211765456768717e-02
-9.622265401920843120e-01
-1.367003889356145363e+00
-1.487264415632574277e+00
-9.433981424546716843e-01
-7.431217472988045358e-01
-1.020167770957741249e+00
-8.068610945129321976e-01
-6.616144322486932072e-01
-6.823169096538680423e-01
-6.437989843145730529e-01
-7.217490754451850732e-01
-6.686090090270637720e-01
-9.055127706190850834e-01
-5.956671531407334852e-01
-6.973953104514528656e-01
-5.644157969953897958e-01
-5.269376935318063060e-01
-5.716456580499402751e-01
-6.421760265698570613e-01
-6.625132461627454283e-01
-7.279966871188732203e-01
-1.258255690020293027e+00
-6.961375956728242942e-01
-8.008479716198696474e-01
-9.424792530993449935e-01
-6.197513541430177408e-01
-9.677033200036331273e-01
-8.947527042306557821e-01
-6.923559619417887223e-01
2.046577476988870395e-02
2.465878055695738535e-01
2.134018064074506005e-01
2.512367701831896283e-01
2.074222470787105699e-01
-6.573671245365767524e-01
-7.010365844844258509e-01
-6.736308432917909039e-01
-8.221556107426555293e-01
-7.656344211729626537e-01
-2.807792637623035548e-01
-9.039947570556590428e-02
-3.162190113898138422e-01
-7.215565509092749519e-01
-9.423633883545344814e-01
-9.488229433743983199e-01
-1.165366076045687205e+00
-9.972041874915207327e-01
-1.048878596869248225e+00
-1.074225675733665897e+00
