3.166256351814425996e-01
2.200511130344178223e-01
-5.432082337446018927e-02
1.030968640865742580e-01
2.818082870222249348e-01
1.515672745143893385e-01
-1.848501268774036532e-01
9.135772236770794974e-02
-5.211495744747356162e-02
2.000087608869434430e-01
-6.148946034175358788e-01
-7.552727775778117492e-01
-3.193687671895581448e-01
1.304822800326991827e-01
-2.083707092623504342e-01
1.481437354475817758e-01
4.089347857145175791e-01
4.133230159664773584e-01
2.868197505781328038e-01
5.495705277581601766e-01
5.318074463496254012e-01
4.365215324988707124e-01
5.750667021737058127e-01
6.768123227597746538e-01
7.263492962372884998e-01
6.484877246903708592e-01
8.121775055415874078e-01
4.076860257003258603e-01
3.743047172042062165e-01
2.678947949683816998e-01
1.081410186161762821e-01
4.432691650355160551e-01
4.615192286092411611e-01
5.688161642438196441e-01
4.945496390329248704e-01
3.031962827021438267e-01
5.532398338682130712e-01
3.444415562653292406e-01
3.759294266855272570e-01
4.471376141230168355e-01
4.817358684069562580e-01
7.755193843829829570e-01
6.190633136903193057e-01
3.125602248549183559e-01
3.050266110860480606e-01
-2.469228649979838749e-02
3.279944834854590652e-01
3.861550090874455998e-01
4.601372080327233438e-01
3.979374191299391850e-01
2.704585679883953486e-01
2.096383524471404358e-01
-1.143971672347238455e-01
3.538046629552670241e-01
4.684216311766919993e-02
2.544089430321541112e-01
2.593423685020614378e-01
2.951982877143788028e-02
5.712447102841019531e-01
6.948600391238874963e-01
6.157644260572499029e-01
5.762727818609112568e-02
-1.805133695609301148e-02
-6.854814940390023537e-02
1.593842805107339167e-01
-1.673815137985898982e-01
-1.152224789876710176e-01
-2.822306613001221987e-01
-5.353229760748104971e-01
-4.760487370410899644e-01
-1.429760910682607300e-01
-2.687943409707250764e-01
-9.587677148800267946e-02
-1.623282344719867154e-01
3.801019866505001010e-01
-1.950603412290912164e-01
6.315578596032384029e-02
4.854966377198953742e-01
6.555286138954430353e-01
5.157593949060663707e-01
5.752196462047515224e-01
7.458335252334395982e-01
6.375483303972054872e-01
3.687011187285335612e-01
7.301348314525111238e-01
9.166987150365270010e-01
1.006425516826587430e+00
8.911089596405235014e-01
8.670540195159898156e-01
9.601481955807339430e-01
1.025977307154643414e+00
8.519178492800132396e-01
7.027277895961525633e-01
7.764934924967108465e-01
4.670463731811744929e-02
2.852604476332187833e-01
4.511503145638993129e-01
4.945973823600268715e-01
5.786057494795077139e-01
5.042141944999355418e-01
6.462849425362681144e-01
6.727586933138341996e-01
7.727590750193533697e-01
5.405156909186786818e-01
6.653636144552587117e-01
7.956386647583789662e-01
9.428933398599415039e-01
9.523007322160647048e-01
9.581700747392640771e-01
8.075962020841680467e-01
8.308132787751187909e-01
7.740097220078088203e-01
9.751182888749643229e-01
-2.443816576843736155e-01
-5.836259363902168706e-01
-5.240973904355274993e-01
-4.237272808346996822e-01
-3.276872016954623379e-01
-1.594369939452544294e-01
1.128798408800507358e-01
2.354050111320800942e-01
-7.711652555855211255e-02
-3.251971590482969354e-01
1.592493446699129178e-01
9.267631323624868356e-02
1.842831223159463183e-01
3.854632280616520634e-01
5.556085689403270633e-01
7.470703191705606594e-01
4.858373560854408191e-01
9.187023943962343564e-01
1.088219178287029409e+00
9.993127767817064910e-01
9.716653132295866024e-01
9.441494452456257180e-01
1.153142355355546655e+00
7.411845388171007798e-01
7.402319633304007551e-01
1.119371737738481087e+00
6.970649746023093174e-01
9.637005953629906863e-01
-9.241242415802030097e-01
-1.094571115595347477e+00
3.183845732613295176e-01
7.135723776963898146e-01
-1.132172986639480516e+00
5.272227987605433430e-01
3.787077050518541932e-01
6.618240366368914884e-01
-2.031843555539964541e+00
-2.359143165514576701e+00
-1.346792874059377088e+00
-9.934633530385899025e-01
-1.720879249107593933e+00
-1.294343219238702325e+00
-1.500234197398590652e+00
-1.980014560464350426e+00
-1.526534856436944310e+00
-1.423030500399069975e+00
-1.463474401012062831e+00
-2.222414066614160078e+00
-1.645015964745391246e+00
-5.233672949843546363e-01
-1.103304654099728083e-01
-2.342090846116454406e-01
1.464275390284504041e-01
5.021930343509197758e-01
5.006385515059919022e-01
7.772582763424247254e-01
8.051025724452931520e-01
1.023717056669129377e+00
7.781231456283447256e-01
5.282592535818929624e-01
1.009543230662752311e+00
1.131498310979457411e+00
9.051708994854089640e-01
8.397493547424090821e-01
1.098276686870230279e+00
5.395932603353192913e-01
9.833150165161445022e-01
7.373743984940349661e-01
1.027398739323471366e+00
1.099566498679956483e+00
-1.043845766850454854e-01
6.743731888508183170e-01
7.233632981101522086e-01
7.864897750165050772e-01
4.702262468488146996e-02
5.986847257772289765e-01
4.917056766641564880e-01
5.326531749623640843e-01
7.681623743336762900e-01
6.811234718542300559e-01
4.614605849694195516e-01
5.831221775324733070e-01
2.632347664695126599e-01
-2.572592564244555180e-02
3.080114251244507328e-01
-8.061337800778157758e-01
5.499961225921772695e-02
-2.775869452941782112e-01
5.533338638168663892e-02
2.381782508746827787e-01
-4.798943978816486711e-01
-4.748915144611157713e-01
-1.042075896436589905e-01
-2.770121638850402412e-01
-1.629641573104844421e-01
-3.825961109265724747e-01
-5.152899035879248135e-01
-1.439232772206717081e+00
-1.084279390496684092e+00
-2.389277377718198869e-01
9.958536310590331009e-02
-1.284561428273805206e-01
2.424357442917140781e-01
3.006092941091818571e-01
2.922463953942197046e-01
3.823234869440775285e-01
3.272884398836689024e-01
6.044371343391379270e-01
8.654741222853528093e-01
-1.728173441147015377e-01
-2.120513619816550399e+00
-5.090637189823006281e-01
4.837343829467952161e-01
3.449973723098369027e-01
7.382521306027151065e-01
3.980055837777189409e-01
2.950205509108689422e-02
-1.470893786264412806e-01
-1.151407262139897636e+00
-2.122899853199229803e+00
-1.595276628902973837e+00
-9.360352075611493294e-01
-6.899546557680887870e-01
-8.680915513896081404e-01
-1.105344239936503631e-01
1.128563390506686151e-02
6.784292321001136883e-02
3.313299227213095666e-01
3.440615676215055818e-01
-5.408470382434632517e-01
-1.475858506453886498e+00
-1.727978494893946282e+00
-1.075521061802276801e+00
-8.560353327587647554e-01
-3.214301560946337122e-01
-5.912421518312940272e-01
-3.411021802071492193e-01
3.002750163045722620e-01
5.757406507971384313e-01
8.131694646167099416e-02
2.247171468237469660e-01
-8.963617240730602509e-01
-6.579401013155934674e-02
1.030649715725494853e-01
4.263463919309195549e-01
-4.894690541144517959e-01
1.028601744439222032e-01
2.737072894067811846e-01
4.055292660124958370e-01
7.470569246551919118e-01
1.876519760682940074e-01
-1.537888371809577881e-01
9.048758136928292117e-01
1.054832669957220359e+00
5.296600318129753848e-01
4.682029128871462720e-01
-9.814456199377163959e-02
5.112110720473593828e-01
-8.413871855528105848e-02
8.229097205216785726e-02
-1.311954105158011016e-02
-2.377124522900564974e-01
-5.062606587487745724e-01
7.539054651619401561e-03
-4.988057342368709124e-01
-7.152024976113534604e-01
-9.251277029519200390e-01
-3.045380854237964563e-01
-8.045519794478608322e-01
-7.315573714178182918e-01
-9.120408059573356097e-01
-5.379310586838105257e-01
-9.410160197659839243e-01
-4.454125088048307424e-01
-1.171531434587836373e-01
4.447988534650087339e-02
-1.211148252598954977e+00
-3.537024164967054185e-01
-5.443323538863985567e-01
1.570041207814106554e-01
5.309892557942478275e-01
1.259249997326972736e-01
3.323984834814218137e-01
3.705700433567175045e-01
7.584088861509065138e-01
8.769780860103354447e-01
8.789586025554964044e-01
3.884925031257336903e-01
6.791589511038079729e-01
8.507063526260130737e-02
-7.839000258032426949e-01
-1.412037052624828926e+00
-2.125314788268243937e+00
-1.231623654727986850e+00
-2.324231776687886164e+00
-5.322674934730178276e-01
-2.448795133460515139e+00
-1.704351717206954442e+00
-5.153626996226772228e-01
-6.827466923829845769e-01
-2.459555079773434738e-01
1.448065851398929460e-01
2.472497151044086572e-01
4.165844237395116001e-01
4.573751848810481690e-01
4.793880317393534596e-01
3.328469446656169839e-01
1.316960870635229819e-01
2.602439848645992648e-01
5.597134129726761831e-01
6.602940502325418404e-01
8.693100740353864042e-01
3.397997219117967482e-01
-2.108089260126155384e+00
-6.073095667374132089e-01
-2.111165223882813802e-01
-2.295682674400912671e+00
-4.095809347680634538e-01
-1.419188384696331851e-01
-2.267127099964284798e-02
-4.667550717337141941e-02
-1.382101113208546173e-01
-4.295171709921942194e-01
-5.542044309779421175e-03
2.333551895641830520e-01
3.597803769027711485e-01
1.954821010100494527e-01
1.876719752980279543e-01
1.860778555925223232e-01
5.859053702394185770e-01
7.893526466815083964e-01
4.123956317457228016e-01
7.283822626494527164e-01
8.459468926788162868e-01
3.893843046286208920e-01
6.127239718720374206e-01
3.776524704144227917e-01
2.746509907950185347e-01
-1.169538784167578754e-01
2.996641780685563305e-01
5.646940662187206472e-01
-8.278183798689334738e-01
-3.931998145181447302e-01
1.070493081498286730e-01
-5.387202457873142558e-01
-2.047428973297751031e-01
6.875369403800059009e-01
8.438492136299753366e-01
-5.381384605124230891e-01
1.559046328940309201e-01
5.792225639226590284e-01
2.900486348394435976e-01
7.666251875429910267e-01
6.825248043552576416e-01
4.295757062749575583e-01
6.341006710311603012e-02
7.368142240588990699e-01
1.398211510573021510e+00
2.637907682470368442e-01
4.602007395637452980e-01
7.978101145045133347e-01
8.151627104098604359e-01
9.430071043908826445e-01
7.646915846755807378e-01
1.023774042465235290e+00
8.282892932331377134e-01
2.089877072532494440e-01
-3.180234636377690105e-01
3.146312236354750769e-01
5.889079276050876999e-01
7.125424577133370185e-01
7.914236120439486211e-01
3.119787934342175273e-01
7.300878704802944430e-01
9.931313443372979943e-01
7.080823111002887416e-01
8.213515633631647272e-01
8.364062650285061240e-01
4.071841406217062143e-01
5.504549410492812767e-01
5.034698906527299567e-01
7.173126950910286848e-01
-3.853889164221479535e-01
3.072124979638816700e-01
6.852623539986270051e-01
6.748302964228127809e-01
4.985677297776947570e-01
8.623943315091116280e-02
-8.411197522066743426e-01
-2.628474154552051245e-01
2.711650909266909992e-01
5.350772849120219998e-01
-3.114999276716796106e-01
4.047601457358872973e-02
-6.714029387494523105e-02
-2.196229305635232221e-01
-1.741344249456293847e+00
-1.481204892739883761e+00
-5.315367093526004449e-01
-1.155930654879074315e-01
2.415053774601453318e-01
-1.634247559460650463e-03
-3.716452342491970984e-01
-3.054112154953808056e-01
-1.510889442298941066e-01
-4.203907333216728159e-01
-1.864378790715622403e+00
-3.789252783717265705e-01
1.103075158851661713e-01
-1.352348233209615643e-03
-1.394846169764606625e+00
-1.306882935461863404e+00
-1.484448599837196570e+00
-1.050295923212270166e+00
-8.169091686448343159e-01
-6.397827383806318213e-01
-1.045983313177595520e+00
-1.530071269232872844e+00
-1.804032238484549078e+00
-1.787719659007643402e+00
-7.833384033803251212e-01
-3.580558681279038535e-01
-8.122359768671003066e-02
-1.418097335099576251e-01
-2.203172201872945768e-01
-6.587485536516867191e-01
-4.667893960796092867e-01
7.223616293821354117e-02
-6.834161348083362952e-01
-6.775316363042506174e-01
-2.135625896540744029e-01
-2.452326270939646918e-02
5.712443259635833215e-01
3.270798717342354167e-01
-6.075694106571021269e-01
-8.812797709268792301e-02
3.991843073193843683e-01
6.093767832951543229e-01
8.114628337445763950e-01
9.097910061489321576e-01
8.403660235868583017e-01
9.187116995983413137e-01
8.487553392376256944e-01
4.633151897665523378e-01
6.390203419956838049e-01
4.114721361576493264e-01
2.973405300639657134e-01
-1.374833737580144932e+00
-1.972685666777786340e+00
-1.330900802622893675e+00
-1.353429262821074230e+00
-1.917666524925725646e+00
-1.162933189774733700e+00
-3.426233719944878908e-01
-8.967287568683537380e-01
-6.458261083057139640e-01
-6.553220907303344278e-01
-6.520649033467392774e-01
-2.209136350129659476e+00
-1.446054688309911240e+00
-7.237305692307575145e-01
-2.684973441337707989e-01
-2.172078110094806669e-01
-1.473296691715059392e+00
-1.350489371418679418e+00
-1.039177266757200568e+00
-1.212193909051336060e+00
-1.145175946234984643e+00
-8.422682810115813545e-01
-1.198588952863898438e+00
-1.937325708642266830e+00
-1.289271088016867850e+00
6.622273088799368601e-02
2.984997263182110894e-01
7.601487697207610916e-02
-2.229285355779902500e-01
3.207543851334503926e-01
-3.220774990038234864e-01
8.688044841385163253e-02
5.649366207713339971e-01
4.620982490753101635e-01
3.923585184761474443e-01
6.507941627403741602e-01
3.429996694786199840e-01
5.383699999148658932e-01
5.123229595609819498e-01
4.494635122715802678e-01
6.505935209094136917e-01
1.870825171127213082e-01
-1.577132445387753990e+00
-7.680251596799752001e-01
-3.780723772487648571e-01
4.595807933081971774e-02
2.086363360246065723e-02
-1.119707856718652694e+00
-6.596515876605510975e-01
3.818952101090434814e-01
-1.322624848791202623e-01
6.354941039241557288e-01
7.868011988322852757e-01
-3.535028583455818718e-01
5.853759793304132986e-01
6.423569246174478664e-01
8.768036875088485171e-01
1.041159525535625630e+00
1.072537083394404567e+00
9.485061765469677830e-01
7.735707521873388393e-01
8.306617425831415158e-01
4.724671269043912991e-01
-3.456596787273358284e-01
-1.685794688148924303e+00
-1.069326842746614936e+00
1.785249109611464491e-01
6.204840700253053676e-01
-1.822907826382942131e+00
-9.056177997506458244e-01
-5.659408282569132753e-01
2.234171080752819089e-02
3.493689235662991166e-01
4.110527664522482527e-01
-1.826906408689739969e+00
-2.208236185073225055e+00
-6.642928719292875428e-01
-1.859154053730506684e+00
-1.135968960978679165e+00
-1.670126126377376785e+00
-2.352310555912168422e+00
-1.066319086229402524e+00
-7.337798529467098874e-01
-1.072342211339295304e+00
-3.709793345164668077e-01
2.370600215484469642e-01
2.706708924125724725e-01
-2.657180116830848426e-01
1.932809445133863158e-01
4.152229200876234039e-01
-1.608717267142791396e+00
-5.859835275277848199e-01
-2.879733262979659036e-01
-5.161573175841215333e-01
-6.036619427379988911e-01
-1.528864940663475780e+00
-2.165837404116274900e+00
-1.604749207075089057e+00
-1.030399460057583427e+00
-8.877302050998046035e-01
-3.924496765029171774e-01
-4.049948029113064063e-01
-1.726208020813915001e+00
-1.578602879703892903e+00
-3.535180095022372182e-01
-1.605599276117408991e-01
1.277633687455877742e-01
2.901726620857214001e-01
-3.475460783436096768e-01
-1.110322212159425170e+00
-9.354686263739645513e-01
8.981639497782552273e-02
3.874513155731259539e-01
1.754824938811814505e-01
3.334325238425176474e-01
-3.670081189685619472e-01
9.988591545291011786e-02
-6.514330928657954822e-02
4.027856179923970659e-02
-1.201598911077719073e-01
-4.750523801345339359e-01
-9.489704130125869996e-01
-1.373086306918191335e+00
-2.242388845416069643e+00
-2.103787080473328075e+00
-1.232471716028568309e+00
-7.000141722730309768e-01
-1.105356066519251002e+00
-1.552782657510556330e+00
-1.215637314195725516e+00
-1.464115317298885444e+00
-1.730957480512275382e+00
-1.208120411491415691e+00
-1.296418215738035062e+00
-1.351706736493948791e+00
-7.683097269804552154e-02
-1.130859424249877954e+00
-3.095616844188150418e-01
-2.039110457434432921e-01
-1.047785461908144811e+00
1.532493904412447483e-01
-1.119679945948986455e-01
4.064207494406041898e-01
7.151162327805726804e-01
7.659851414614560206e-01
3.126523181248105909e-01
-5.305796593690823709e-02
-1.255631855623499993e+00
-3.064672475493051551e-01
6.768030746099996942e-02
2.554774943295433642e-01
1.787791418139304256e-01
-4.877064143342757507e-01
-7.550204768118895515e-01
-1.987534801024407605e+00
-1.037557285139227847e+00
-1.307759019366185660e+00
-1.228584626020470916e+00
-1.067818307034198222e+00
-1.525428458368270235e+00
-1.717205170061176789e+00
-2.230578948857685262e+00
-1.395491520993129786e+00
-8.915294026490117041e-01
-8.443192712855461801e-01
-1.805902733742640542e+00
-1.171346379821194716e+00
-1.959926179473417296e+00
-1.694638541769896589e+00
-1.956957559358008414e+00
-9.735953012702533993e-01
-9.172511384198906992e-01
-8.983105551429177993e-01
-8.676459721094227362e-01
-1.505381497977337890e+00
-4.271223024570875437e-01
4.538736369325786779e-02
4.075628261340700220e-01
4.512693759517070191e-01
3.207001180936865370e-01
3.455215576004844746e-01
3.852770038099938565e-01
2.496457263300227991e-01
4.274239733194999946e-01
-6.305695984250300201e-01
-2.140012187293368395e+00
-1.490540012996897978e+00
-7.674840099622410872e-01
-1.288254837190945024e+00
-9.445638410194996393e-01
-9.401855642353977860e-01
-5.737967234095971980e-01
-1.099413287999333688e+00
-1.082756204062075511e+00
-9.599049711772916771e-01
-1.390794555976251790e+00
-1.807942650375132798e+00
-1.753645995535389357e+00
-1.636636648202838273e+00
-5.829213894573115340e-01
-4.345424434749879383e-01
1.518336846032159425e-02
-2.208065881724005641e-01
9.460775145210373327e-02
2.087046956677746923e-01
-4.882598314985084897e-01
6.260878741427909622e-02
-6.826850928690549047e-02
4.561547631721976082e-01
1.572013715589925809e-01
5.578433895014019983e-01
6.087778086214992029e-03
4.809558627391142260e-01
5.693012666299114288e-01
3.862277697143313288e-02
3.318223594730118076e-01
4.217395361945770471e-01
5.380909365790038645e-01
-4.835002659460961860e-01
-5.024500737314758353e-02
2.278152928309548630e-01
3.801668238822639156e-01
4.586883910027553801e-01
5.726686335678589090e-01
2.267337322134696243e-01
-1.687077187921085519e-01
-3.684853962162173979e-01
-2.676013719424311099e-01
-1.657530705738954335e-01
-2.240249694901286504e-01
3.703845725479066320e-01
4.400233873576777643e-01
-3.378398193184870557e-01
-6.721312397001854011e-01
-1.879973525436692494e+00
-2.317166909312150247e-01
-4.250131563115373545e-01
1.151365192544891447e-01
1.702782591658748845e-01
2.003273353190163780e-02
-6.499444914140137808e-01
-7.537363594493280416e-01
-7.935678327500964579e-01
-2.074905013195477155e-01
-4.051402975602337864e-01
-3.919463043994270146e-02
1.866930102701677419e-01
4.597826157195391006e-01
3.824819016429706897e-01
3.836821264252258668e-01
3.973518360904522151e-01
2.366979647081536575e-01
2.563035269852633746e-01
5.244554171502877060e-02
2.696174725701838693e-01
3.122853549648569316e-01
3.927969416083968990e-01
2.269948104253310395e-01
-1.674600058469788988e-01
2.767540966642600408e-01
3.972025378612359381e-01
2.679570385731528392e-01
2.366846930312715980e-01
1.001209926175727766e-01
4.579884096744548660e-01
-1.524495723150252613e-01
7.686218623336855960e-02
2.680613469540781835e-01
2.039202663669852922e-01
-9.663120577001447220e-01
-2.171043286864449140e-01
-2.612153676090697152e-01
3.329668219134079843e-02
6.452569773572994216e-02
2.319482060204894683e-02
1.044930738055950548e-01
7.068371254271216264e-02
-8.739585249456710558e-02
-3.081326763621908271e-01
-4.035172242810110554e-01
-2.522638216913205556e-01
-1.123752424276484696e+00
-1.197647419104029137e-01
5.295513147395920495e-01
3.754054313439596502e-01
-4.560571318444578415e-01
-3.350939472570640953e-01
-6.973420940193575390e-01
-4.020474694783425784e-01
-6.155998809933572319e-02
1.916877286989656648e-01
1.957500839267931406e-02
1.994002343839601232e-01
-3.567710698193045649e-01
-2.158537116051315152e+00
-1.785387823083937286e+00
-6.439721386892927057e-01
8.198081659384647002e-02
7.595805654867701651e-02
3.348449158668568293e-01
1.055927018186690325e-01
-1.044083170720708359e-01
-1.455313108667764810e-01
3.351213371965662546e-02
1.994855018740440689e-01
1.449638309197731623e-01
-5.847231366239743489e-01
-1.208036151949718917e+00
-3.158065617426384364e-01
-2.901541835672259984e-01
1.211032739946666242e-01
3.811711683294176367e-02
-2.613433783813610689e-01
-7.016519839216381338e-02
-9.421327968961089316e-02
-1.990789109020766334e+00
-2.099731050338288441e+00
-1.683216557441035599e+00
-2.742398752026379838e-01
-1.393130961148232039e-01
-3.180681715704075652e-01
2.817372738547873623e-01
4.346211183466853201e-01
4.966372845471751507e-01
1.953635380956701417e-01
-3.472177572961924752e-01
-5.211692798458207321e-01
-2.648073678982566515e-01
-6.967668467743969307e-01
-1.590325279863952446e+00
-1.009004854769960380e+00
-1.043825863439848511e+00
-1.110170861658215991e+00
-9.823567971948442556e-01
-1.645980856756366739e+00
-1.350741582104018512e+00
-1.385927335115840764e+00
-2.062808732648790500e+00
-1.339465365177805678e+00
-3.994762735521119601e-01
4.604467404553098941e-02
1.549692128247467382e-01
3.024590804946338252e-01
2.359797131895141342e-01
1.486102347126523615e-01
-6.758575170632822315e-01
-6.987083152385119567e-01
-1.683616687049562799e-01
-9.803344398325217202e-02
-2.546098302212304043e-01
-1.216045247697482123e+00
-1.100500732421660688e+00
-1.081627196798763679e-01
2.140516040779644191e-01
4.693853673151528461e-01
4.885056271383865778e-01
3.657438219195393581e-01
6.085438719209934622e-01
7.306524693851794705e-01
9.085782804762306819e-01
7.636435367279099662e-01
4.535378961793007369e-01
7.237024225126532651e-01
7.333266756807361730e-01
8.397099481487360073e-01
1.872685274025725002e-02
4.168498172228001231e-01
5.063987944810152131e-01
5.726490664815260256e-01
4.300828096031189540e-01
3.942095865992640835e-01
2.685780087787767445e-01
4.405409449022074653e-01
4.266183927046952040e-01
1.940696214245587192e-01
4.660375153873986265e-01
-6.144084684266412633e-02
2.094685484216878557e-01
2.944486854978653478e-01
6.180726400293769934e-02
3.561646416888567535e-01
5.453770257137368072e-01
5.600609146509577529e-01
7.300937480188753048e-02
-2.864651304654950992e-01
-9.541991429409964198e-02
-5.936828736640198390e-01
-1.280482269189845423e+00
-2.040631424254108151e+00
-1.283834688603229468e+00
-1.028284968296410584e+00
-1.424979562322900017e+00
-2.128148982790488475e+00
-9.439916805155277313e-01
-3.957558641084366752e-02
-1.097964918534563711e-01
2.141252485665773864e-01
3.326923333181276421e-01
3.230975939536599451e-01
2.596477276955506674e-01
-9.601004337846598125e-01
-8.175644702885077608e-01
-1.064758455856302244e-01
-1.658630304079060369e-01
-1.839286072420455165e-01
-5.829026017052069825e-02
-5.005845619495808974e-01
-2.292648304455889574e-02
4.931525347348082733e-02
-7.941056140877162939e-01
-1.761787629799675958e+00
-1.018842550691242854e+00
2.621677331748787920e-01
1.664671080224374711e-01
2.550103716102320450e-01
4.757142132580511884e-01
6.744087309510802264e-01
2.888318786599011756e-01
-1.347984893779608617e+00
-5.229517616411116787e-01
-8.724589566046805911e-02
-1.322138766196943038e+00
-2.657596080698843566e-01
1.979608378135748192e-01
-7.069344773271345195e-02
3.069402679387298050e-01
2.440743491349632865e-01
2.086375916636900862e-01
4.530890207576322992e-01
3.234170891475368070e-01
3.296177712026345796e-01
-6.026104710860291864e-05
4.123570976074903416e-01
1.082489656569923103e-01
1.810414537516845945e-01
-1.253261542668285544e-01
1.963363722340494277e-01
2.826261970114947175e-01
-1.202888799757728666e+00
-1.774932556059791056e+00
-2.271866179795111407e+00
-9.274273642108112892e-01
-1.476824510638382382e+00
-1.906910531367022876e-01
-2.907571141160180672e-01
8.378942719631872482e-02
-2.537214678952159994e-03
1.961716166899757363e-01
-1.596519935028596349e-01
5.702470414588584058e-02
8.938654371249547814e-02
1.070928780700776822e-01
-9.296391949300283342e-01
-3.558641111462270690e-01
-3.392289631738555911e-01
-1.019598439944156443e+00
-2.092860281932177990e+00
-8.651888815805180988e-01
-2.151734904090524259e-01
-7.772666139181029221e-01
-5.217085622113458721e-01
-1.630510340432167249e+00
-2.034130863778291776e+00
-1.436494975322323731e+00
-3.969151077130853023e-01
-3.591625572048460224e-01
-1.496204098489078982e-01
-2.404274661355165765e-01
-2.161904945889787655e-01
-1.450286212614237957e-01
-1.457277711157228817e-02
5.560653773404571759e-02
1.290914356528842788e-01
-1.019784791675803381e+00
-3.819309170902985273e-01
1.587963435085771868e-01
1.369881287060603636e-01
3.269403796545167773e-01
-1.291365638694371432e-01
-2.439950876623213083e-01
-2.722117377193190024e-01
-3.312623110631731094e-01
-2.585742054026301529e-01
-1.970444203402944572e-01
-3.531310543257257795e-01
-5.846545334050869958e-01
-4.319445107621726343e-02
-1.290761150808614477e-01
4.013466807155350313e-01
7.279744521473464625e-01
6.876721378050058009e-01
7.644412928415924569e-01
6.787380260443691693e-01
7.261112536109972648e-01
5.331086355407805843e-01
1.511647369178326372e-01
7.780117061151355096e-02
2.148361225741941549e-01
-3.518588004267881320e-01
2.682923284995247792e-01
1.739906597587038695e-01
3.126588302302966693e-01
5.915907972459210074e-01
6.677279568849853186e-01
-1.406688753030929107e+00
-1.721669372224454264e+00
-9.130125907286464060e-02
-1.228909267014099305e+00
-1.310188625727804590e+00
-4.866451510409974812e-01
-7.122400525803419535e-01
-4.692735506078562491e-01
-1.264894574273863481e-01
-1.037525480219394364e-01
-2.011602474873922797e-01
-2.828799761912069721e-01
-4.569702973675742186e-01
-6.877638691020065975e-02
-9.177794336557134613e-01
-1.648422963140209863e+00
-1.486610297691847826e+00
-1.467708264811602992e-01
2.311365562509070382e-01
1.786941873693075888e-01
3.855057123190284152e-01
4.736192719474763835e-01
6.133335899894236665e-01
5.479716472381427339e-01
-2.115850873506524010e-01
-1.007288018718038636e+00
-1.240256520370576071e-01
3.575922474630801595e-01
3.579439811342596256e-01
2.740390860236431303e-01
-5.505142760506658295e-01
-1.785369732724429448e-01
-2.215767266389017942e-01
2.625859685339780314e-01
5.302592118626353601e-01
2.146306868448210059e-01
5.268349461368317943e-01
3.526855660932500802e-01
2.669990343202801597e-01
-2.596869252190346922e-01
-2.331140925402493125e-01
-1.420258251215358036e-01
-1.045377179292327485e-01
9.213757795104465798e-02
8.482824966276997225e-02
4.802178287411693058e-01
1.980411595707829986e-01
5.522656349111819685e-01
7.289830417191693890e-01
9.906381090817373281e-01
7.832871723704070144e-01
9.965779216514251138e-01
1.042712527847537096e+00
-4.461265880568655029e-01
6.309449777705262719e-01
5.114913223085565397e-01
6.279938566358196361e-01
1.266805866080261689e-01
1.444139234347008027e-01
3.510220379286234649e-01
1.514597773006153281e-01
-2.510508483115116984e-01
-3.000502171051659950e-01
-5.950961297907673975e-02
-2.194905209482774566e+00
-1.760516617580718979e+00
-3.899925352818660040e-01
-3.305423530834332158e-01
1.421373165347879219e-01
4.002978309789728684e-01
4.401625559740141025e-01
-8.336209819872709703e-01
-1.953484403382513834e+00
-8.530608908172757632e-01
-1.182859589024369829e+00
-1.382597981321630698e+00
-4.933333008689392840e-01
8.246926855855657434e-02
4.235480886811710532e-01
1.933483416320568304e-01
1.052442197772195942e-01
-7.349529459220659477e-01
-1.798943875349485466e-01
1.887617959370747611e-01
1.235244469248190508e-01
1.250903512836427089e-01
3.777020733368317562e-01
6.048870531073098356e-01
2.715442988263859769e-01
-3.091846322211666553e-01
7.302334598037178715e-02
-1.071622986060093208e+00
-3.856920038374512388e-02
2.250441409584325592e-01
-2.037524450613583116e-01
-8.166921681295140623e-01
1.617766139916400059e-01
2.919106038111729529e-01
1.672887579696953897e-01
-6.518062948504188547e-01
-1.164186032678829807e+00
3.862212231200898294e-01
6.213987004779376599e-01
-5.716516894064639365e-01
-6.829666362104123145e-01
9.404696757185648792e-02
4.703142171044332742e-01
6.285426380148801950e-01
3.219395727867538359e-01
-7.423319556549392573e-01
-2.613202181557998660e-01
-9.410380781684424267e-02
-2.585086049319054169e-01
-1.594876172104551459e+00
-3.286172254465147269e-01
-3.899124931872676725e-01
1.332630756768403701e-01
7.660967376931115957e-03
-5.382669625321164775e-01
-6.979536508985187959e-01
-4.328538212356922710e-01
3.599537637581111116e-01
3.649255458842702859e-01
3.395371362355102951e-01
6.896643534428902322e-01
1.082850339171650855e+00
-2.918261081948342883e-01
3.169497876921736346e-01
-5.596722694865273739e-01
1.672911143813610446e-01
-4.372839553273091262e-01
5.452809423044461257e-01
2.700882134447432636e-01
-6.671484943150183256e-01
1.761554550535680552e-01
1.848258181899488650e-01
-5.506866811989807008e-03
3.352183333929100728e-01
-2.436178176177748178e-01
6.852674759968686580e-01
8.974086758506814032e-01
-1.605188092363878660e-01
-5.427069564682193148e-01
-9.526102819194942617e-01
-1.102180054445182744e+00
-7.644769580629600103e-01
-7.911717468016296051e-01
-3.333953207418221404e-02
-5.507245352731418749e-03
2.051421453749541490e-01
2.584241536839288478e-01
-3.950927385167041402e-03
-4.192988947245316345e-01
3.181767625656827247e-01
2.412223196983689644e-01
-1.606607902909766850e-01
3.669637227683489322e-01
-6.172534832510094549e-02
5.677426057908434576e-01
7.690448836801247467e-02
5.049080264923567762e-01
-3.503951220737935857e-01
-4.926981504926111199e-01
1.288828694117769846e-01
1.122961705048573788e-01
1.680165120285493086e-01
-2.538085204651409077e-01
-2.552963015606508068e-01
-1.006405072787923544e-01
3.054403727070925112e-01
3.528940650164056336e-01
7.254927011279497240e-01
5.996664943674324677e-01
3.091736018748870163e-01
6.325928386196637554e-01
5.922337969999966756e-01
9.473007357963285635e-01
4.903383675029741040e-01
5.762766604314064622e-01
-1.158344109898403751e+00
2.858385650982126630e-02
-8.562075347794041447e-01
-1.152407277265011104e-01
2.746595310964551340e-01
4.201478495992418960e-01
-1.880662032924342308e-01
-5.002415048471162695e-01
-8.616515681995398079e-01
-5.364988121598901483e-01
-2.090226914088040566e-02
-1.483859580928710217e-02
1.289197209807198263e-01
2.006638808480533942e-01
-1.636968073386469991e-01
-1.774081954973659725e-01
-9.641222310428552295e-03
1.525716463890519348e-01
-2.788352535491923079e-01
4.552268822637035584e-01
2.651089066473990008e-01
1.012588610613335716e+00
9.658021192339616423e-01
9.886102407198044117e-01
9.134361259698762225e-01
-2.253705537125339775e-01
-4.011740309060271570e-01
-1.824814629246276354e-01
-7.622212093140695588e-02
-1.194846798992914710e-01
4.097047461308312433e-01
5.696660779727714674e-01
8.456819779046688135e-01
9.952830694922084609e-01
9.105720555799342586e-01
8.880754148810566795e-01
4.525169711620899982e-01
7.932344745417851950e-01
7.510349209453326402e-01
6.213872209488890963e-01
2.352712048081755380e-01
3.373540255586789938e-01
1.753638504294708078e-01
2.058498690354871874e-01
4.158910196256856429e-01
-6.307832080055635338e-01
-1.599987571103694273e-01
1.113690895126185493e-01
-5.551532549534543559e-01
-3.506796030085944094e-01
-4.820117197322103531e-01
-2.777560835993317379e-01
-7.526043575625936954e-01
-2.414105891796951009e-01
-5.254142556803351877e-02
1.614241247640509080e-01
1.154723045112071994e-01
-2.103460419840209039e-01
-1.975950816858565717e-01
7.913334157081780562e-02
-3.196278578612229415e-01
-1.183940630720068832e+00
-1.595990117795257124e+00
-1.057414156928762061e+00
-8.104900348252611630e-01
-4.598957967736100882e-01
-3.883767232473191444e-01
-4.555404813061422753e-01
-4.169117755224091559e-01
-3.166921250136209842e-01
-2.817650410260609806e-01
-5.350776813536342602e-02
8.089708454248847880e-03
2.206398065973287081e-01
-1.640154070941916842e-01
-2.648075789717469625e-02
-2.089172263805814597e-02
-2.328705050278683242e-01
-2.002615513679477655e-01
-6.057133972682184897e-01
3.349475523104721297e-01
4.230268578380410593e-01
3.936362518931026955e-01
4.990537054666076000e-01
4.634860087149882402e-01
1.161365301598906302e-01
4.140544061181170021e-01
3.954482871565780933e-01
5.953547963759031614e-01
7.396101117510133216e-01
3.621455945364095430e-01
4.325114885693141509e-01
4.434496639610402968e-01
2.623368578878523261e-01
-3.545277081308454981e-01
-4.426791138940495696e-01
1.290579908825548877e-02
-3.464155580937003376e-01
-2.099087880737040002e-01
-1.073728681540672830e-01
-9.175914418799970829e-01
-7.578117662932626342e-01
-1.034562144887457125e+00
-1.159570837304999991e+00
-1.069246286063255225e+00
-1.652822650031247953e+00
-1.562107661470925057e+00
-6.423264312871234116e-01
4.528487087297120711e-02
1.825197625874301621e-01
3.881944924631609561e-01
2.663929411163891703e-01
3.045594607786516472e-01
5.232679503530702769e-01
6.121028552838054804e-01
3.877789347279177457e-01
2.447942239872973602e-01
2.003956149037250389e-01
1.395338524641361322e-01
4.152146828927228972e-01
-2.806812856053439997e-01
-1.211337102022183865e-01
4.035566272393044107e-01
3.371402040231232800e-01
8.333040003906731774e-02
-6.017290426129279224e-01
-7.557193512323927276e-02
2.525591854350775489e-02
4.798488665147610521e-01
4.934396246986110235e-01
6.205208977231202461e-01
6.805510477059582009e-01
5.698722049390306799e-01
5.071955917325806640e-01
6.451617168192234075e-01
5.696714291638561578e-01
2.177795798248349513e-01
-2.849989208390637518e-01
-4.737049333367902154e-02
-6.801265837685509519e-01
-1.358563076995048247e-01
-3.925095288857988751e-01
-2.087235288873906525e-01
-9.747416427414827833e-01
-2.962433664643756015e-01
-4.571525360809395866e-01
-9.670278307822506303e-01
-5.882299365811423097e-01
-1.390264096130724658e+00
-1.953924223094608115e+00
-1.486809911461228095e+00
-1.930492283983867852e+00
-1.564368747697422402e+00
-1.385810607965059171e+00
-1.954317419794932897e+00
-1.966196432522407722e+00
-1.996400347030469202e+00
-2.121266215470836158e+00
-1.649718233592084360e+00
-6.480494989568987840e-01
-1.824910196196054546e-01
-1.590659628693422034e+00
-5.537629518334451495e-01
-1.672285584389061386e+00
-1.644698546166692976e+00
-6.119848272886605489e-01
-2.015384695001888993e+00
-1.214195943339354322e+00
-5.552167077172990295e-01
-1.188473326986463213e-01
-3.016156108586268703e-01
-5.869785623012880871e-01
-3.814192655066607207e-01
-1.230436353767122126e+00
-1.171880101912868177e+00
-8.392897017456426578e-01
-6.713054439592737177e-01
-1.088624507973510180e+00
-4.941728144396904110e-01
-2.600192424731386232e-01
-2.100649490214680781e-01
-2.087575164616340961e-01
-1.970666180634557049e-02
1.912514461760234097e-01
2.537688256092900940e-01
-8.732766512839205963e-02
-1.326184310620099338e-01
-2.470759296308418784e-01
-2.625808297807876723e-01
3.030458085389445971e-02
-9.924058342666779164e-02
-1.814338743087577699e+00
-1.962360847454011514e+00
-1.096159814137051880e+00
-3.948423462306723808e-01
-6.358899644901938597e-01
-4.918128455571952884e-01
3.067002046793369102e-02
3.612597935657251708e-02
1.468060635773333900e-01
2.440502457045953810e-01
1.309753742236065277e-01
-9.070665403375528513e-01
-1.395950292208001375e+00
-4.310392665030895465e-01
-1.063794768337142510e-01
-1.080781281646759684e+00
-1.083751212564188604e+00
-1.327703467772509249e+00
-1.913450539197074640e+00
-2.004690237757476012e+00
-1.189558175019176822e+00
-1.349316979918896875e+00
-1.355274127157836128e+00
-1.037223006432610450e+00
-6.453843282891876809e-01
-3.501611445364099517e-01
-6.081245428614919651e-02
-4.922139052825622030e-01
-7.532636304182287468e-01
-1.313169230646012320e+00
-8.314422540315934418e-01
-1.146441681765525189e+00
-2.284240770028915790e-01
-2.842378703166433818e-01
-9.751919049082586888e-01
-6.843068321949070942e-02
-1.280137161572919569e+00
-3.316460870429156493e-01
1.289816840004230913e-01
-1.274606073865337752e+00
-1.076546036118824601e+00
-7.301601135647126650e-01
-4.162360938954300371e-01
-8.169058793612481439e-01
-1.784257258576787741e+00
-1.019822192350365864e+00
-7.308966866445610888e-01
-8.212935061498916056e-01
-9.012275796587114751e-01
-7.256011704370597393e-01
-1.408797327491030815e+00
-1.615497171558151646e+00
-2.029380109685608780e+00
-8.310448036715467612e-01
-2.249450671791912160e-01
1.110427068220742053e-01
4.112217218941946473e-01
-1.111501983464500548e-01
-1.377719182614482563e+00
-1.990260532179386921e+00
-2.247234238586843791e+00
-2.435691676342939260e+00
-1.733996333332817885e+00
-1.555377465264926151e+00
-1.333716723339753329e+00
-1.682017557685312470e+00
-1.206284852114697603e+00
-1.827145817645108528e+00
-1.269974390817260046e+00
-1.912619856341293278e+00
-1.665880655436421609e+00
-4.492280382202100686e-01
-1.007726086080423800e-01
-2.780169048945438925e-01
-3.628016382800393069e-01
1.678933729902277322e-02
-8.181379008548219645e-01
-3.108358051424503499e-01
-3.174844785036387562e-01
-6.698723696140193029e-01
-1.177539372279243768e+00
-1.364747036421314341e+00
-2.263160253378064812e+00
-2.062668466783243559e+00
-2.163515728937855265e+00
-2.192704675808323955e+00
-1.916725602870007261e+00
-1.191961276640728817e+00
-1.150329693903658468e+00
-6.714505580756585656e-01
-1.206763329216548941e+00
-8.385773110849943368e-01
-3.133754557064700741e-01
-3.654899004327080703e-01
-1.166450440865861360e+00
-1.244584317398205187e+00
-1.647130060885792169e+00
-1.844177688269595938e+00
-8.019876970610531064e-01
-1.207396432272877851e+00
-1.626884366672748827e+00
-1.325163194074349349e+00
-1.827722726472213344e+00
-2.066464553101976076e+00
-1.904420084563754001e+00
-1.590374374399465607e+00
-1.218996504393817348e+00
-1.622957275873305294e+00
-1.959019857734056735e+00
-1.940280542368865602e+00
-1.002624097304313677e+00
-6.615246662206232253e-01
-6.340381502718160922e-01
-1.132427301262848074e+00
-1.684836841563111420e+00
-5.175123169493890396e-01
-4.401710991150389329e-01
-4.041612546533518979e-01
-4.455682767420068857e-01
-2.941289369698008027e-01
-8.551175006955719082e-02
2.035020066997295374e-01
-1.335843223856303663e-01
2.597946401260252114e-01
4.769298570387742742e-01
4.660012386989035860e-01
6.151103418066202755e-01
8.034040174396785972e-01
7.852353601188329923e-01
6.118255734310852345e-01
5.936634311211560489e-01
-3.464900729970207260e-01
3.349471853612852601e-01
-4.454271797367529984e-01
2.659781055444671582e-01
-1.185195275927127534e-01
8.906998267164109584e-02
2.628408204127969383e-01
5.672489739592243563e-01
4.623640350376830854e-01
1.160878361022587013e-01
-2.192523222410265593e-02
-9.340583789085434852e-01
-2.746340291706226289e-01
2.715038053541577456e-01
-1.288357437226727020e-01
1.748666221709548330e-01
-1.401136469867688694e-01
1.834425292686165943e-01
4.190962949204097288e-01
4.739561628949070515e-01
4.447116501660623444e-01
5.222506118983527568e-01
5.264260637527765629e-01
5.199799819476371709e-01
2.174860694361658020e-01
5.148496941246062386e-01
4.199877648550023879e-01
4.025646376640273916e-01
-6.613582273172607939e-01
-1.434542353852261254e+00
-1.726183823330966538e+00
-5.929295577158297803e-01
-1.027229806359795994e+00
-4.506258872857126230e-01
2.680610670552440941e-02
1.777159581622199946e-01
1.180616151010693005e-01
3.699978740516953746e-01
1.189591164906511622e-01
6.844426633080715749e-01
5.913351635237841242e-01
3.693639812160585678e-01
7.329373384962839522e-01
5.098575800056555085e-01
5.011876794586089812e-01
6.033357073198073461e-01
8.808784626243486571e-01
6.681465756990300209e-01
3.920989426978258585e-01
5.744893376274484709e-01
-8.250047594684124519e-01
1.110980810287791470e-01
4.327808940315927555e-01
5.534447279245143791e-01
3.143069568035050110e-01
3.111845784857603658e-01
1.581765457527601892e-01
2.440175208827210784e-01
3.115987785442142499e-01
4.257235022002662794e-01
2.934634760194054781e-01
6.673301873717626398e-01
7.394708087471383307e-01
-2.586957505975198690e-01
4.442974842566090321e-01
-1.387835473540101505e+00
-3.299121108726284501e-01
1.922519931828399198e-01
5.057022342867667497e-01
3.521427788834073369e-01
7.237358437996094240e-01
6.618249825024525856e-01
4.897457310809171828e-03
4.823907844705619397e-01
7.599502409213586551e-01
8.241638164754182538e-01
5.530453774809194201e-01
-1.831532466328015529e-01
-9.600150389093485837e-01
-1.844487415636221428e+00
-1.994550579830113524e+00
-4.423126177637960454e-01
1.929905788234885788e-01
2.637417613739320155e-01
-1.187177801453245030e+00
-1.994535940767686588e+00
-1.976590163016205715e+00
-1.105592859246413928e+00
-1.012535380504535176e+00
-1.328379765270387258e+00
-7.787598719383299617e-01
-1.315189456230016818e+00
-5.250553817738166096e-01
-1.232360244441332159e-01
-4.143863291618413158e-01
-3.545873996468736078e-02
3.843605755272203744e-02
2.481593925573907788e-02
1.983394491530938719e-01
-1.287406754716201134e-02
1.502074083566262153e-01
2.588869485829966566e-01
3.212056342029654954e-01
3.517964701751391532e-01
6.194632738967841279e-01
6.607700793909887516e-01
6.053905561930773560e-01
-4.922719173837997175e-01
-2.362712408007545672e-01
-2.183389474369760164e-01
-1.506866032837904212e+00
-1.921450855729483820e+00
-2.310775053610301111e+00
-2.464441943843252769e+00
-1.362816577115673056e+00
-2.426214337181447356e-01
-1.430322160886835121e-02
8.984975595162632278e-02
1.213710362319896374e-01
2.210928759166025381e-01
2.020462747751052279e-01
2.118808122578472453e-01
1.670159212821467898e-01
3.534005252442093958e-01
4.225888843342889833e-01
-1.022168221092638746e-01
-4.221137200236301235e-01
-1.395867062137664094e+00
-1.768681347796912773e+00
-1.925215039303263431e+00
-1.953367419681111050e+00
-1.624619006090547879e+00
-1.305151680728021679e+00
-1.212980750227096838e+00
-1.984445015017444636e+00
-1.260758571050277999e+00
-4.358857587387238164e-01
-3.437572704365920440e-01
2.364111743648827924e-01
-1.537542536486343481e-01
-1.449890800886529385e-01
-1.240039384671925010e-01
-2.692617932992772967e-01
-3.664620196981138167e-01
-1.640642773519600806e-01
1.657554020095136915e-01
2.684976828102170199e-01
2.719862512464037430e-01
-2.425595581751763957e-02
-8.180785640171991391e-01
3.120838832409529306e-01
5.758955712404918437e-01
8.478080809724941602e-01
9.124044451827838520e-01
1.010357941655962488e+00
9.951839448079526917e-01
1.053934297572129974e+00
1.041939178246653608e+00
1.193526918454957508e+00
1.149251271307609290e+00
1.135683222047869867e+00
1.133655149454033229e+00
1.167516910148081122e+00
1.119002737137685610e+00
1.116853730064680583e+00
1.236521201729111841e+00
1.264336856497923600e+00
1.206557002887363339e+00
1.390036677844917135e+00
1.392318421349831636e+00
1.493812509233108266e+00
1.194041754993781845e+00
1.574687376845305575e+00
1.351226507894627948e+00
1.201469216710622012e+00
1.172260701385727577e+00
1.189780201598067411e+00
1.241370158384492939e+00
1.220550841998446989e+00
1.310994445242811279e+00
1.157306985285187384e+00
1.380657578831335108e+00
1.108685797459130207e+00
8.360065768865103664e-01
-1.439634248859370802e-01
-1.612036560716765043e+00
-2.204446873093897530e+00
-2.004424964917137064e+00
-2.231593431403117389e+00
-1.596056578936607684e-01
1.681045978819278308e-01
8.582432343107554429e-02
-1.615731499555702610e-01
1.197059814169997988e-01
1.577153268809782238e-01
2.240831180315290272e-01
4.610810385683161705e-01
-2.835351489429141503e-01
6.791770175212250016e-02
-3.757101656086059283e-01
1.580652553337300384e-02
2.890855429347061745e-01
-5.424693581113253504e-01
-8.132852021754538585e-01
-1.340125567613022761e-01
6.545150130879104911e-01
7.078916242146049420e-01
1.646436542738492215e-01
4.474038856508266715e-01
4.063571670506574418e-01
8.278398071117111234e-01
8.399438222460736680e-01
1.014142315161778996e+00
1.081491872266679533e+00
4.696521622657038320e-01
9.389247132364917370e-01
1.192950153837555538e+00
1.237826112208348706e+00
9.260402660586283252e-01
8.025000461503709603e-01
7.881498786595568795e-01
9.878883856344643499e-01
8.760219358672131085e-01
8.717804149756023246e-01
1.043195346760236397e+00
1.019517145818035431e+00
1.036665116279257948e+00
1.184457757896978158e+00
1.034548492412446841e+00
4.107836399927539683e-01
7.373814739378992122e-01
9.074188073484427131e-01
-1.344315158045508829e+00
-1.408329876644723200e+00
-1.275026426994214646e+00
-3.651486772456598584e-01
-1.140123597953737633e+00
6.965069864109474027e-03
8.519929733006736949e-02
1.275234716674348567e-01
6.292158962918510401e-01
5.975712834950390739e-01
8.399308127435805016e-01
1.088849663894271957e+00
1.072772581870162334e+00
7.041376095463707241e-01
5.384932499289887264e-01
5.065034875741065701e-01
-9.913180515127660852e-01
-1.516532823619516357e+00
-2.208971887081121910e+00
-2.021937720853111742e+00
-3.017972549242827762e-01
-1.969696579433416694e+00
-2.078777397792897386e+00
-9.596703343116509410e-01
-9.049879503279140147e-01
-1.717961678138568482e+00
-2.273799029248217973e+00
-1.877568026693880565e+00
-1.083666151781219611e+00
-9.578718398720763583e-01
-3.151518068786439142e-01
-2.255921359661433867e-01
-5.007849599823560593e-01
-9.377079958935975457e-01
-1.018119215717141923e+00
-1.650300671922112494e-01
2.694124936076209842e-01
5.344985221980868006e-01
6.831102762245628846e-01
7.479682577306219216e-01
7.846109912198390157e-01
6.815723647415216080e-01
7.581475904185818182e-01
1.611197381968935971e-01
3.627637158135534334e-01
-3.438711975317427783e-01
2.941921739418299486e-01
3.200312173724171871e-01
1.697818359417824496e-01
4.506257628814309690e-01
6.853846573359740901e-01
7.822249629934799886e-01
3.132428811771396093e-01
8.109926997270716642e-01
6.758960526130673996e-01
6.703084057521597749e-01
2.018160948018968559e-01
2.016038197080132488e-01
1.828435377460585765e-01
2.092095074414687950e-01
2.196233048164660251e-01
-1.327142449967680493e+00
-1.099458479299177283e+00
-1.938843109857911307e+00
-2.151177119937226934e+00
-1.319141033655871764e+00
-1.028809409643542283e+00
-9.483176130886744604e-01
-2.072672213337753089e+00
-7.418087193716220717e-01
-1.409097026118441232e+00
-2.073359072858587115e+00
-5.365900865994924773e-01
-4.103489160827668569e-01
-5.712287147860392045e-01
-6.502762030836167773e-01
-1.264042664314683817e+00
-1.099339867765495748e+00
-2.180477076297627215e-01
-1.285555613422831422e+00
-1.574685686047989197e+00
-1.984278681530387001e+00
-1.733460174469591664e+00
-1.825273239504649148e+00
-8.187813204582904403e-01
-2.193561909766280849e+00
-9.548498060834574863e-01
-1.847091487626465467e+00
-1.735398711974287300e+00
-2.841591392276276440e-01
5.679210594125688738e-01
5.720555661189807850e-01
7.562259032901528233e-01
7.931736225692748166e-01
7.668620040977423002e-01
-5.034163137606258998e-01
-1.255148607376597836e+00
-6.293124466020973973e-01
3.058658752591273955e-01
6.415493982678520668e-01
5.076335069258943733e-01
-1.354930484672008717e+00
-3.641369110819036581e-01
4.062798803658413949e-01
4.786670932263533684e-01
9.207744067447038994e-01
8.734507608006277790e-01
9.674645534575254668e-01
9.396112323516713216e-01
8.422421437785178044e-01
8.805513603444166115e-01
8.312457840762026429e-01
7.906436019249010183e-01
7.864074304305244123e-01
5.917202757959515447e-01
-7.280013080733742648e-01
-2.875999898481886308e-01
3.695095637766493968e-01
7.414628256812885176e-01
9.631039135365228321e-02
-7.477722522900071001e-01
-2.224860022862518605e+00
-1.210788911165209036e+00
-3.993946484443790523e-01
-1.358832586275057430e+00
4.154844022289734540e-02
1.715431197592019175e-01
-3.076013477290448495e-02
-6.137810352914708778e-01
-5.283366887577942705e-01
-5.385178238423654618e-01
-1.248193120972157510e+00
-1.564208620252174609e-01
4.415820750886219614e-01
3.159383462592938452e-01
4.880860826289200594e-01
6.196726260286409271e-01
6.178888962509434535e-01
7.758093618684847037e-01
3.306226074293623918e-01
-9.344128713262942476e-01
-9.296559290015166122e-02
-1.389995796776085424e+00
-1.854667196644006921e+00
-2.073163310589535069e+00
-3.721016487753860402e-01
-1.911011741979359302e+00
-1.272757061206268303e-01
3.826172289808226767e-01
6.809750300195722694e-01
6.206979045931508843e-01
4.184385804288615618e-01
5.636001300740127729e-01
-4.231188577688078101e-01
4.786565339759919491e-01
5.998574776687789489e-01
2.747159025826064194e-01
-1.198151587313270650e+00
-3.783543906625310149e-01
2.914625829849306071e-01
-5.571740017221272351e-02
-1.915301065068838904e+00
-5.736654483563894402e-01
-1.641710066998744999e+00
-3.645796945676779144e-01
3.697142536338818286e-01
9.069450441553961184e-01
7.361611933518381612e-01
5.708590743254066124e-01
-1.396040985531856737e+00
-5.126072263107726013e-01
4.006269748237003547e-01
-1.476706216409151839e-01
-1.781606255075589118e+00
-1.465503457280721566e-01
-3.745943634278558476e-01
-1.341607418793795192e+00
1.490083815088636965e-01
3.590329889649666872e-02
-1.652222323064578502e+00
-1.819553060741925021e+00
-2.270203403423345367e+00
-2.059531843552010688e+00
-1.169337799450738569e+00
-1.470018611721415347e+00
-8.824183445299007555e-01
-9.100514273429031187e-01
-1.138528923778595381e+00
-1.102222447118083259e+00
-1.014225188841371805e+00
-4.501375519675057113e-01
-1.071684244201658087e+00
-1.878003023165166485e-01
-3.349193993065746611e-01
9.286947654143168362e-02
8.606050436212452082e-02
-8.340226874542358559e-02
-6.453399456798045719e-01
-2.140555325304202006e-01
-7.449925789561763212e-01
-1.643573422333761025e+00
-3.963733819356672905e-01
-8.286433992984894026e-01
-8.640156795263631562e-01
-3.880042028249933161e-01
-1.127190303501387936e+00
-6.776844037315352676e-01
-2.975710848319304547e-01
3.819703706549422706e-01
6.804230104198364382e-01
7.012293716456942105e-01
5.797157495128908433e-01
6.252319712227442094e-01
-1.323538388816377087e-01
-3.266056185611087570e-01
-2.229669224219651136e-01
-6.298021400163112959e-01
-4.871081203806479354e-01
-5.956243719399870878e-02
1.508431967045537059e-01
-1.252407212070420495e-01
-4.781702330657957023e-01
-3.658463977804602973e-01
-1.819710960705400282e+00
-2.418731115464988868e+00
-2.363204815190008024e+00
-2.399698355560246910e+00
-2.416408982498849056e+00
