4.348649701471480333e-01
2.853208618049200007e-01
3.994757406376554798e-02
3.267450339408942694e-01
2.820404348925558691e-01
2.949765658670160384e-01
6.043967021113295229e-02
1.110270555114200586e-01
1.589543593909748323e-02
2.700769563193021749e-01
-5.728314665443630105e-01
-7.520802860034119242e-01
-3.630744425738066748e-03
9.243378518755822337e-02
-2.660405730569014859e-01
2.077356537825934824e-01
3.378517271804717392e-01
3.066297811379924410e-01
2.853178248759030700e-01
6.160707062592927219e-01
4.691176125653462314e-01
4.634873439538764739e-01
8.090592908379384829e-01
7.569363628551522005e-01
6.648513999903449267e-01
5.728675739625368468e-01
6.539625697502708945e-01
5.791548765869919402e-01
5.539227387808202119e-01
1.913347262799123816e-01
1.385040730931374475e-01
4.997615343463544524e-01
4.353457391258978570e-01
3.627645318410940845e-01
4.779195197759127378e-01
3.255078109268663700e-01
4.463243443411794020e-01
3.033551603013744935e-01
3.578683868350336361e-01
4.887506886495190939e-01
5.064328722142356076e-01
6.986178293932916450e-01
5.606226597402061973e-01
4.707753235316710083e-01
3.417574752042439878e-01
6.762174184734770499e-02
4.438085512996485793e-01
4.794260237347112708e-01
5.485447025962557621e-01
3.999817604444617092e-01
2.132151576594607800e-01
6.969713764201408701e-02
-1.063843208344265601e-01
2.946321849904328660e-01
1.842138784642860794e-01
2.928191838082565557e-01
4.861177669661482792e-01
1.873820389029398625e-01
5.898992897899437704e-01
5.058877684134379660e-01
7.233635726241630648e-01
4.573196846106384467e-02
7.011801437425843608e-02
7.021841782357304829e-02
2.552053898229982853e-01
4.192281586587291720e-02
1.220907187844682690e-01
-6.135105949217669469e-02
-3.934011861106162522e-01
-1.296355026561303858e-01
-1.956677494374587517e-02
-2.691110805343892021e-01
2.337759369966443609e-02
-2.004354813512333397e-02
3.862067017770561272e-01
-1.094616940424472801e-01
2.472792241194215201e-01
5.664528457707214137e-01
5.804459104696279015e-01
4.849418780167296106e-01
5.874456985191983671e-01
7.195179819513817243e-01
7.239920865945550510e-01
3.436666435083428062e-01
6.576001250471251725e-01
8.084881156782115497e-01
9.554917593110794360e-01
8.825416872688691683e-01
7.842358939133762252e-01
8.546369755560204728e-01
8.842145005644023170e-01
6.539478413969969095e-01
5.690289621891777561e-01
7.659326256259705312e-01
6.786045071536021822e-02
3.106270014570048366e-01
5.643981648894931258e-01
6.883454291977670891e-01
7.276433293322080997e-01
4.670571827229930140e-01
5.738416689289143058e-01
5.781018479245335628e-01
7.280596031500842225e-01
5.674373859109538287e-01
6.481628427900407718e-01
7.094337471881886348e-01
1.088813881103772641e+00
8.111942839014497642e-01
9.485641799086731440e-01
8.156151889599631000e-01
8.251665178139194756e-01
6.371283943882473100e-01
9.145636945522502836e-01
-3.009635821721172166e-01
-4.578385855955932615e-01
-2.855933321282258519e-01
-1.444704604679052373e-01
-8.082245276971804226e-02
-6.874933446060514652e-02
3.708658624694565614e-02
2.093234234784303316e-01
-3.146069690629295368e-02
-1.878487571571652304e-01
2.284171409966013200e-01
1.225344182097097417e-01
2.068035102787805501e-01
3.293014864711883427e-01
4.723603521495379209e-01
5.914001985322044908e-01
5.005276931358169090e-01
9.408418188094656021e-01
9.154980968066648295e-01
1.010902361584335107e+00
9.422436610657132228e-01
9.537431279134644946e-01
9.975407655182046973e-01
6.067190826543449322e-01
5.963713347607738635e-01
1.044862246513193593e+00
5.452168463901942985e-01
9.827767041859631902e-01
-7.954229484472985501e-01
-1.180676260160297142e+00
2.666812876427078760e-01
5.783737046439708651e-01
-1.217920357264491882e+00
5.916138683008254073e-01
1.177664816241836554e-01
2.884083468681237217e-01
-2.097754658681294071e+00
-2.139927510800274213e+00
-1.109177645978493221e+00
-1.076224574919953714e+00
-1.431831712296638859e+00
-1.207090460999684867e+00
-1.511133828309458194e+00
-1.650837324750958235e+00
-1.444201496766231996e+00
-1.391737697512422711e+00
-1.365996520186167462e+00
-2.372951008411438689e+00
-1.892652318382132437e+00
-6.610303331907524393e-01
-1.004180036778778567e-01
-1.615809839820041560e-01
1.861602174977888824e-01
6.331917251514772582e-01
4.921809254476560147e-01
8.406790759095653653e-01
8.333391613417201471e-01
9.505194820398338296e-01
7.907794208201157637e-01
3.099449359947624161e-01
9.113492019122100274e-01
1.062670848279127389e+00
6.856915715496610941e-01
9.089963049078595425e-01
9.699291897554344066e-01
4.053981359498353143e-01
7.953570467829560453e-01
6.048052171147627609e-01
9.637669698218057635e-01
9.277207068456232442e-01
-2.850863140994049361e-01
5.382383637628407325e-01
5.797880196961221477e-01
6.755650268814071824e-01
1.215434133578384007e-01
4.691089044245501660e-01
3.755859368571651813e-01
5.038520508221158156e-01
6.207593542956523214e-01
6.085371392937753976e-01
4.103664833104643250e-01
4.524934003028939777e-01
1.778378948381442448e-01
-1.323752024893872226e-01
1.497775595055431397e-01
-9.557542721426294241e-01
-2.162916115883294250e-04
-4.320211249495880534e-01
-2.360834106820398209e-02
6.682652482267126270e-02
-3.375824301259437998e-01
-4.184293734889594218e-01
-8.765224483909553332e-02
-2.009986444488167101e-01
-2.663595317565697895e-01
-2.760753989212779147e-01
-4.565455655463162565e-01
-1.558666527311404204e+00
-1.209615572613828904e+00
-5.406887910599329494e-01
2.109514293343219271e-01
-1.133669664677308953e-01
2.889862942745720087e-01
2.802473337963142797e-01
2.006436595005412216e-01
3.605668733441469986e-01
4.475830399603608623e-01
5.685195455311203849e-01
8.127606251413961314e-01
-1.803935786282291343e-01
-2.288973200750169745e+00
-5.508927150472853196e-01
1.905617521684501992e-01
2.715599885145403847e-01
8.955573513332156788e-01
6.639275834999167625e-01
3.723519474079372421e-02
-3.862050666567585361e-02
-1.050891535973308422e+00
-1.956981755355121422e+00
-1.429520810143130483e+00
-1.384879034432711986e+00
-7.285227823377522505e-01
-8.290286122503548460e-01
-1.599077889106622075e-01
3.456907940425110737e-02
1.549059016979698888e-01
2.371330798843508947e-01
3.088294517344812862e-01
-2.956398763174231115e-01
-1.357898228005091523e+00
-1.499560157370631641e+00
-1.319233623424934443e+00
-9.624275734322306208e-01
-3.714956208587936182e-01
-8.462535565918761771e-01
-3.016642203490071950e-02
4.242322699934597541e-01
6.378438422825090104e-01
1.556678139165794950e-01
2.593202444363734704e-01
-8.911011197594831401e-01
-1.147612916825463680e-01
1.550703131955885605e-01
4.611269741368371200e-01
-3.228363958079404905e-01
6.780093730276083586e-02
1.687404529872805203e-01
3.782849997297867972e-01
7.991790898409796284e-01
1.722753495756348119e-01
4.653815629228448374e-03
8.851587104698656061e-01
9.172480521344249516e-01
4.482423359401447316e-01
4.355608772320298527e-01
-7.832469187423701795e-02
3.743572654973910674e-01
-3.772457665388646020e-01
-1.214655465132208484e-01
-5.383922928684362064e-02
-4.081484470992390867e-01
-5.705902958333443076e-01
2.304932138209297987e-02
-5.119735866679677727e-01
-1.018639781395498378e+00
-1.057352507291084764e+00
-4.490831069835262146e-01
-9.432276898917756336e-01
-8.626986640768621317e-01
-9.647012348650686464e-01
-5.269670984607913722e-01
-9.227340173481549668e-01
-4.240967661293191804e-01
-6.124977481221980519e-02
5.186599149158009625e-02
-1.076729067530070028e+00
-4.950932872667796469e-01
-7.572290776037569060e-01
1.387074419819052662e-01
5.001827198668493679e-01
3.667300075241869406e-02
2.563885137861968699e-01
3.296156787755124551e-01
6.696399320008398215e-01
6.286960062635782442e-01
6.713437075087810291e-01
2.842046657530343245e-01
3.538012964136282856e-01
5.066882538191653379e-02
-5.789953835019917561e-01
-1.344095860560499567e+00
-2.037389434721614823e+00
-1.190174871549693369e+00
-2.010759193668198108e+00
-4.894588541609437571e-01
-2.632503383914300166e+00
-1.486823441923681655e+00
-5.289211580412462865e-01
-5.462179829006601484e-01
-1.898076446191249156e-01
1.848407573976718066e-01
2.469116745972065319e-01
4.359371827146224510e-01
4.049315974473717827e-01
3.680947252365807665e-01
1.240151336213388827e-01
-8.886626317687895682e-02
1.899502888812370505e-01
4.160404045824924735e-01
5.536292037061875115e-01
9.267476718693359317e-01
1.247179677029613132e-01
-1.725163009762759048e+00
-5.178018964833555060e-01
-1.752158772587624758e-01
-1.968051976672598347e+00
-2.971011586383380809e-01
-2.211108198363784250e-02
2.057277022457345561e-01
2.452560188203410652e-01
-2.782282590982593923e-02
-1.629038892397708382e-01
-4.705078338810394362e-02
1.868182114651762704e-01
4.274805419331849654e-01
2.585524227553829824e-01
2.387622173291039374e-01
3.125500363295308920e-02
4.699728029260846207e-01
6.116756883367245878e-01
3.569067961467060623e-01
5.896207264924017144e-01
7.507763608297586266e-01
3.957463064354374005e-01
4.974873241849084304e-01
3.419828840194843456e-01
2.554462531808436854e-01
-2.195013832256823283e-01
2.148637320057497080e-01
4.980674961369590537e-01
-5.669706905636689998e-01
-1.676924133363418834e-01
-1.718983951474624405e-01
-2.046808598042742511e-01
-1.656816955430391314e-01
8.377948013234850499e-01
8.811820264171679185e-01
-2.462378596715952828e-01
6.634366663938925934e-02
4.687998939530190201e-01
1.041354561645376486e-01
7.442789727407038702e-01
4.949506517535183781e-01
3.640678009012905947e-01
-1.142455282324468663e-01
8.785154676069013568e-01
1.152755345615850358e+00
4.108457436598909607e-01
4.317427923256735300e-01
8.150985624550269870e-01
6.406721103206929335e-01
7.252250301746518968e-01
5.706333602389406234e-01
7.768959104844977981e-01
6.718727244110364039e-01
1.085359964422676626e-01
-4.572401325179934473e-01
1.860876357305968620e-01
2.632066468667282888e-01
4.905951964735416615e-01
7.053151591189582570e-01
1.842219287958683782e-01
5.864645561462175083e-01
9.081103523990835535e-01
4.727844190744269759e-01
6.862021135490006252e-01
6.345767124141704629e-01
1.029615563363953934e-01
3.374978391029064828e-01
3.090107258404756196e-01
5.393340841251577089e-01
-9.815220981610853768e-01
1.075645994632777186e-01
6.527159855701518687e-01
4.717687564372828879e-01
3.192596487091415303e-01
-1.876604046451846308e-02
-1.102816949088100129e+00
-3.336969902040261005e-01
3.737290870071948573e-02
6.072505241939668563e-01
-1.532169672651549075e-01
1.216550115546913696e-01
-5.574738490107190164e-02
-2.560817844802547039e-01
-1.726593337117427351e+00
-1.406445812760801273e+00
-5.141558005210302706e-01
-1.575494316853137955e-01
2.143343794069162422e-01
9.648933655219786576e-03
-4.127525421681801920e-01
-2.515355410254004331e-01
-4.321156866424948756e-02
-3.221692491837693795e-01
-1.723497694006237424e+00
-5.050236861162400448e-01
1.116601317656621961e-01
7.522826421408786157e-02
-1.079123621479477491e+00
-9.416100436303990184e-01
-1.341516612973986167e+00
-1.042810896276306742e+00
-6.080840851303807026e-01
-5.368385862524929220e-01
-1.235577807883239121e+00
-1.757020525758082208e+00
-1.916422545730656735e+00
-1.420332400093598624e+00
-8.133733468585659931e-01
-3.789405240537768171e-01
6.738258345284062201e-02
-2.230706816563618466e-02
-6.191011011087393934e-02
-7.258648357386263683e-01
-7.230719120243753739e-01
1.107136010051061742e-01
-8.629848363017973423e-01
-4.966785010692054692e-01
-2.893002291046235519e-01
-9.721147295658201515e-02
4.811250455308674900e-01
2.653402191986051761e-01
-7.172977803845658196e-01
-1.690444587533544984e-01
4.084756454888161525e-01
6.862782422685251849e-01
5.132801458504471226e-01
5.122527665472923486e-01
7.546393514018662207e-01
5.308799633635750137e-01
5.079467936024162356e-01
1.726994955819022848e-01
5.300203098123595913e-01
6.635154723329855786e-01
2.556070763159620784e-01
-1.254161163377023769e+00
-1.544046140886581542e+00
-1.214830863330819355e+00
-8.581191999398550818e-01
-1.655525907638428329e+00
-7.824504465933155295e-01
-1.537570113047206088e-01
-8.290976845077393520e-01
-5.797667286750471938e-01
-5.757585012131116731e-01
-5.305064483132884146e-01
-2.008400552469488787e+00
-1.079572122977228155e+00
-4.033035248231753855e-01
-2.542911874680875428e-01
-1.478400209484961592e-01
-1.261932725625114493e+00
-1.103105431516326229e+00
-1.007263554651786075e+00
-1.199154078765932052e+00
-1.060639992604110571e+00
-7.527276751528196863e-01
-9.785659641731327962e-01
-2.048937980192508057e+00
-1.103252167194995748e+00
6.114826799811699798e-02
3.238575510111198485e-01
-5.007135017524660947e-02
-9.870659812004763112e-02
2.500611942482988681e-01
-4.048905429268305212e-01
8.528386808724960910e-02
3.207132876498577922e-01
3.859204426967031698e-01
4.998087764078156803e-01
7.334647240611551489e-01
4.009831992616825214e-01
5.742656338612056599e-01
4.347810167933318093e-01
4.668480585104914926e-01
4.746082032426729436e-01
8.261162629454063544e-02
-1.375397395157629044e+00
-9.110746996356795524e-01
-4.840656358207031107e-01
-4.039302039612494705e-02
-4.952169469158400061e-01
-1.109787442279174696e+00
-7.738379303268154707e-01
8.803605227445644721e-02
-3.499772929990573322e-01
5.016395265258146718e-01
7.288153743125421746e-01
-4.493904649282939867e-01
5.100539059484806570e-01
5.074675579494434263e-01
8.925691193790986633e-01
1.175061856505363656e+00
9.182102307207703484e-01
6.776290457240278231e-01
5.608959840946171616e-01
6.102729733705631876e-01
2.531454224708284406e-01
-1.690763938202452868e-02
-1.582275425922741174e+00
-9.613746231634220374e-01
2.654821323463994465e-01
6.403368114895707786e-01
-1.618682246093662735e+00
-8.676445531646438392e-01
-6.593124502937617315e-01
-1.255202217673354326e-01
5.258572782769449505e-01
3.199845253605531070e-01
-2.056226113475525974e+00
-2.323724004754186723e+00
-5.985766809136250366e-01
-1.906329905928629831e+00
-1.357158819095587887e+00
-1.882868116954696358e+00
-2.650146326504001948e+00
-9.743361629437536919e-01
-6.046415311720603203e-01
-9.039719880280573383e-01
-1.935722068481942615e-01
3.217886360004599822e-01
4.222982736942365034e-01
-9.001675698641040113e-02
4.099387029028293550e-01
3.805569104859929941e-01
-1.739965208063430691e+00
-3.546368665832750899e-01
-1.128379741261075903e-01
-2.882086350729841651e-01
-4.938568650277577188e-01
-1.909587080805856152e+00
-2.538400229928958751e+00
-1.876087727067669908e+00
-1.158407811511310115e+00
-7.024174885028657833e-01
-3.428936417504894196e-01
-4.058109475366386554e-01
-2.050961806500606777e+00
-1.086434570640864683e+00
-4.903823816011149139e-01
-5.056532615830414135e-02
2.526708319691706173e-01
4.583720665914732817e-01
8.745523299836555076e-02
-1.245617666693702885e+00
-8.944042001148249099e-01
8.996764133339436864e-02
4.180237422925962010e-01
2.884627418350863004e-01
4.628623332605151797e-01
-9.763670744127379841e-02
2.376384883688306970e-01
2.468015155611838762e-01
-3.216636384616305272e-02
2.898344441195359333e-02
-5.897652270409734498e-01
-9.046938858723320154e-01
-1.524773087292120577e+00
-2.145862281655312120e+00
-1.854456689963518645e+00
-9.152254849726739749e-01
-4.502818766991637522e-01
-1.382776269553956272e+00
-2.072215584133267008e+00
-7.290852049797551526e-01
-1.314637159627271901e+00
-1.889718751440562672e+00
-9.325094932340015630e-01
-1.208408423093847217e+00
-1.688084386508635903e+00
-6.294388043237654495e-02
-9.136838354113574479e-01
-3.934181523946428949e-01
-4.306230399598285907e-01
-7.456465515497695540e-01
3.411027263710205149e-01
-8.293288185271008306e-02
3.526685319038947997e-01
5.593136659878731320e-01
9.783222896726800899e-01
3.209829463597892452e-01
-5.437891372584146010e-01
-1.047443396900451074e+00
-3.714124457330611473e-01
3.787352701462180782e-02
2.513031760347955168e-01
1.228804687986951999e-01
-2.876023623647924188e-01
-6.543954641898713787e-01
-2.156741684134016790e+00
-9.033149449817911014e-01
-1.102888288979395393e+00
-1.152214709044041774e+00
-1.037963005103365255e+00
-1.271390235051424566e+00
-1.789680279262718221e+00
-2.264382306170113601e+00
-1.663477745791599460e+00
-8.294088986865584268e-01
-9.069674793479473029e-01
-1.891808420859282469e+00
-1.159912136897166990e+00
-1.990673632295923312e+00
-1.295281947990545079e+00
-1.453142922858853048e+00
-9.125719245628790555e-01
-6.627792351262035142e-01
-7.481318808016792499e-01
-1.167426219695949063e+00
-1.737460379681888156e+00
-6.325818305810843034e-01
1.013386414525490643e-02
4.102762010345947230e-01
5.962892117233512534e-01
5.359263335206047030e-01
4.994171243817133177e-01
5.952126116370600739e-01
2.976319568391773696e-01
5.088197952958124493e-01
-2.890915351424260260e-01
-2.183567997305166486e+00
-1.631997810376048408e+00
-9.053137980668338747e-01
-1.060735762509419366e+00
-7.042265961702928179e-01
-8.460978401983174635e-01
-3.509578346103019997e-01
-1.090988006723229153e+00
-1.090651064002442050e+00
-1.034021174094094109e+00
-1.363385666145785047e+00
-2.068237798626073598e+00
-1.867277010772159462e+00
-1.595663125707015961e+00
-3.577345742464635436e-01
-4.949196894522336909e-01
4.037823855628132064e-01
1.437547580258795032e-01
3.309953254842484260e-01
5.001157404725744549e-01
-7.104025210603054363e-01
-4.998779278420645983e-02
6.198191764762691139e-03
3.523128137224108558e-01
1.065735950679841115e-01
3.971130246314973911e-01
2.968798349541706266e-03
2.385849998715079689e-01
4.813539067920212244e-01
2.106706976233535186e-02
2.218528961422167600e-01
3.940131630138865027e-01
4.394904158886867584e-01
-5.840729104878489286e-01
-1.184784424304666656e-01
2.666317428069791551e-01
3.345961561738164947e-01
6.237881220941284832e-01
4.527299639783928797e-01
1.070597921840669847e-01
-8.333111743569757146e-02
-4.325450097332961263e-01
-1.317464446690832514e-01
1.260208363239795626e-01
-1.736025135185997326e-01
3.589588591110522975e-01
4.325914113129820104e-01
-5.241770092233606348e-01
-1.916760528048534473e-01
-1.606303115309308582e+00
-1.192307398717004363e-01
-4.784926772618164903e-01
1.787338566452716382e-01
2.389810175631709444e-01
6.225546927795122532e-02
-7.290037182013843209e-01
-6.890082174998143349e-01
-8.147968113990807781e-01
-3.098602210868888207e-01
-3.475080249640697394e-01
-6.914403279177254447e-02
2.016478154376383503e-01
4.672493097857089439e-01
3.487068486972076387e-01
3.741408323545075132e-01
4.835281297974491355e-01
3.043901048934760656e-01
2.669676166503641146e-01
2.658665117586330173e-01
2.932499476577208330e-01
3.422555964375898485e-01
5.869851468079047008e-01
2.962748595389213535e-01
-2.369666706360101516e-01
3.529412446221540378e-01
4.463754398266049361e-01
2.968086832520027141e-01
2.523714109577953613e-01
1.164335446892673098e-01
4.746196056579738420e-01
-2.173656912852540979e-01
2.996048439136472230e-01
2.400518091376279972e-01
2.018003318252278022e-01
-1.051580095235847834e+00
-5.155645295745177326e-02
-2.810009550635380604e-01
1.977991125087295299e-01
1.126538146041562022e-01
2.102221427969656609e-01
1.249571142517773292e-01
1.365548333695484617e-01
2.101880995053298229e-01
-1.685113001834191715e-01
-2.015815253097993642e-01
3.365994674135855402e-02
-1.402221338117278338e+00
-8.032178107266954581e-02
5.474711811275942974e-01
4.561330122349842586e-01
-2.135478226942384150e-01
-2.690933071650074559e-01
-1.166164063370670023e+00
-1.702876266704649588e-01
6.226113533196992768e-03
9.594877052045812371e-02
2.062145402604779413e-03
2.502219090644643984e-01
-5.119069425760441883e-01
-2.118781067488526570e+00
-1.652696128650978036e+00
-5.999729845683788865e-01
2.127747299857538632e-01
2.313513223240320354e-02
4.145785190894615280e-01
2.062067002479753552e-01
-1.176266932200691617e-01
-5.472200881778700038e-02
-2.338172949093160827e-02
1.711188520014077785e-01
1.873881217567908986e-01
-5.241034398439246011e-01
-1.057998793568351470e+00
-3.272243772875151890e-01
-2.970914784263162800e-01
-1.021904883545942111e-01
5.018649293370646552e-02
-1.470270958530227323e-01
-4.002115441190704642e-02
3.008687557800695384e-02
-2.372363638593391055e+00
-2.141765022148807152e+00
-1.630526549577826056e+00
-3.558413342266909529e-01
3.397055756028773132e-02
-2.047841449926712798e-01
4.196969071124802553e-01
4.272404834026317100e-01
4.062419000842303340e-01
1.951333449908887463e-01
-2.974465860324875255e-01
-4.252431551425859824e-01
-1.293986103138502486e-01
-9.353099118904196763e-01
-1.608409421993430843e+00
-1.276599870262225878e+00
-1.345384259978538166e+00
-1.127765003929473542e+00
-9.859722506809738274e-01
-1.842975972620292557e+00
-1.390187527263685441e+00
-1.297126785751127276e+00
-2.135953079961177448e+00
-1.412533228316770195e+00
-5.066551845867030002e-01
4.242206503324289640e-02
3.029078989252860787e-01
4.064141427017011199e-01
3.189002812340391291e-01
2.701301039243561575e-01
-7.107085350847289762e-01
-5.170930472136241463e-01
1.094793844872739147e-01
-1.676721323461060897e-01
-3.161895716918610155e-01
-1.486974181963765629e+00
-1.175670773650048684e+00
-1.489325239062447293e-01
2.213794607809752846e-01
5.110026612893604492e-01
4.824540569346061347e-01
2.345098906782938364e-01
4.766414508223303370e-01
6.985472009700489648e-01
9.020215914259641643e-01
6.307050523563348943e-01
2.624640728297869541e-01
5.498819503460222746e-01
6.982915330311532109e-01
6.466836916852328754e-01
1.305957612822244984e-01
4.121121837317164860e-01
5.345692835706706836e-01
3.815116486568109200e-01
3.882707110635638670e-01
3.653439226627751002e-01
3.107753810314544118e-01
4.503195150252405909e-01
5.755476467916764705e-01
2.961810833719235037e-01
6.622957180525624876e-01
9.839740166950891598e-02
4.220099913237030931e-01
3.775268384116896581e-01
1.315762894594021681e-01
2.416840819734535906e-01
5.215649951019278863e-01
5.468315513369245151e-01
2.657478919732743639e-01
-2.897667700507326471e-01
-3.624452743552920575e-01
-5.458366120401577648e-01
-1.307126892884621583e+00
-1.918449377387005272e+00
-1.261504597921133231e+00
-9.821803873907885007e-01
-1.221172021950835962e+00
-2.008677666759238978e+00
-9.995426071959218062e-01
1.639927039252305485e-01
5.845848288614303306e-02
1.985333852410833544e-01
3.102839279321948363e-01
2.532515416857703539e-01
3.259063071341034012e-01
-1.072177503069655868e+00
-7.138064874097059809e-01
-8.274377753946265956e-02
-4.940377086428807130e-02
-1.792327714406531103e-01
1.443468558234567711e-01
-4.231015208987922716e-01
-4.360294305371006929e-03
1.218912610490090753e-01
-8.583152699424188015e-01
-1.914210675349677260e+00
-8.831317629289073823e-01
4.340996817126820950e-01
7.754679805635840417e-02
3.590104439907914058e-01
5.830120551865626277e-01
7.595528405134567285e-01
1.593398419731837934e-01
-1.462143618354662333e+00
-6.105405972756738908e-01
-2.029370375238587487e-01
-1.005697598421863237e+00
-1.764818711834824083e-01
8.892330081580232526e-02
9.238914630829916930e-02
3.162387198011175626e-01
3.157430409725220377e-01
3.894648266649443080e-01
4.257099099891744065e-01
4.214556207751486983e-01
4.681728477561157287e-01
7.557166657850268587e-02
4.889942413370525487e-01
1.607573803468823614e-01
1.828777361167830962e-01
7.057671831109720018e-02
3.300686001614779319e-01
1.331654066917139778e-01
-1.453751509911195505e+00
-2.086679747574728516e+00
-2.207933479702318458e+00
-8.958746705472858674e-01
-1.279118053831278301e+00
-3.393841653427653177e-02
-1.686671559073972537e-01
3.059391447535816932e-01
2.438687446824892163e-02
1.264192320870968778e-01
-9.681823064136051149e-02
2.065961492230207197e-01
8.945078629122153735e-02
1.876669251983328346e-01
-9.738723492239108603e-01
-1.542786312776565638e-01
-1.903769386998321878e-01
-5.985323572373862921e-01
-2.168725627193661687e+00
-1.122277244926431550e+00
-2.995470709671036458e-01
-5.439491716435110868e-01
-2.727442998983831690e-01
-1.937846897673973556e+00
-1.595576679144480092e+00
-1.283274297534832797e+00
-1.226567507696340736e-01
-2.112433124783993643e-01
-2.050340053990941103e-01
-1.945248492816789021e-01
-1.361809451101213958e-02
-4.083930788605875939e-02
1.556627510367211142e-01
1.229461368007047362e-01
4.499102170491992014e-01
-1.263663366286405632e+00
-3.247256012941568404e-01
2.128896977903919560e-02
1.262161167420120522e-01
3.109823512745878982e-01
-1.034602288984251689e-01
-5.375010265953739097e-01
-5.521514681879512443e-01
-4.429606264350623435e-01
-6.400720785820903647e-01
-3.062212120142137062e-01
-3.436261574211113001e-01
-5.496490230194449600e-01
-1.942791234671372713e-01
-1.167878264075325884e-01
3.280875748987379659e-01
7.455886481335328719e-01
6.611398861068457089e-01
6.132567943457294390e-01
5.697908441012753400e-01
6.717602515832981069e-01
6.567891926674191971e-01
2.448834713819646458e-01
9.391479500555084681e-02
5.073837773311542371e-02
-6.522713178300239001e-01
1.694782675670087335e-01
2.046272934160175416e-01
3.779132531675855611e-01
4.958850073703300887e-01
4.848184599584122734e-01
-1.462052424917881011e+00
-1.332224508964763743e+00
-1.800593366600252432e-01
-1.556810157204210121e+00
-1.047906254075354759e+00
-5.099681169936663983e-01
-5.725291594332783118e-01
-6.524300959938620359e-01
-1.232180719105422789e-01
3.335251915867655514e-02
6.819737125478961270e-02
-5.458131729576504165e-01
-6.502209941845128460e-01
-3.330216237549465386e-01
-9.646030159280825078e-01
-1.937385636657039889e+00
-1.564622906380988443e+00
-5.668208830223372789e-03
2.170932943048100583e-01
1.883684592574551009e-01
1.559134170693668164e-01
4.003202370350630313e-01
5.245402587363772184e-01
4.973968640596625468e-01
-1.471572201998994078e-01
-1.035541595445730989e+00
-2.337280091657719105e-01
2.064071904085052478e-01
1.006154383225439375e-01
4.878296869275079717e-02
-5.011880930955880942e-01
-2.449330144158082812e-01
-3.299793078776986910e-01
2.954711909924285229e-01
3.434528838519296801e-01
1.615116860915646324e-01
3.851605927100121285e-01
3.893889792940568029e-01
4.315853177358756065e-01
-1.380876946387998017e-01
-4.174307355613057213e-01
-4.740563842860805455e-01
-4.764952566004422851e-01
2.012193431713213965e-01
-7.284693002830547326e-02
4.977077688634554686e-01
9.190701049188523819e-02
5.413454536526649541e-01
6.451847019390083426e-01
7.285603233738252582e-01
7.084627137713936929e-01
6.051326986836117472e-01
8.413666562195697418e-01
-4.732271144586002731e-01
3.551079103770405920e-01
4.630528418155303583e-01
3.717234478474221726e-01
3.316307419190485661e-01
3.272754319592721117e-01
4.617679679327358344e-01
4.266449081548013417e-03
-1.064474342926926553e-01
-1.089375949521535769e-01
2.474241359610457047e-01
-1.947907715162193965e+00
-1.158388471648122975e+00
-1.508309129861306608e-01
-9.474874823995581286e-02
1.574509325967829165e-01
4.006063939686848596e-01
4.772386531273243304e-01
-6.586358733005085453e-01
-1.954424599497227577e+00
-7.409247653058239624e-01
-1.092242480152894268e+00
-1.353632356684090876e+00
-4.158807208963183344e-01
4.419131409218906015e-01
6.698951870676248532e-01
5.171794289547756440e-01
3.792760709198889635e-01
-6.322088830055634379e-01
2.045090954075927947e-01
3.044323797905597040e-01
3.770324301771970088e-01
3.833982519933553101e-01
6.448052936080879149e-01
6.055226592426870003e-01
4.295766703776826567e-01
3.643694036703088585e-02
1.457071003178675717e-01
-1.294632471832847909e+00
3.073989191141505151e-01
4.813986178099392554e-01
1.691839413849165544e-03
-6.394864367496545521e-01
4.711689336810480078e-01
6.333523271834786694e-01
3.516501376004802504e-01
-7.989653110041077255e-01
-6.171544855570718635e-01
4.196375534329006007e-01
8.300023077767669788e-01
-3.672523292214999180e-01
-4.471272064290370829e-01
3.886430062229816462e-01
7.167835418341710341e-01
5.928465365044636171e-01
5.819825847657306150e-01
-8.330952762479928442e-01
-2.498556888568206624e-01
-3.190230121728807045e-02
3.927177927363354609e-02
-1.275335578472922338e+00
-2.209629419434777642e-01
-1.626325105992626752e-01
3.611931129721205336e-01
2.830244972187654154e-02
-6.479753744172056518e-01
-5.189114314836071884e-01
-5.499303131492943031e-01
7.019223555028511474e-02
6.430372360999243586e-01
5.800619577286764139e-01
5.498165324282486832e-01
9.362549453415396350e-01
-3.027951332016272645e-01
2.089496126154735400e-01
-9.255166403475731940e-01
1.339369580287500527e-01
-9.566796814326757048e-02
8.088769096139121206e-01
8.153893815172429393e-01
-3.842070906669028951e-01
1.588742728668228466e-01
3.290705383454775035e-01
1.603549941318049288e-01
5.055388594348551035e-01
3.196789767181473785e-02
8.026437594268843734e-01
1.116119495563058228e+00
-2.807883706747854036e-01
-4.705579847282925221e-01
-9.884012245987796597e-01
-1.084524090785755179e+00
-7.268579630333921182e-01
-7.818720761155264487e-01
-1.752221755002261738e-01
2.587080261316324625e-01
2.790843599926050023e-01
3.384389421171495327e-01
6.281547939508172473e-02
-4.413890451131037285e-01
3.649907009604623220e-01
3.748344762006803332e-01
-1.325581667135082298e-01
4.134508401398643285e-01
2.542563261210082498e-03
6.407074541972272996e-01
2.276401625145377805e-01
6.305704393823953202e-01
-1.976564842625560259e-01
-6.376976719343401268e-01
1.460973348629475421e-01
2.697464784462341725e-01
3.512881586609188367e-01
-7.604241768353012590e-03
-1.663006191537282630e-01
4.677542555937560381e-02
3.265489444062572577e-01
4.153006682544733708e-01
6.282449296966597929e-01
3.902936980314377635e-01
2.894243387230595599e-01
3.858179301030341124e-01
6.754653047050688253e-01
9.271994157433314232e-01
6.623237286149008529e-01
6.749917767793273127e-01
-1.388955181149076790e+00
-7.931398879972141255e-03
-9.206318291667011655e-01
-1.345301680966320690e-01
3.554850427608316488e-01
5.325107261436535788e-01
-4.863491643602665254e-02
-7.579381846313680837e-01
-8.244941596636733427e-01
-8.975054836852159879e-01
6.573314682421423083e-02
-4.559439494806995230e-02
2.248424567518618467e-01
2.989380832958822287e-01
-2.669272141449852698e-01
-2.259143387996139507e-01
7.885665473915058274e-03
1.008691714732666694e-01
1.353183145703980850e-01
3.366148336371658778e-01
3.086194776091615855e-01
9.770874052224177708e-01
1.112861599105638755e+00
8.716874826533513865e-01
1.099017248593117335e+00
-1.775122645986382808e-01
-2.126665068716347695e-01
-1.185007408841346095e-02
3.066402658738912740e-02
-3.199336510478764661e-01
4.874876159266008924e-01
6.763015114549187912e-01
1.052976470219549432e+00
1.136822302032235221e+00
1.038040004756950463e+00
1.006544523652788126e+00
5.143888120273812925e-01
9.032953139774942963e-01
7.048742894725730235e-01
7.697867569661268616e-01
4.607842090303868043e-01
6.906775083189645725e-01
2.981693638111169165e-01
5.053540403018847993e-01
6.569191663676805515e-01
-4.240126167215141906e-01
-6.233114295824134822e-03
4.988263427579674864e-02
-5.223911348410611444e-01
-2.923023246381210027e-01
-1.079162348271958394e-01
-8.938983876828367203e-02
-5.870349438955292376e-01
-2.594042932429763693e-01
1.327095277644161353e-01
2.100449166206740104e-01
4.177563824657401503e-02
-1.592881699733378689e-02
-9.985096570557916440e-02
-7.699561849037690753e-02
-8.921259996378230750e-02
-7.211787157927110892e-01
-1.199247776771026341e+00
-8.369742616481017361e-01
-9.031029656278507511e-01
-5.245513163756593267e-01
-4.600755930746961986e-01
-3.630386108145362556e-01
-4.297886001366614805e-01
-2.027438051927354934e-01
-1.549485420018291079e-02
7.821790607141390628e-02
1.447689452985146119e-01
2.028363002169474016e-01
2.069785913649102860e-01
-5.951372802669197687e-02
1.030996238956552874e-01
-2.513011027776228534e-01
-2.075703545811995870e-02
-4.846073473525950859e-01
2.895182704418733932e-01
4.618072158107326963e-01
5.772901381844515178e-01
5.262455267465785402e-01
5.535612860913529110e-01
3.888803519335904402e-01
5.543108933594104171e-01
4.417173481322171358e-01
6.896734428462784061e-01
5.574230405098494767e-01
2.885236099920240327e-01
3.141967065450148588e-01
2.708271412085805907e-01
1.294964188856745080e-01
-3.128865332626047935e-01
-9.176843814116306119e-02
4.627273927723434682e-02
-9.124750429592255740e-02
-3.107612314725343577e-02
-5.436676130494778186e-02
-8.540993186773636614e-01
-7.092120645409287771e-01
-1.193961440194486912e+00
-1.344539748249569566e+00
-1.283107385475497519e+00
-1.766063399980319026e+00
-1.607228017632603478e+00
-4.757655128127800115e-01
2.910487752877414791e-01
3.555102169112737687e-01
5.050808835694592380e-01
3.490093805821331552e-01
1.114387374041141687e-01
7.092928630156234426e-01
7.649057452093502851e-01
6.611676406394501049e-01
2.385204847527042094e-01
6.266367730649164969e-01
1.029040291360546339e-01
3.656067787936578828e-01
-2.545242221835423146e-01
-8.576951955824359958e-04
5.676870767239939886e-01
2.974272435887780897e-01
6.158624716851753694e-02
-4.349712174528705955e-01
-1.993747760615339204e-01
-4.241391776397932661e-02
4.503729962826580890e-01
4.742094521916911942e-01
6.412840036796526588e-01
4.808291081942539513e-01
5.087615355471892808e-01
4.566985393416413963e-01
5.907242562582105672e-01
4.599391592469294077e-01
-6.337841111958845974e-02
-1.375927389949356705e+00
-1.210014279349862498e+00
-1.135156612476285076e+00
-1.293291217703228746e+00
-1.086906454302979608e+00
-1.018465533297666425e+00
-1.004455148748346405e+00
-1.264457691879536716e+00
-1.252479457942049734e+00
-1.014033210326398482e+00
-1.076361610749921871e+00
-1.630282015014632213e+00
-1.674260284396996701e+00
-1.398413062247773286e+00
-1.787742309383868911e+00
-1.453519967266116986e+00
-1.366382820778687446e+00
-1.899728347772355441e+00
-1.860790980807727868e+00
-1.827062425549145441e+00
-2.011893743076119456e+00
-1.236833359237390795e+00
-1.209670304088762416e+00
-1.111147523746647714e+00
-1.268831645623754723e+00
-1.255616996911465444e+00
-1.157296633364269578e+00
-1.575074046086625712e+00
-1.045589018777524526e+00
-1.683252739125026931e+00
-1.434549170005448904e+00
-1.177538482330615199e+00
-1.268391228698986239e+00
-1.068949316319682152e+00
-1.242694500597607554e+00
-1.166311057020803288e+00
-1.124812341940388816e+00
-1.158326508499873286e+00
-1.197303885715208294e+00
-1.051647908292808076e+00
-8.318420030648622232e-01
-9.144917976387646474e-01
-8.650424080008467520e-01
-8.828166113307412965e-01
-1.017247985323922022e+00
-1.015001050159684004e+00
-7.562463306449427325e-01
-7.230370727787203133e-01
-7.496326727161292114e-01
-7.250377617877716840e-01
-8.079054565641258234e-01
-9.323598767483830541e-01
-8.534216433221971654e-01
-8.502533882913323460e-01
-1.538084013335702771e+00
-1.747486967301407956e+00
-1.068971555095942216e+00
-1.044558180375427581e+00
-1.015163214854815754e+00
-9.015355343552725609e-01
-9.714920525440329246e-01
-9.094081639217562740e-01
-1.085954614046114264e+00
-1.037382666252360863e+00
-6.868979437874003224e-01
-6.522308565022918447e-01
-1.467705981006135030e+00
-1.052510803073297918e+00
-7.234991305419513630e-01
-1.100313017576296515e+00
-1.002381375591994805e+00
-1.294301269504493535e+00
-1.870101703764040835e+00
-1.653375071995654810e+00
-1.172899188028473150e+00
-1.295183858455422721e+00
-1.087528262227288600e+00
-7.306131523898645730e-01
-1.049869493503227336e+00
-9.439334243907474553e-01
-1.304659314698924710e+00
-9.227376999794671963e-01
-8.982783648315445513e-01
-1.438025376182759274e+00
-1.205628111487945908e+00
-1.244295296975618692e+00
-1.187743559813268179e+00
-8.529664019411856701e-01
-8.564338178985507755e-01
-9.537894697289966972e-01
-1.381286175137979466e+00
-9.805523850389511464e-01
-1.224545134692268888e+00
-9.766312497522364744e-01
-1.286370867850445965e+00
-1.144404448416913356e+00
-1.082387359105167146e+00
-1.099531157314873830e+00
-1.629002701482627602e+00
-1.110013369073591383e+00
-1.128265140713848425e+00
-8.158134210048564317e-01
-1.053853004128351145e+00
-1.161289025540034325e+00
-1.660599422838222150e+00
-1.677875004726379515e+00
-2.231013883770176509e+00
-1.182917610088677796e+00
-1.065568937216533341e+00
-1.031587071847159587e+00
-1.186242153833445334e+00
-1.026505949011257579e+00
-1.576903908786263520e+00
-2.143539025341902438e+00
-1.928854879913678877e+00
-2.376955768532623470e+00
-1.529545634618659333e+00
-1.408982560817136909e+00
-1.558893839423731942e+00
-1.299816640771353837e+00
-1.239627367591081830e+00
-1.504660628842305892e+00
-1.214031910697638494e+00
-1.296716690110814474e+00
-1.202215162083471567e+00
-1.245029370439622030e+00
-1.302018279693147207e+00
-1.159020909442539438e+00
-1.371670884203587404e+00
-1.387991178060201447e+00
-1.372262076479857207e+00
-1.356033129029269535e+00
-1.205505481706550919e+00
-1.217773998327283724e+00
-1.441154630628356470e+00
-1.565100867491498127e+00
-1.920249147444425430e+00
-1.716509794260361321e+00
-1.769365456592097319e+00
-1.625635364084373258e+00
-1.372339947664166893e+00
-1.058300361992567717e+00
-9.937281124866010895e-01
-1.081727212808016203e+00
-1.182224532959293972e+00
-9.955207617831252076e-01
-1.041378990428983853e+00
-8.389879079243811599e-01
-7.878001496284147143e-01
-1.004049481883998007e+00
-1.249869517723797063e+00
-1.475825465519085444e+00
-1.172351163023095388e+00
-1.075515634389601294e+00
-1.242439168782490055e+00
-1.172584355160342096e+00
-1.353351215673427088e+00
-1.700904137321715748e+00
-1.476913530519332385e+00
-1.207530465296372757e+00
-1.131402861517665226e+00
-1.087054825686811776e+00
-1.381282230543567691e+00
-1.326642269076444114e+00
-1.036587122798108496e+00
-1.024661756633331366e+00
-1.037317059786730722e+00
-9.828542106763518138e-01
-1.760880147683747232e+00
-1.128928429694316726e+00
-1.045250873800038338e+00
-9.127143710824646705e-01
-6.702857013847182133e-01
-9.149345123972888461e-01
-7.369447081819204826e-01
-1.113171452907761649e+00
-9.959008926462700195e-01
-1.324612816550699845e+00
-1.293083185861564344e+00
-1.241329191689100941e+00
-1.145664823049785008e+00
-1.196391482023287711e+00
-1.239422397754705862e+00
-1.230888881846479821e+00
-1.262960856077824268e+00
-1.481719500366627251e+00
-1.306892543545667085e+00
-1.246639500127664224e+00
-1.077696566841658488e+00
-1.314360545215700782e+00
-1.329987795709232756e+00
-1.200759882339095252e+00
-1.226804106494564728e+00
-1.272566554841889186e+00
-1.155007221533573158e+00
-1.094920325839088049e+00
-1.330776075595955454e+00
-9.632606257760193413e-01
-1.185291782785171888e+00
-9.661765963948619751e-01
-9.922237468539673033e-01
-9.272523260908985820e-01
-1.193034926130872808e+00
-1.164480328156743960e+00
-1.258241982551933758e+00
-1.116296208708023041e+00
-1.137844305018027802e+00
-1.067207408891518439e+00
-1.116766415121748013e+00
-9.731168209286696902e-01
-1.125323798736573400e+00
-1.273701980502469189e+00
-1.220755957119054491e+00
-1.714159536058859290e+00
-1.876551522843752595e+00
-2.142977996587429157e+00
-1.093942309765333798e+00
-1.022999534078079087e+00
-1.274289859460285612e+00
-9.993737049096610425e-01
-1.310762895653598603e+00
-1.059121853637531308e+00
-1.006740596120965892e+00
-8.468717084121492045e-01
-1.112979109272733691e+00
-1.123043300044141102e+00
-1.063679856063865170e+00
-1.184464495293300557e+00
-1.241599287802813700e+00
-1.209328760461965580e+00
-1.211042099351316681e+00
-1.130592858763587838e+00
-1.089934956524618359e+00
-1.133780433372270524e+00
-1.351200393184802007e+00
-1.504708510712169600e+00
-1.331657451157475469e+00
-1.184644312931681931e+00
-1.232560275753149082e+00
-1.005915017774485332e+00
-1.265600024980188865e+00
-1.255369820414250270e+00
-1.147012858837615834e+00
-1.173414942925582238e+00
-1.230854519673640013e+00
-1.267977450203320089e+00
-1.242994523168201804e+00
-1.141640156825440400e+00
-1.727115836697291851e+00
-9.654345392777099466e-01
-1.625805764984616708e+00
-1.219807495548845155e+00
-1.168941072390244695e+00
-1.124104935135163075e+00
-8.748935420721182243e-01
-1.086769279243292141e+00
-1.305649715338780048e+00
-9.144144864185159705e-01
-1.177589008910396862e+00
-1.261080999908539946e+00
-1.304289520567351701e+00
-9.728206079376945370e-01
-1.413068494051691326e+00
-1.599114989513321650e+00
-2.131919229977586205e+00
-2.156774882964434870e+00
-1.240899568096554884e+00
-1.224089057763416477e+00
-7.856581743411910068e-01
-1.110700668926442702e+00
-1.558566075856473665e+00
-1.552894537083051141e+00
-1.155319803506905663e+00
-9.274309573006029872e-01
-7.789154086066242266e-01
-8.424561114860479316e-01
-7.273636172961681634e-01
-8.470930481981603366e-01
-1.021111544953493322e+00
-9.596335092979656478e-01
-1.155898305788500613e+00
-1.274050158749971073e+00
-1.125914648996039658e+00
-8.969665703579919880e-01
-1.177751834633640193e+00
-1.069412452284387971e+00
-1.154423068659026663e+00
-9.883698339888347117e-01
-1.243339300103934786e+00
-1.468620049871796285e+00
-1.549947963191000255e+00
-1.280803503186454417e+00
-9.726245723292337164e-01
-1.306465040333691041e+00
-9.762663076013182728e-01
-2.048876753286511754e+00
-2.123581801804383495e+00
-2.595308044822790094e+00
-2.455552359105329874e+00
-1.565599611197294072e+00
-1.117274153807836123e+00
-9.477758830275434532e-01
-9.552883478183750166e-01
-6.780288774417057018e-01
-6.824100659572448491e-01
-6.272992213527448513e-01
-3.389465995727356518e-01
-2.593580060283918187e-01
-1.672361621812444854e-01
-9.064225398975743475e-02
-2.164291215399962165e-01
-4.238583857070693517e-01
-1.057594154537170761e+00
-1.274297150908885623e+00
-1.298417758054100979e+00
-1.752200952216506069e+00
-1.413778372559029606e+00
-1.218167483090692338e+00
-1.010290505785633508e+00
-1.502398676610608108e+00
-1.240739321565558884e+00
-5.827685004259102186e-01
-2.355294173410691638e-01
-3.784096685219119974e-03
9.126773902334334165e-02
-1.705116110029874787e-01
-1.517357738664599498e-01
-4.148289942288341248e-01
-5.069121889804756309e-01
-2.792679175519998114e-01
3.863087292115863214e-01
2.535841351789495657e-01
2.741243447592215388e-01
-6.414324873200756560e-02
-7.841666962450375422e-01
2.928861109466230350e-01
6.912354669461535650e-01
1.155201486828727475e+00
1.133514465396192827e+00
1.109958680414947718e+00
7.732257773004768131e-01
1.111662862308682831e+00
1.111167205360168220e+00
1.139170032527177634e+00
1.269248450244168547e+00
1.235223169851170866e+00
8.339352780893004580e-01
1.265523256235026928e+00
1.218831375837732045e+00
1.253504891414124911e+00
1.270377870821516542e+00
1.371806641912207470e+00
1.311954768349005152e+00
1.313231950832526973e+00
1.486728546271249618e+00
1.464575044725310971e+00
1.166862946918423960e+00
1.283998973512872510e+00
1.435378455357205096e+00
1.007140040268095893e+00
1.158915039773289912e+00
1.201602927314358693e+00
1.321192950485245543e+00
1.160317804270905251e+00
1.422304440000290215e+00
1.260557801624080376e+00
1.398221850500295238e+00
1.245577703718632634e+00
9.130267821196540456e-01
9.989958211399885268e-02
-1.322501000301576912e+00
-1.918917339774757425e+00
-1.554564614988060978e+00
-1.592028275416920158e+00
-9.480236950412019858e-01
-3.076641565519344090e-01
1.232464783036146538e-01
1.036041607961505073e-01
2.451779642448524144e-01
2.651761685413809300e-01
5.244079661968824579e-01
7.237940891309208036e-01
-1.187594831789338529e-01
1.479787435220957237e-01
-3.348391710598225823e-01
8.062682459031246876e-03
4.315607582412255283e-01
-4.332297247918555638e-01
-9.191338298444192700e-01
-1.766107914821548053e-01
7.324509669116080479e-01
7.614569056184501417e-01
2.781044174950722536e-01
5.044104679889878096e-01
3.458352169747819227e-01
9.033582447311871988e-01
1.034455352475940781e+00
1.081035942855030685e+00
1.219349252044518828e+00
6.260203024249099135e-01
1.043131437556629404e+00
1.280311282565445685e+00
1.210665746833923695e+00
9.209585224155225625e-01
7.316079132417683262e-01
7.606258019669828174e-01
8.717628783336592857e-01
8.493825547589478608e-01
8.294759141140651826e-01
1.029515343832170027e+00
9.690726816571242352e-01
1.098678831064006989e+00
1.212252073396629326e+00
1.156355275426632190e+00
8.187738788638049270e-01
7.919841958856006503e-01
9.014716227386022629e-01
-1.094047205732237904e+00
-8.942386389981399342e-01
-5.364481378430642211e-01
-3.081430952960675929e-01
-2.454069972731111049e-01
-8.072173508678240350e-03
3.524525709108928817e-01
6.994236853129398579e-02
1.133100293402259373e+00
5.760106150536327130e-01
1.112422934250852036e+00
1.302050244555136294e+00
1.317577565142051155e+00
4.617696114445240529e-01
5.328903499307593439e-01
4.044985471817453271e-01
-3.812114678246608657e-01
-8.096345576476556838e-01
-2.325800001233274017e+00
-2.084978196352780255e+00
-9.015916737654632307e-01
-1.787465875523247538e+00
-1.860676313219046252e+00
-1.112586404902990100e+00
-7.618948468588927492e-01
-1.344608592400060143e+00
-2.164413379931767079e+00
-1.628942586643243873e+00
-7.489020126703204161e-01
-6.341232953294388963e-01
-3.447992530436772701e-02
9.217536758406097430e-02
-4.878809273580228534e-02
-7.644024134653694125e-01
-8.533742818848525369e-01
-2.380704283077025862e-01
5.987494105692345858e-01
6.893779032415515706e-01
7.856144435240184354e-01
6.491297858121086728e-01
7.083478635370135112e-01
6.735395233417880156e-01
7.630323955054618690e-01
3.703164122895920563e-01
5.252541511418636899e-01
-7.618671252544285954e-02
4.779236576148119808e-01
5.706639571538387745e-01
3.592420848127060862e-01
6.976410499947659494e-01
6.455325579227271238e-01
9.234460659192972320e-01
2.086769701949915401e-01
6.708285011971195644e-01
8.247898984813497592e-01
6.779283377430903590e-01
2.075577823399772093e-01
2.751860726213319341e-01
1.711151977831104898e-01
1.362164324096064860e-01
-2.213863562789310929e-02
-1.531549498420044175e+00
-1.145175214352291748e+00
-1.353682638353531198e+00
-2.175896439891119361e+00
-1.311854272019185697e+00
-8.449324440167985673e-01
-4.604588761185625656e-01
-2.300225266855149719e+00
-8.505554719485028947e-01
-7.700946444891205722e-01
-1.562019337766049398e+00
-4.922338163420963975e-01
-2.436519792118533034e-01
-3.175970724833989123e-01
-4.516977831798440479e-01
-8.755046614370181057e-01
-7.048713270918602891e-01
-7.060863232487263330e-02
-6.039210745780325684e-01
-8.104439266540873765e-01
-1.260559024036121523e+00
-1.379892787225089901e+00
-1.261314110102217168e+00
-9.445492958796204430e-01
-1.749771861215763114e+00
-1.072501955729602274e+00
-1.405386842078689469e+00
-1.308263200370467505e+00
-2.424005212744782256e-01
1.041501023448135888e+00
1.021124978403829653e+00
1.246220728386977283e+00
9.782570604477767162e-01
9.679533928153084554e-01
-4.386836036614666923e-01
-6.898335809886202430e-01
-7.452961940102832417e-01
3.479132246399943562e-01
8.577910443610232694e-01
8.590329003184892231e-01
-1.223485303819828118e+00
-1.460390359793669879e-01
2.767540701076932064e-01
3.110842926010434772e-01
1.030205407489435121e+00
1.083736306636663427e+00
1.117905025673522346e+00
1.001882751509605152e+00
9.944047938178024459e-01
9.134744861965757856e-01
8.104934119994802177e-01
9.365149431410958458e-01
8.917210693307739966e-01
7.308572496974681254e-01
-4.059823647604464680e-01
-1.719485422467221525e-01
3.043139913741485514e-01
7.344583382506325586e-01
6.422402503695674447e-01
-5.878275884026900044e-01
-1.918975815424399656e+00
-1.261972379240946296e+00
-1.018484323951206250e+00
-8.758544901654592429e-01
-3.762764072242418267e-01
1.672435421721100712e-01
-4.693548289101427962e-01
-3.159594720598235540e-01
-3.672231822369949050e-01
-3.814971391318763838e-01
-9.075142073420146005e-01
6.757107467312381544e-02
3.986252125884430786e-01
4.186596744123499136e-01
5.780132485545954601e-01
8.715658520146639665e-01
8.731019064958543963e-01
7.070023772193113620e-01
3.743039117726664200e-01
-9.832804114717116351e-01
-2.460769269347565791e-01
-1.309642436996967252e+00
-1.595336362995983137e+00
-1.822951003998679820e+00
-7.499604186694518448e-01
-1.509571801960693405e+00
-1.962756039333992675e-01
8.787884298152091045e-01
9.946306076119875161e-01
9.972329984262903180e-01
7.075774241439998224e-01
7.921178540156873504e-01
-2.214716345765951055e-01
6.428174880853487760e-01
7.271036891325862728e-01
2.457182793993877012e-01
-9.143593174161375181e-01
-6.994791123847550196e-01
1.326707634639644195e-01
-5.413733049276925335e-01
-1.779141804108976155e+00
-8.066737195969003738e-01
-8.861971557053772708e-01
-2.782613171021825482e-01
4.451513564212162821e-01
1.092716488258683061e+00
1.058503051528063343e+00
4.699251300847439583e-01
-7.303168732451805756e-01
-4.285465322048888082e-01
3.800495624706752285e-01
2.107096773314461602e-01
-1.636238336654473713e+00
-4.281536038696974189e-01
-1.144767482715887130e-01
-9.532410028220422715e-01
2.246048385896964594e-01
4.954820720367736353e-02
-9.281951642915279299e-01
-1.646410352683093103e+00
-2.416065679089471008e+00
-1.594251331977620145e+00
-9.436278863288738439e-01
-9.557594392515562642e-01
-7.075661498162015839e-01
-4.162467590533083239e-01
-4.626686436697436400e-01
-3.302900625538391366e-01
-5.040901951804895864e-01
-2.688304397057377781e-01
-8.773101032687026235e-01
-1.215184095873791392e-01
-1.213831267577509115e-01
2.354590402921202530e-01
8.861965286012886411e-02
-1.616060962807714385e-01
-4.436901375532159575e-01
-3.461399970252053149e-01
-4.916597301657558150e-01
-1.389439799582331991e+00
-3.097816934341618422e-01
-6.660641369199848949e-01
-7.781181147859647096e-01
-4.848033080105499382e-01
-9.000269172967486631e-01
-6.526751728812577591e-01
-4.148116663022302641e-01
4.143905930196421505e-01
9.196160658968554058e-01
9.916428553641877253e-01
7.422783351866818480e-01
7.093474201400211676e-01
-3.419249736897846392e-01
-5.596204178370119964e-01
-4.026724525489535078e-01
-8.504257238021043497e-01
-4.811517591108901426e-01
-1.218917680247596919e-01
7.352983772422941322e-02
-3.976213842001654480e-02
-6.829539915761402291e-01
-6.050911167313937078e-01
-1.442477321917260857e+00
-1.781596118017711783e+00
-1.746437764441701512e+00
-1.803585136710544434e+00
-1.718598789463146037e+00
