4.300532320769987482e-01
2.541771250578467867e-01
5.925626208889759466e-02
1.874931666956734244e-01
2.549835635205691120e-01
1.996425956041337213e-01
-1.838617032034611520e-01
5.877987076356236407e-02
5.609141531380355122e-02
2.383254218593123530e-01
-6.648225208554578991e-01
-8.414542280971293309e-01
-2.910683184794455314e-01
1.955927212449918087e-02
-1.611259362912901005e-01
1.687552424334625711e-01
2.990795548811521209e-01
4.321585216149042008e-01
2.765513808834785259e-01
5.245732811865797540e-01
5.067102123890390164e-01
3.866787929642035992e-01
6.511674227673370785e-01
5.925920664722170716e-01
6.719698250267764905e-01
5.571201213078982306e-01
8.380711270385334810e-01
4.858610769506756522e-01
4.482945440885332533e-01
3.353908831283713976e-01
1.849871832382791181e-01
4.743459450743287009e-01
4.137287554158139979e-01
5.332922447990804393e-01
5.309893884549719001e-01
2.105077556958694363e-01
4.684965474270323393e-01
3.444913937314894037e-01
3.441859314543252446e-01
4.766887357326245467e-01
5.310823902307409972e-01
7.563190348415520514e-01
5.892839101139296654e-01
3.752948895166069443e-01
3.589168249590019566e-01
1.056561495464469341e-01
3.586926727344976196e-01
4.974016382835109162e-01
4.620055936306642907e-01
4.116143095580602762e-01
3.165552966558599080e-01
2.876353817352276798e-01
-1.100548628866512418e-01
3.707526786287206888e-01
1.407722409436528155e-01
3.199050312338602153e-01
2.670775268483812637e-01
5.210542222331631529e-02
7.238813496214531185e-01
5.892862639532197022e-01
6.060634302722800459e-01
1.686741578056260293e-01
1.315623779841618990e-01
1.822703222227393255e-02
2.690984918946260906e-01
9.494367253174871776e-03
1.579638382105533201e-02
-1.964987347362309456e-01
-5.575887671076831253e-01
-4.255283255385046148e-01
-7.817892731797147776e-02
-3.451565526146549434e-01
-5.270800525683896898e-02
-1.186706403804168447e-02
4.990515251305537303e-01
-5.731074201197128293e-02
2.331314535976721780e-01
4.061435801548874402e-01
5.791755009864892889e-01
5.336480686176467980e-01
5.790143081192571373e-01
6.966210373022850844e-01
7.222022523885464063e-01
3.441609728878471386e-01
7.085617298794057994e-01
8.680487702047217091e-01
1.018350560228243440e+00
8.359176661530496322e-01
8.391937163346515627e-01
9.527744366186235991e-01
1.051310018155207082e+00
9.224833294723592259e-01
7.367613941108379638e-01
8.307664560281451394e-01
8.700707937156107463e-02
3.303846927859661053e-01
3.772161082828279777e-01
6.015179175121110333e-01
6.674878031161898262e-01
6.727452251197657551e-01
7.546567829607639943e-01
7.112257724951792648e-01
8.445435020756741906e-01
5.169341208364955920e-01
6.921107107035560091e-01
9.220684218125864140e-01
1.148701418115063433e+00
1.126274642008033400e+00
1.142531868359739189e+00
9.780106690845945527e-01
9.417220141535135314e-01
8.418354338344056220e-01
1.099673167398692586e+00
-3.901958034235196437e-02
-3.683506693367352702e-01
-3.344286261729309540e-01
-2.672794866367865230e-01
-1.920126091759422615e-01
-3.020539917453334260e-03
3.420150498344259882e-01
1.965598188729459628e-01
7.202543799777157141e-02
-2.738096422835899491e-01
1.953239287097269794e-01
2.105420610156061023e-01
1.823324979816969005e-01
3.514121858826755318e-01
5.139128891686931544e-01
6.888912351136503576e-01
4.123671457820982100e-01
9.733387939519846377e-01
1.135880658840784152e+00
1.163011369385699156e+00
1.074747181070035751e+00
1.098272325308027542e+00
1.306842988964869834e+00
8.281096651941185494e-01
7.879605560194441471e-01
1.275823357392415369e+00
7.837409514419795276e-01
9.129282002522599582e-01
-1.088503556589473398e+00
-1.222106375830665170e+00
2.648460782727529161e-01
8.101470971333220028e-01
-1.046045024788729849e+00
6.448719366434964018e-01
3.802660375536359716e-01
7.444212549704944948e-01
-2.250333091238638783e+00
-2.564506933125410004e+00
-1.623271312733139515e+00
-1.212606847597222259e+00
-2.146573905709748153e+00
-1.652942693256914009e+00
-2.136242276421420172e+00
-2.412184031499328807e+00
-1.916900179764349899e+00
-1.667216136721009434e+00
-1.869248899969296440e+00
-3.060233736903932744e+00
-1.745083596900946610e+00
-7.960203177047402434e-01
-1.976999373485121836e-01
-1.773423765905131344e-01
2.501894237950135769e-01
5.024633329095592460e-01
4.322106475867528719e-01
7.595892969885084112e-01
7.442455394191772600e-01
9.443609991281244342e-01
7.491695886725949771e-01
4.727031973908229490e-01
1.081071238968002834e+00
1.143492008959521522e+00
9.197174156702969672e-01
1.056467992039227477e+00
1.242456374872985103e+00
5.139309324242714583e-01
9.083110299021934786e-01
6.971408801276924860e-01
9.045833583859806959e-01
9.654554266801773643e-01
1.119204547336307559e-02
8.113077754192558055e-01
7.536056860997052409e-01
8.891993978092000983e-01
4.549233086878880922e-02
6.119132096939613463e-01
4.954804048290180618e-01
5.887445754823140698e-01
8.082939401772673005e-01
6.825018102699609290e-01
4.719448366340071033e-01
5.767172069839405779e-01
2.349019825402879624e-01
2.031772240719910416e-02
3.179378752071403413e-01
-8.627849006007504151e-01
1.491421150685767749e-01
-2.180458065165741810e-01
7.110474710513399466e-02
1.794692754127078793e-01
-4.963952157640330598e-01
-4.850154422922376973e-01
-1.498681337509980560e-01
-3.187164636926405614e-01
-1.255939223062652044e-01
-3.981629852994433283e-01
-6.503398297137662487e-01
-2.182171059452767903e+00
-1.191453883251925250e+00
-3.741646539475325106e-01
6.073906971067564997e-02
-1.382356203741031131e-01
2.279163226735212155e-01
1.260801005197268454e-01
2.911877631371236341e-01
4.152922335408363863e-01
2.570846860197369410e-01
6.296226666775037728e-01
7.773891204887812822e-01
-1.898416042944185422e-01
-2.379247495501987331e+00
-5.156186061228723583e-01
5.043670917731448711e-01
2.425773659584584130e-01
8.556898410468090077e-01
4.195832289930295222e-01
6.740780697072672190e-02
-8.821563675333808988e-03
-1.362178285320623461e+00
-2.062942303638533481e+00
-1.569885538749779430e+00
-9.430811495740804018e-01
-8.383199476240050796e-01
-8.992468348930627853e-01
-1.163875372855812801e-01
-8.955970785888797692e-02
-1.198083892945903534e-01
1.744079356076064791e-01
3.015600187741000471e-01
-5.871119594695759503e-01
-1.743906281805612801e+00
-1.861283758831964841e+00
-1.084871939672463981e+00
-9.623253823414484875e-01
-5.538341973754248304e-01
-7.936447113989008040e-01
-2.037201672467479074e-01
4.029958016650684316e-01
6.962181915276683952e-01
1.120038093856148831e-01
9.237485155573056661e-02
-9.349486198284459038e-01
-1.057113453412344972e-01
1.788581975714838568e-01
4.277925889489991862e-01
-3.996615766677776849e-01
9.654176566562634731e-02
3.550688344616122205e-02
1.982967773834072023e-01
6.770707779214844013e-01
1.121252935720063182e-01
-5.650080725440662782e-02
7.509503513800724894e-01
1.012116900216028625e+00
4.060654615379564736e-01
3.260477791324694619e-01
-2.493417613434865399e-01
3.911025374405404098e-01
-2.998713208533355101e-01
2.427461248254003407e-03
-2.014963819749709117e-01
-3.900992141828952264e-01
-6.205168650209732517e-01
-2.111181755065266383e-02
-4.373043046587576921e-01
-8.967128677982274532e-01
-1.046888938514184408e+00
-5.098704519918542122e-01
-9.995457729076828723e-01
-8.333093742107134938e-01
-9.931150587277751685e-01
-7.680076976229700536e-01
-1.093408136451916590e+00
-6.616776064270852853e-01
-1.454990247505640599e-01
3.754322548751667238e-02
-1.233374988641765535e+00
-5.472577235327760192e-01
-5.811679983132667093e-01
2.839610377368777944e-02
5.686106329297255790e-01
4.308630204108278294e-02
1.606919747198230219e-01
1.447514867610888711e-01
7.046948714985483697e-01
7.594374331892171925e-01
8.034287038231654465e-01
2.748889463254886589e-01
6.050221247773047706e-01
-8.737709129118210669e-03
-8.160493895232455719e-01
-1.516733129417013881e+00
-2.352162384099751424e+00
-1.072262655141501098e+00
-2.421540598163657076e+00
-4.501420976964944365e-01
-2.858562635862166523e+00
-1.744065416112363875e+00
-5.676587115268643124e-01
-6.688445926176455059e-01
-3.547897063984926103e-01
2.549436517626973986e-01
1.657089382239406716e-01
4.436149830344500167e-01
5.520441589818709804e-01
3.529121437195382738e-01
2.318504625706845901e-01
2.040273045835860610e-01
2.698554499323643774e-01
5.527913639487269659e-01
7.709147755946402780e-01
9.781044262316600513e-01
2.190100156720623525e-01
-2.099586761898739162e+00
-6.551877040825881959e-01
8.612416154522449518e-02
-2.221595953568670900e+00
-3.315710459056829817e-01
5.872136057521050445e-02
1.526354426865890734e-01
1.041604313921324770e-01
-3.648552326506279003e-02
-3.549624850603765314e-01
-4.418104208148265939e-03
1.938066170477691086e-01
3.876360178413061353e-01
2.623502664466426104e-01
2.442478497932957515e-01
1.217115938041116313e-01
6.638615654863254667e-01
8.380349616837129423e-01
4.625272206026934119e-01
7.120193975758182248e-01
8.878331352040813584e-01
4.178443227260643100e-01
4.942145307612606508e-01
3.918107209677398339e-01
2.515126172086891154e-01
-2.671858906218332191e-02
2.349583977568939774e-01
5.021520320601954301e-01
-7.980801929582823639e-01
-3.029312342914600720e-01
8.291562152650570894e-02
-4.637684015092194967e-01
-2.469721476417465755e-01
8.085484403409289866e-01
1.030159390391380825e+00
-4.132819449119771726e-01
2.826148541706696715e-01
7.303457229042035204e-01
2.821589224130757190e-01
9.074756567419218767e-01
7.564150543692436113e-01
3.666039472805344701e-01
4.132244663274579899e-02
7.249684364399947567e-01
1.547739548414247768e+00
2.529026724109365021e-01
4.478285336474754907e-01
8.582807912004443152e-01
7.730784791657233646e-01
1.072464972236077285e+00
6.914458708326653991e-01
1.162155138055914971e+00
7.640536512559161775e-01
1.030149305968760809e-01
-1.858082685198086392e-01
3.093566581194014398e-01
5.624398060606253802e-01
7.515331217941322306e-01
7.175226915683862172e-01
2.261906918109099773e-01
7.560100297903800115e-01
1.021777454941747321e+00
7.060303107235014197e-01
8.009119212144022448e-01
8.559204756240703649e-01
2.895876364692298588e-01
4.497883326314963126e-01
3.664069934126057970e-01
5.663670956954607316e-01
-2.865326422827112474e-01
3.221316007847840890e-01
7.132491453980022156e-01
6.825119849723242371e-01
4.247900834642078793e-01
1.072533566649004344e-01
-7.614296359835116546e-01
-1.356020384312129068e-01
2.776726309819547156e-01
4.376950483471521158e-01
-2.195223206314864672e-01
4.804079835884206284e-02
-2.893146109017257980e-02
-2.496261049760644668e-01
-1.912782202819777178e+00
-1.552341676770020884e+00
-7.038038894761748931e-01
-1.443263442388666995e-01
1.531032161031085914e-01
-2.363149198226634912e-02
-5.002784333290395402e-01
-3.443988287992440500e-01
-1.157232143774412358e-01
-3.998216421912917373e-01
-2.026575886964370188e+00
-4.733505779807133385e-01
1.832303611829056988e-01
6.054985571465417576e-02
-1.457139614765888602e+00
-1.451149548943066803e+00
-1.431785011330175550e+00
-1.087150382241113489e+00
-8.027967153443186232e-01
-9.440473826907064270e-01
-1.588806932249935189e+00
-1.887620006663173866e+00
-2.179996400375609600e+00
-1.788788856759510715e+00
-8.219265434455603758e-01
-4.873620420964057121e-01
4.108344442957593406e-02
-1.785116593658548079e-01
-2.406259813443769879e-01
-9.238783957414643533e-01
-5.871415508821106188e-01
-1.983856372511727251e-01
-7.020429343949760037e-01
-7.438706156227319344e-01
-2.067019905074511388e-01
1.902069306441559263e-02
4.914401912355246815e-01
1.544337072907633057e-01
-6.488880064441179263e-01
-1.824905744796737755e-02
3.687238502176163335e-01
6.575675045313055245e-01
7.727666187809174581e-01
8.779361374626855063e-01
7.692117986978903588e-01
9.296786372783315544e-01
8.480377112946244633e-01
3.636888751125354480e-01
7.308144442069692825e-01
3.934256854855521790e-01
2.385442578763923849e-01
-1.330444762330753150e+00
-2.233184956307675328e+00
-1.168244094906341735e+00
-1.187443914948346224e+00
-1.786985122864691578e+00
-8.138412327679985792e-01
-1.237297728746452191e-01
-7.628466177559397599e-01
-6.054009951961797364e-01
-6.692465264519428247e-01
-6.405355290750776032e-01
-2.211690660690944110e+00
-1.424362073357795078e+00
-7.217220311023716528e-01
-1.715263355080038354e-01
-3.501222265708862635e-01
-1.582642130937630842e+00
-1.292196520225842526e+00
-1.124700366707489962e+00
-1.576708178554097062e+00
-1.589183531163415264e+00
-1.276000620726705836e+00
-1.563235451436002954e+00
-2.600074932623972934e+00
-1.238064761631373800e+00
4.173207588750780378e-02
3.671912443444395602e-01
4.830833649175315589e-03
-1.809115216857276054e-01
2.911954351659375440e-01
-2.201440411589236923e-01
2.928485822508026387e-02
4.983692172031801149e-01
3.918052656241794440e-01
3.103669383812968086e-01
7.051211535185762935e-01
3.484173269975485154e-01
5.129308992755222674e-01
4.962246886295670345e-01
3.392449079361215536e-01
5.424568787665311476e-01
6.580266789890584778e-02
-2.109562377358931595e+00
-7.944142095828450323e-01
-4.683948963949977617e-01
-5.457694722825501971e-02
-1.187584298898445995e-01
-1.198040249662443602e+00
-5.974700854445327280e-01
3.101571625085214889e-01
-9.186401407830560584e-02
5.465301512095224190e-01
7.262812072803044305e-01
-2.473814445246203808e-01
6.615847716218397068e-01
7.389577054976134152e-01
1.010863446721464332e+00
1.176172208735484448e+00
1.077616502599898274e+00
1.041384642907037916e+00
9.148046368432951603e-01
9.101306505182978901e-01
4.091428937727855097e-01
-3.975303687506712702e-01
-1.661492622745682102e+00
-1.075148909031679922e+00
2.740147017425877407e-01
7.436802586539900117e-01
-2.034255057410712109e+00
-8.442760193257931034e-01
-4.521340659829605202e-01
1.114989081551926164e-01
4.260830482081442994e-01
4.225272389148760910e-01
-2.145986321597647351e+00
-2.150669228760830887e+00
-5.489175680385816047e-01
-1.943760422988134229e+00
-1.169239807016735799e+00
-1.831269488382104793e+00
-2.969004967563746433e+00
-1.043460236233684224e+00
-5.116692186650778629e-01
-1.052287826438149443e+00
-1.779016239951893008e-01
4.077383571374442739e-01
3.712728531904080920e-01
-8.412043120230947024e-02
2.396963204179437812e-01
4.348342122197175197e-01
-1.677570062096955805e+00
-4.074013137320061095e-01
-1.326750219175245882e-01
-2.532236607025350472e-01
-6.241128295762573552e-01
-1.855374633584963240e+00
-2.767322587876278384e+00
-1.899825119551184383e+00
-9.709052407071084856e-01
-8.115524379487916162e-01
-2.435359220568819871e-01
-2.628783827244000615e-01
-2.263817800703551431e+00
-1.441701015633572114e+00
-2.846105124194435176e-01
-6.354554262376517493e-02
8.539893639222560784e-02
3.080198199435153494e-01
-1.339715708743740852e-01
-1.160079857484952015e+00
-7.316407633788417630e-01
2.617559446576584459e-01
4.710464012053335314e-01
1.947163636058318048e-01
4.346430351380378143e-01
-1.927532786470545767e-01
2.243776769741751276e-01
1.461928193258206499e-01
1.574150515900897551e-01
-1.829835496166695996e-01
-4.860498300646016179e-01
-1.138270641847759057e+00
-1.691213864636589737e+00
-2.734477315202414882e+00
-2.594985719565610083e+00
-1.188221575829065291e+00
-8.075847093339116878e-01
-1.348730124330934865e+00
-2.108812836584118333e+00
-1.225864163794497586e+00
-1.678973434377632135e+00
-2.123502970904274978e+00
-1.600817532985012726e+00
-1.676590134549360789e+00
-1.281127760895404366e+00
-6.649953811535291859e-02
-1.086811976717292794e+00
-2.049793973381701384e-01
-1.263811962435298086e-01
-8.843274314655958923e-01
3.691947521541409372e-01
4.579997941230884440e-02
6.278359247893010586e-01
9.236130065665190125e-01
9.835878460611380270e-01
4.414059749598826521e-01
-1.948631148561389137e-01
-1.187925682470665656e+00
-2.773840839639332145e-01
8.423288889806063162e-02
2.931244237347705450e-01
1.850315873297640468e-01
-3.396758160127272275e-01
-6.577197884295583608e-01
-2.138824360472603381e+00
-8.490945434490351218e-01
-1.094886416972709942e+00
-1.045777668800650151e+00
-9.084055255702093712e-01
-1.684037923130611070e+00
-2.245698874727240391e+00
-2.953359890117626563e+00
-1.421120697747554562e+00
-9.040197835116027258e-01
-8.549965587269910960e-01
-1.991613219317267092e+00
-1.184094125376107698e+00
-2.318358500977534931e+00
-1.867599573511499855e+00
-2.164783016510958280e+00
-9.755830746157887479e-01
-1.225880400608245990e+00
-1.295679795556563318e+00
-1.335514276300670877e+00
-1.604082529531634327e+00
-6.721596792897401862e-01
-9.693334825678780187e-02
3.205955478934803815e-01
3.495420791983076536e-01
2.280634103892694720e-01
3.292689684117060533e-01
2.915460652184480583e-01
2.828261479350604457e-01
3.921151550170051125e-01
-5.086937244845680661e-01
-2.772092358628681641e+00
-1.378103253938090855e+00
-5.848941327512803268e-01
-9.295916112370830042e-01
-7.919932419550322900e-01
-7.221777483992295465e-01
-3.463849447396111780e-01
-6.610722734986856919e-01
-1.082746131601479034e+00
-1.301081552230817895e+00
-1.526990865805408992e+00
-2.432554541846795981e+00
-2.450093757631959246e+00
-2.031829021492122855e+00
-8.055925432033728129e-01
-5.693628036488087574e-01
5.227498616906373768e-02
-3.064046488594735981e-02
7.079058810091164167e-02
1.448866152514577121e-01
-6.558757349430371919e-01
7.600569555258065990e-02
-1.428646287101303577e-02
4.625607213200460532e-01
9.825959273394764548e-02
6.252619062235926783e-01
-2.918625462565397136e-02
4.980109545078554856e-01
6.491043426967226804e-01
9.428110231752716286e-02
4.331577957391901657e-01
4.761291355376375822e-01
6.129245115971716507e-01
-3.848994732418448139e-01
-8.164546251504450902e-03
2.804019108212150169e-01
4.582869132400570478e-01
4.030737998866245619e-01
4.795284045903151493e-01
2.572186087429278456e-01
-7.414486446947253506e-02
-3.717505264458936809e-01
-1.395078661370757478e-01
3.721850076318749395e-02
-1.012146350758445501e-01
4.371867889987651190e-01
5.331372893022815473e-01
-1.643953844521152119e-01
-4.532726847167256601e-01
-1.796714234475515370e+00
-6.649605875862800441e-02
-3.760497602069022283e-01
3.202920708528180227e-01
2.244193239884899327e-01
1.139173570266552166e-01
-5.404144374026746966e-01
-6.554787944145327172e-01
-7.812508915235716334e-01
-2.119223080317220176e-01
-3.624961238248103901e-01
-1.131071891733587131e-01
1.781734135047434997e-01
4.261786900077378371e-01
4.282660466763560381e-01
3.714684433030298605e-01
3.889797699405474485e-01
2.220050124601009311e-01
2.843749217951631048e-01
1.156839223149215140e-01
4.336683103925290661e-01
3.916791366926456464e-01
4.780321126851948543e-01
3.625816191075352801e-01
-1.540585840321498923e-01
3.264532411339270968e-01
4.350754368868734456e-01
3.040873815540864333e-01
2.387358829454251929e-01
1.568278548855660537e-01
4.916710966044443021e-01
-4.479184922248658635e-02
1.107946605415275620e-01
3.458519592767914097e-01
1.364084695288824423e-01
-9.650597827898208525e-01
-2.386698586043643211e-01
-1.817637705665773040e-01
-1.136010100515578991e-02
-5.119988220330209949e-02
9.603901554518829049e-04
-2.123107862704115209e-02
7.135556971927185799e-02
-2.678110743251071318e-02
-3.084171593934514344e-01
-5.533511181526609146e-01
-3.530877678220324944e-01
-1.326820898539718296e+00
-2.543813172905337594e-01
5.196461655189633655e-01
4.784767924106699266e-01
-3.202372025422714485e-01
-4.239496256062141866e-01
-9.379497682511500622e-01
-4.790061999567971629e-01
-5.083217748353201226e-02
1.224276983106442895e-01
-1.262409647347537966e-01
2.700887226332475133e-01
-3.399764811158419442e-01
-2.442648159476866532e+00
-1.860834420084368279e+00
-8.065422245393750744e-01
9.486011501668996371e-02
1.971825379463373051e-01
4.886839707740072702e-01
6.238371328890476158e-02
-1.738324169710904199e-01
-1.809361288555650371e-01
2.574092745150810199e-02
1.115438227269381494e-01
1.556638122694098403e-01
-6.858011447164575891e-01
-1.218050660687064468e+00
-3.233389893613213828e-01
-2.188318056885252827e-01
7.626086182923887125e-02
-4.506951980439362349e-02
-2.364812197092447665e-01
-7.308013710518057073e-03
-1.274372946148716879e-01
-2.330681160437956922e+00
-2.202225140943612658e+00
-1.618955041981376075e+00
-2.938781980446969477e-01
2.413730319703615707e-02
-1.991874126074762996e-01
3.736138106411259208e-01
4.386451004887091942e-01
5.213138363002920439e-01
2.529459600063612701e-01
-3.304173107223948858e-01
-4.473450710417656850e-01
-1.464937071371674171e-01
-6.849380462477738796e-01
-1.934676088007816430e+00
-1.132535019120113118e+00
-1.063812869809573680e+00
-1.026801002615657987e+00
-1.127505423732998224e+00
-2.157606600345319148e+00
-1.633432628511397144e+00
-1.847326036661729676e+00
-2.322184805004598118e+00
-1.328158600516914811e+00
-3.436765285547085935e-01
1.664793407605303088e-01
2.144020433715338181e-01
5.162154133520026056e-01
3.843487221730164660e-01
2.193745003892519918e-01
-7.850529528196359408e-01
-7.158277390519535155e-01
-1.389796857611740877e-01
2.505857599046736051e-03
-1.855754137656235869e-01
-1.448053505002514951e+00
-1.097362687204692877e+00
-2.495764367237216508e-01
1.902535155181522830e-01
4.845417816692819679e-01
5.116872416172684179e-01
3.309918617190988344e-01
5.788044920803288029e-01
8.323943194778032906e-01
1.055950179060180183e+00
9.220068643971917055e-01
5.207152531211883817e-01
8.155025689195612992e-01
8.513176588386367483e-01
9.436689754654334905e-01
8.053160314503678141e-02
4.080365681125101007e-01
5.792222822782504554e-01
5.443442749257347835e-01
3.844140999617612353e-01
3.706219161810380691e-01
1.659856914425864305e-01
4.595127015193460340e-01
4.774059951742116170e-01
1.859108921077368692e-01
5.165446532211704911e-01
-1.681364389104612889e-02
2.459591359312824632e-01
2.924185574015029654e-01
1.074916404810810355e-01
4.716891806196285564e-01
6.030466131044305289e-01
6.249530754676050348e-01
2.840145785550501900e-01
-2.921427284708446592e-01
-3.868173374150028071e-02
-5.509874891336704605e-01
-1.486233090102216714e+00
-2.555084391406146516e+00
-1.034270734624824106e+00
-1.299076386495352509e+00
-1.761929712832949191e+00
-2.758205876154279590e+00
-1.027110396238725576e+00
-1.037880386048183751e-01
-1.212691069280305706e-01
1.581563860319560311e-01
3.921109130075370319e-01
3.342868425805768373e-01
2.498514858569819141e-01
-9.054841283802604890e-01
-9.984153656716486802e-01
-1.518341592426329656e-01
-1.908152369408611538e-03
-1.736901799898501741e-01
-1.913240389863721941e-02
-5.605316742803287955e-01
1.041998312184041209e-01
1.619313119253195932e-01
-8.167719050028589001e-01
-1.844032109417838017e+00
-1.065165869013098954e+00
6.159308460635435356e-01
1.958630270359345560e-01
3.485690217669173974e-01
5.323235508037926778e-01
7.911552890529417459e-01
3.448556224910627188e-01
-1.519013874110566986e+00
-3.845786358346596212e-01
-1.184410833414571707e-01
-1.404495306214154970e+00
-2.088681418150552804e-01
3.272202109994672425e-01
9.210493208487317840e-02
3.635542954929925075e-01
2.795718858439308341e-01
2.989250202950005653e-01
4.615066932529443000e-01
4.511410878005639447e-01
2.775123736672094332e-01
1.276716202542416134e-01
4.592845927533234507e-01
1.272932513590714909e-01
2.474921842315125908e-01
-3.941505666701741739e-02
2.404404475151351028e-01
3.463727793111328612e-01
-1.151647064994259617e+00
-2.490057894907100611e+00
-2.433508035998714458e+00
-1.029745869171430739e+00
-1.455499712982482485e+00
-1.374037093917087893e-01
-2.109105768711854456e-01
4.246058040163673830e-01
2.704904898535440139e-01
4.021607556394207195e-01
7.990483674502751876e-02
1.744308797557696245e-01
1.151549211409199219e-01
1.233582413257317822e-01
-1.050204331575210759e+00
-2.582660056950146776e-01
-3.208545278885820418e-01
-1.230061560296028977e+00
-2.489254794616980515e+00
-8.569657599742666054e-01
-3.001747265961104971e-01
-8.851412469626960267e-01
-3.825507760222009446e-01
-2.041666849775658488e+00
-2.122315900035696590e+00
-1.512206526007482621e+00
-2.997720063390548750e-01
-3.087981758825810163e-01
2.669883117885056903e-02
-1.200331611615595567e-01
-1.524709449971603792e-01
-1.234893937189415411e-02
8.042909016356451779e-02
1.128314529586999793e-01
2.581146463226436927e-01
-1.219968376098571561e+00
-3.772734366992711585e-01
2.364183653669388596e-01
2.577365806471595411e-01
3.427391042351815020e-01
-1.294645735838740319e-01
-2.825930644317417029e-01
-2.690706701721815031e-01
-5.612027879158076882e-01
-2.370858425888162646e-01
-3.484635985741491582e-01
-4.257166421745076090e-01
-6.025151306568394816e-01
-9.321337367998537571e-02
-2.112478473367231102e-02
4.584122904625760331e-01
7.614480228727439348e-01
8.081347303180530517e-01
7.284192069924916302e-01
7.060628651251229515e-01
8.606979119766786646e-01
5.665465855816773644e-01
2.351639413625628283e-01
2.622027992559435861e-01
2.208041414116750922e-01
-4.621234162940024426e-01
3.113310563959271748e-01
2.162914687676989189e-01
3.125384474465960349e-01
6.310403656741107037e-01
6.203773776661480888e-01
-1.320432798178344136e+00
-1.619908861435339853e+00
-4.189178688495024880e-03
-1.271065803422729124e+00
-1.314076064814810652e+00
-5.408085008606970945e-01
-1.008744066310368170e+00
-8.137176457328564316e-01
-9.516147931468289800e-02
3.174212641865956780e-02
-1.387890224640278281e-01
-4.045784553137385386e-01
-7.704589549874133469e-01
-7.274932955324710238e-02
-1.253282350800760225e+00
-2.327081705228488673e+00
-1.477021567366328281e+00
-3.371809933929808545e-01
3.413090223896124709e-01
1.624777638536571700e-01
2.925589068012473537e-01
2.946878178933720616e-01
5.394162730491136593e-01
3.405205902223667480e-01
-1.690959739897316960e-01
-1.116830668085146083e+00
-2.847894991277327009e-02
4.865999207719905462e-01
3.088688061442325661e-01
1.931180879527848171e-01
-6.456339178164821613e-01
-1.586879052288773240e-01
-2.783435369661468317e-01
2.402421261898969873e-01
4.475083379322271626e-01
1.235008585092283451e-01
3.881107777587564089e-01
2.759991267006536297e-01
2.294110042582598874e-01
-1.274026778316901254e-01
-3.531832201262876669e-01
-8.283348172354706995e-02
-1.731739454117542376e-01
3.045231541888980265e-01
1.481249132512141020e-01
4.082569274384228453e-01
9.535701920795171260e-02
3.760863547731700951e-01
7.605472126677420563e-01
1.102030363073139174e+00
7.504972235800542180e-01
1.078085062150447193e+00
1.163519830928553711e+00
-3.742207561197051224e-01
5.755895651954019421e-01
6.135536822388916178e-01
6.043783280845257400e-01
3.326429212011420278e-01
1.830410996493166964e-01
4.694987341114552071e-01
8.817777089525093148e-02
-1.505788552771289146e-01
-2.183872890323195204e-01
5.030824900939666333e-02
-2.501735645479053805e+00
-1.477261591293177245e+00
-3.137175754081319434e-01
-1.977763951766512152e-01
2.231857829809634763e-01
3.385470970238575461e-01
4.767818666651435500e-01
-9.158020755016365033e-01
-2.240835181559548417e+00
-6.911736332684027539e-01
-1.149545830955604142e+00
-1.374674575808015664e+00
-3.620446458563493786e-01
1.597997512049686708e-01
5.236632513496169983e-01
3.492780704548811843e-01
2.837833149147788725e-01
-4.792001975034601013e-01
1.809002213556705485e-02
3.004455943473137713e-01
3.073958543424077927e-01
2.655600985977724093e-01
4.926710845205641842e-01
7.315005421693261400e-01
3.238850000597537360e-01
-1.556421169883236699e-01
2.074203994643809557e-01
-1.011317792586955422e+00
1.466679709595684611e-01
3.208364961584004305e-01
-4.064701031010115040e-02
-5.592054514550068856e-01
4.249118307741797662e-01
5.234252571033779500e-01
1.785794496168052747e-01
-4.915677740824953568e-01
-7.962187231574043844e-01
5.678162290381344457e-01
9.399853941364992860e-01
-3.979086479006587185e-01
-2.313503404349147863e-01
3.097343388094348504e-01
6.865181859094356964e-01
6.963802009774292534e-01
4.221605151229658182e-01
-6.238091238331210375e-01
-2.318110103120182564e-01
-1.498864385331575011e-01
-1.255275893132427045e-01
-1.351398929776766566e+00
-1.552699490857795128e-01
-2.037279840402941855e-01
3.032598750909415442e-01
4.842073053360990142e-02
-5.230854894615368789e-01
-1.019081234682606363e+00
-3.037094370853380965e-01
5.246352358424223317e-01
5.187943571114365104e-01
3.802528791471327385e-01
8.165059572809022503e-01
1.092493088586092176e+00
-2.422871364932142890e-01
4.850399569228840968e-01
-5.083474695894565354e-01
2.846542010249407673e-01
-1.687007499876503336e-01
7.806067141632148099e-01
4.943705820080236402e-01
-3.251688111256157976e-01
3.191786584427879214e-01
3.397193053053667589e-01
2.542114816573401437e-02
3.673338087448668743e-01
-2.303432439267708576e-01
7.646346863523706405e-01
1.046368079878356339e+00
1.543436528505560679e-01
-4.153521111411159761e-01
-9.918447439253217368e-01
-8.330488231124281162e-01
-4.480518564875914933e-01
-5.530144435254562563e-01
1.135429215386445784e-01
-2.198804375702721400e-02
2.173233288174444833e-01
1.933085479447085031e-01
2.597060566220228683e-02
-2.989559722972697231e-01
3.385537326487769172e-01
2.047358072611001611e-01
-1.049860834895921524e-01
3.811294985420325965e-01
3.356893973078459506e-03
6.668396323264210723e-01
2.527375214983386062e-02
5.817083242586136294e-01
-2.109874314858428968e-01
-4.432812386823292705e-01
2.170790363608111895e-01
6.299096134330804675e-02
1.019265269387209794e-01
-2.265360102053816382e-01
-3.334946055754792749e-01
1.962739724281679921e-02
4.221141951111002655e-01
1.700998809803754563e-01
6.650430498346846520e-01
7.143494186142542723e-01
4.016620791863039219e-01
7.842396756850410489e-01
7.245824239536403644e-01
1.073297237031956008e+00
5.367724941229944369e-01
7.826453392945601495e-01
-1.000636192676077840e+00
-2.551034483935800401e-02
-6.704632395742736728e-01
-8.568964493269468075e-02
2.729417663188457577e-01
5.019031862207037342e-01
-1.105055177184768589e-01
-4.751979137672796560e-01
-1.146298428992423402e+00
-5.646590474337690457e-01
1.341945009412386647e-01
8.724335765754097360e-02
2.876460758814464724e-01
3.462272702274165059e-01
-9.472678602526199421e-02
-1.330107526018384501e-01
9.451488197951746217e-02
2.581600140130370091e-01
-2.059106880261994121e-01
4.884640027857135580e-01
2.681479274178782402e-01
1.135118564545638309e+00
9.715819183886184041e-01
9.608945244701926347e-01
8.867944450957020441e-01
-1.187829843451943951e-01
-3.869827529043300407e-01
-2.975160303387426874e-01
-9.098900502490887832e-02
-1.716619245069274380e-01
3.803098729759559760e-01
6.361684932257268832e-01
1.012034133705606909e+00
1.033449786808518400e+00
1.151747462211476947e+00
1.131868548814336517e+00
5.316318798474578555e-01
1.053119309359121347e+00
1.050395853006010016e+00
7.669028752457456299e-01
4.564287053783780967e-01
5.027835221711399738e-01
2.092063923881979093e-01
2.319450717246032134e-01
5.078938940650025158e-01
-5.497495494942691296e-01
-1.031400554176035295e-01
1.169523280078729605e-01
-4.847259778797184948e-01
-3.642297576732921316e-01
-6.075261636066674464e-01
-2.148982381092235106e-01
-8.384995891469850804e-01
-1.383587681004264658e-01
-2.260317453939960156e-02
1.251803644056729559e-01
1.965226438026169420e-01
-2.542604142580030535e-01
-6.076011632192013928e-02
4.777870481989203444e-02
-3.567474084305699011e-01
-1.046685366244470172e+00
-1.749751346645355587e+00
-1.083867538370519634e+00
-8.078136436651747188e-01
-4.061893379156957251e-01
-2.030542345244006619e-01
-4.070487909485193123e-01
-3.952130671469124001e-01
-3.478969289895951222e-01
-1.643348087980830430e-01
3.565247848424123178e-02
1.509798552603517918e-01
2.670641477303779543e-01
-8.717810405278150765e-02
-3.775886161781592115e-02
-5.292636389538095398e-02
-1.444894009843673000e-01
-1.398859969347395205e-01
-7.268277663392090915e-01
3.178192600412166891e-01
5.353023687635642958e-01
4.651990088686485114e-01
5.892289734774416310e-01
4.914592391999406673e-01
1.124856045638054497e-01
2.796072678425504665e-01
3.671982760753857988e-01
6.407044647644515312e-01
9.498720553956604418e-01
5.063702738011914839e-01
5.853489020518107822e-01
6.031022478015425348e-01
2.725359433689396593e-01
-2.290298092994138279e-01
-1.929594406542683993e-01
2.320293912197078992e-02
-2.413113403057132178e-01
-8.746958663997927985e-02
-1.152662800588357822e-01
-1.145408941485528631e+00
-1.209395200955433625e+00
-1.351263769455206987e+00
-1.586138001892563487e+00
-1.510779199305391174e+00
-2.141133553038504278e+00
-1.575211223052565890e+00
-6.221597895819622748e-01
6.259119808356534975e-02
2.215793289200331806e-01
2.989466767119605684e-01
2.242585626333316873e-01
2.199003269732502375e-01
5.484447722901847344e-01
6.636888959800982812e-01
3.915851976125396816e-01
2.567107140134662902e-01
2.412355790442896053e-01
7.053401517635575491e-02
3.380604752750365760e-01
-1.613611672100022376e-01
-8.670376979236170401e-02
3.361126332811560369e-01
2.665667473514354846e-01
1.090445863990599507e-01
-6.711534514432503373e-01
-3.096176418980361653e-02
-6.085501816588503865e-02
5.092136409302111533e-01
3.811936399471470560e-01
5.320385457667642370e-01
6.696987850999440717e-01
4.442145652112601262e-01
3.255849855217243238e-01
5.773964406699427787e-01
5.349005166955503876e-01
1.104388832374186696e-01
-3.840686916121336392e-01
-2.824543007949787202e-03
-7.606665663365803631e-01
-1.906776691691088321e-01
-3.781138197775993914e-01
-2.908653537153275126e-01
-8.684651455109625440e-01
-4.194886418071593348e-01
-5.585872943795821000e-01
-9.070016178677383634e-01
-5.038898184540495651e-01
-1.232507300340656586e+00
-1.971588773509425518e+00
-1.380849881447032690e+00
-2.026426524288128750e+00
-1.555831340259091533e+00
-1.459398809340565872e+00
-2.448013809177482791e+00
-2.529874513539486003e+00
-2.531455823731254995e+00
-2.779433505902541679e+00
-1.909994004418202884e+00
-1.054243185506257285e+00
-3.521467564445965315e-01
-1.502328481200409183e+00
-7.101150299581244774e-01
-1.706433828775669959e+00
-1.951424154457068294e+00
-8.149626156292383294e-01
-2.301482146636232073e+00
-1.550021783490164173e+00
-1.026198876728122711e+00
-3.891771569288234311e-01
-6.485099506814665515e-01
-1.130290519629274071e+00
-8.509386919246876291e-01
-1.583010403219332396e+00
-1.523053225720329973e+00
-1.166692585296272400e+00
-9.290165622026892445e-01
-9.882039107758359142e-01
-4.771906661809287575e-01
-3.010100992629369254e-01
-2.984691526403135953e-01
-4.116544008040480263e-01
-7.942031436396577992e-02
2.989970352962196265e-01
1.508350246271004946e-01
-1.211300174208964769e-01
-1.428423051846813563e-01
-2.762404766637104325e-01
-3.336698710116198230e-01
-1.585721254847246575e-01
-2.293005197176400944e-01
-1.786587092444629432e+00
-1.951124873510254210e+00
-1.008671510267810989e+00
-4.532354031004821038e-01
-7.823972859120080781e-01
-5.069107727832613541e-01
3.929702751206004541e-02
5.781353203264239134e-03
1.129047118113674919e-01
1.995167968770114320e-01
2.381593368250478349e-01
-9.997555826676108870e-01
-1.553655598663710169e+00
-4.673962799379025590e-01
-9.593082258892743353e-02
-1.099287748917560537e+00
-1.045090488444067711e+00
-1.324590329302462122e+00
-2.067307693270039159e+00
-2.088778611038352828e+00
-1.324794537457703258e+00
-1.235611808375231657e+00
-1.253946107728163506e+00
-9.911641292679708171e-01
-8.257213046489420005e-01
-3.485514631332407576e-01
-1.022742529046893473e-01
-7.559953306677960061e-01
-7.885652407103823647e-01
-1.279539610517299586e+00
-8.359795930975814082e-01
-1.064737389631203124e+00
-2.487927892898949556e-01
-2.780402496135531698e-01
-8.241102207462209783e-01
-1.143152293230635663e-01
-1.234140968681886497e+00
-3.685044576425612894e-01
1.077650376580575192e-01
-1.165520887763435764e+00
-9.473559396926105602e-01
-8.450062182471329564e-01
-3.834919212792131105e-01
-8.019543031752420781e-01
-1.729453117216001923e+00
-1.016122166676058480e+00
-6.637951429544425297e-01
-8.329061417907895892e-01
-1.016843772679470348e+00
-5.710237077972387665e-01
-1.512956443324314337e+00
-1.850254633729736531e+00
-2.483343541588336034e+00
-8.091827446759252140e-01
-3.214893057459839998e-01
2.005043346743977037e-02
5.179506723160663961e-01
-1.053906649716484373e-01
-1.416085815043200968e+00
-2.351841257165181442e+00
-2.501672612425309250e+00
-2.790754178005544706e+00
-1.744558441192701759e+00
-1.683598592306708053e+00
-1.297192652770565946e+00
-1.666054303190225738e+00
-1.213508294749844785e+00
-1.905129666506987673e+00
-1.195245930987700822e+00
-1.908743323705100581e+00
-1.650520316651244102e+00
-4.385352915993268041e-01
-1.110013808239750516e-01
-2.873231599025278804e-01
-5.485580599377147815e-01
-1.723101893576063290e-02
-9.842334550437279450e-01
-4.928264978461945889e-01
-4.516614705793913775e-01
-8.291166854767639816e-01
-1.234170329379316478e+00
-1.462115878798031510e+00
-2.326549251696395704e+00
-2.459327803779935095e+00
-2.173089838283054132e+00
-2.227356176465532300e+00
-1.756013247793543064e+00
-1.049685526003087510e+00
-9.600386076407257940e-01
-7.865756866610680298e-01
-1.005207731545692429e+00
-8.017544171435961875e-01
-3.354884293837476772e-01
-2.538510217205453556e-01
-1.250167962427144008e+00
-1.477810463623087545e+00
-1.998375516418960718e+00
-2.193682015812512098e+00
-1.320225061982156722e+00
-1.534632752373508824e+00
-1.988255651619298403e+00
-1.770485467625854792e+00
-2.063608717994835029e+00
-2.311480350375755055e+00
-2.167256430929702216e+00
-1.870332888833833751e+00
-1.495506095484607778e+00
-1.912758494718151514e+00
-2.264814213953789235e+00
-1.955269724043762425e+00
-1.429922712669598361e+00
-1.083809448670611353e+00
-7.064746346462361659e-01
-9.703430445052481090e-01
-1.735899205645082821e+00
-5.649409849035349485e-01
-3.690624326025558899e-01
-2.047470315016871045e-01
-1.383314129379369650e-01
-3.541400218900718766e-01
-2.125913627200147482e-01
3.095098568178699661e-01
-2.867577458736755291e-01
1.432049561467557131e-01
4.208049596559159111e-01
4.126529751973107008e-01
6.572710199329492298e-01
7.378356999644467562e-01
7.258468391542403086e-01
4.585482383530594674e-01
4.555005306943143428e-01
-5.202196213483739617e-01
9.453565078562889412e-02
-6.886271739443485806e-01
3.297221451454178665e-01
-3.138393761355421918e-01
-6.304049443368212047e-02
7.735870506897592203e-02
4.241850061442457021e-01
2.896019133214828845e-01
-1.486246077421392864e-01
-3.545112983891392511e-01
-1.131366925936771350e+00
-4.139883963849196880e-01
1.885636151099696900e-01
-2.962208331725972865e-01
1.520924577647208564e-01
-4.114809003674377297e-01
1.636319784106311237e-01
4.105924780472840485e-01
2.972924280435392808e-01
2.622202047980994322e-01
3.327078085801913332e-01
4.423707158743913070e-01
4.225631563849698846e-01
2.045073735940355353e-01
4.034974336444570597e-01
3.570572941969354930e-01
3.831111590554766577e-01
-6.795540358814395887e-01
-1.462053755627274354e+00
-1.785565152565545821e+00
-7.387369386252785608e-01
-1.214503727869414851e+00
-6.485322744400955353e-01
-2.967268368211599394e-02
2.104814879228365243e-01
2.006775655394795188e-01
3.603768761743886828e-01
1.256656382685767681e-01
6.783680793140539622e-01
6.329610161865272255e-01
2.595004711690001020e-01
6.816636747558815212e-01
3.917504501192334843e-01
3.851070695721502957e-01
5.168937387144419970e-01
8.779879150998011195e-01
6.936296800469744506e-01
2.771327926125211616e-01
5.852636746328523376e-01
-6.820647897037531715e-01
5.738531898497083172e-02
5.121024207341123846e-01
4.890554603483488472e-01
3.204146524182731048e-01
2.676093064152373358e-01
1.923481851385657193e-01
1.865640689331309887e-01
1.228278698620488274e-01
2.247820242106930433e-01
1.078497253435864167e-01
5.523209270509448210e-01
7.157534533900751228e-01
-4.073153006036041024e-01
4.385393039126052050e-01
-1.523161711057345213e+00
-3.987839196309458378e-01
1.350644209206367519e-01
4.569048067552451409e-01
3.336688898209204113e-01
6.585889508093795142e-01
6.282352865998689362e-01
-3.196476404067274957e-01
3.166423086249655627e-01
8.580910661724746591e-01
8.768352429786716584e-01
6.019448161131406572e-01
-3.788104239584428878e-01
-1.038158071750931777e+00
-1.974050903979712057e+00
-2.228398034204655431e+00
-5.102198251960957665e-01
1.733805833150378339e-01
3.381231863486438560e-01
-1.408456096157381099e+00
-2.213926067351584148e+00
-1.973075724592219693e+00
-8.985544421105609025e-01
-9.226258507793293484e-01
-7.924366667943677500e-01
-5.042631383100351083e-01
-8.061483784781804385e-01
-2.494643275194883547e-01
1.028229081999597061e-01
-8.135515221253398696e-03
2.833437720438418683e-01
1.777546114259528076e-01
2.596473002316979084e-01
3.793279291978280399e-01
1.178066271283070149e-01
2.968020704352791750e-01
3.563911497086390545e-01
5.272289941658599988e-01
6.081140766816136578e-01
6.318973048543010673e-01
6.748211873093409308e-01
7.684926192447627535e-01
-3.519091531787710836e-01
-2.642777484077105110e-01
-1.859340754320748246e-01
-1.634977389571263817e+00
-1.858082983726758286e+00
-2.732554339455571579e+00
-2.855926526747273098e+00
-1.085371417828585372e+00
-1.254685611065612938e-01
2.265477446379918491e-01
3.716064217856352991e-01
3.724065302629068763e-01
3.056673717669126655e-01
4.402563243755432398e-01
5.128419676242067515e-01
3.569254409240845693e-01
3.567777600828859197e-01
4.227941500801781216e-01
7.819969614420326648e-03
-3.598512101760349413e-01
-1.465388105310654110e+00
-1.803267109062455686e+00
-2.053962498749488219e+00
-1.760000978099643953e+00
-1.222536217385461699e+00
-1.088211670994405633e+00
-1.000473155011931015e+00
-1.964800570076555619e+00
-1.260501345308426835e+00
-3.982653800833562130e-01
-7.086323246431830425e-02
4.559434397042254061e-01
3.159460106493103271e-01
1.059864392099944264e-01
-7.653369916652234817e-02
-1.251083778106484024e-01
-1.686116783474393976e-01
6.912409213910698617e-03
3.305219702030365303e-01
3.371132003823127943e-01
3.397863488129416187e-01
7.250902159023926707e-02
-6.521273770866452546e-01
3.704233640494937752e-01
6.403570156832558702e-01
8.908124183244984229e-01
1.032582256249953589e+00
1.036361281531407608e+00
1.032352641671209659e+00
1.049169702656389536e+00
9.920630887377793750e-01
1.254709766880894195e+00
1.339708654966965229e+00
1.320538992772464226e+00
1.322013839295357762e+00
1.333577732795219406e+00
1.372317090120071414e+00
1.273082553485907820e+00
1.409783568750273997e+00
1.498043212311530148e+00
1.374632511539510604e+00
1.426384430688113270e+00
1.496701213478613735e+00
1.626242558872430966e+00
1.210983772492761457e+00
1.629260100449636317e+00
1.488929721271404327e+00
1.347691427414683840e+00
1.279810919298655980e+00
1.321855008235495399e+00
1.336402067358695156e+00
1.343412890110407654e+00
1.451280029697559204e+00
1.322207529818881566e+00
1.514366873667077673e+00
1.188690891822258067e+00
8.696738843708258226e-01
-3.039851520577812050e-01
-1.763397984387645279e+00
-2.364382134124741519e+00
-1.989060811687464625e+00
-2.358518509643486194e+00
6.248026067228160813e-02
3.740495690857651989e-01
4.348815277858405492e-01
2.818314011660363327e-01
2.695609293174556775e-01
3.704832209148500866e-01
6.080858021846258232e-01
6.014419054278384857e-01
1.417178711014999426e-01
1.674821114750918993e-01
-1.787915449402633361e-01
-2.123771526756927999e-02
2.093906614545197054e-01
-4.084843670942318594e-01
-5.811400645021477240e-01
-4.112992219287692208e-02
5.535647860098663608e-01
6.207781563199875619e-01
3.129746808044668871e-01
6.133426732022512207e-01
5.042682367958782885e-01
7.639621978870141383e-01
9.284539352961289627e-01
1.117763190789997196e+00
1.182021731859041136e+00
5.561109101176338054e-01
9.788750371973380382e-01
1.196760672277803694e+00
1.283696074941665266e+00
1.127971826699397662e+00
7.842750333144012931e-01
7.720563620977520802e-01
1.089661715989208135e+00
9.589221130128718906e-01
1.011153486566795934e+00
1.127642740706854330e+00
1.274028343699504129e+00
1.153722975765107739e+00
1.097880857216413597e+00
1.170618513641213054e+00
4.367085045755345063e-01
8.345808711835166482e-01
9.222536448351935645e-01
-1.407403776910998383e+00
-1.093837104676405270e+00
-1.221754082947946740e+00
-5.527544763833935892e-02
-9.182712890465950517e-01
2.002356046192367012e-01
3.950300266648997249e-01
2.281058585886000245e-01
7.699081131371405817e-01
7.445787501679569376e-01
1.030882833897521111e+00
1.213670861308070004e+00
1.286152122681069043e+00
9.252070594792403124e-01
5.940420384421776223e-01
5.542295383871445047e-01
-9.687606674119234595e-01
-1.452702611256591503e+00
-2.164092921266651537e+00
-1.973855490942000523e+00
5.869960646545707705e-02
-2.086068283424925340e+00
-2.165375583911165691e+00
-7.948895464842316017e-01
-6.010173323556404767e-01
-1.858390249643089520e+00
-2.800050720996871689e+00
-1.941719303200982072e+00
-1.100117417466850434e+00
-5.138490898652241512e-01
-9.381264018885650258e-02
-7.578454201577106142e-02
-1.689312873520397718e-01
-6.797150943138831058e-01
-7.982723967221875272e-01
-1.422165255450422716e-01
3.523269133409278053e-01
5.960435212258547999e-01
7.323861989841133902e-01
8.156056018301258703e-01
9.103894643295992184e-01
7.375011464516376680e-01
8.197417259179075044e-01
1.359737352901431162e-01
3.969619042874473758e-01
-2.608551484880168303e-01
2.688479964647993437e-01
3.246734196177472054e-01
1.945732168048728838e-01
5.034188587559965677e-01
7.121553998116852968e-01
7.568349261474934808e-01
3.176397545621679197e-01
9.439026243536576821e-01
7.484828508708526451e-01
7.285808039769038347e-01
2.252073623949158443e-01
3.159874500078633242e-01
1.499498328956631044e-01
1.663150259615065185e-01
2.221975588082754638e-01
-1.375740758656560647e+00
-9.648964495902527805e-01
-2.073663598142577058e+00
-2.092844076303375100e+00
-1.168787804273594189e+00
-8.714441237105851057e-01
-5.925187424470584885e-01
-1.977438672954023202e+00
-7.909915285410432650e-01
-1.383644822290742482e+00
-2.049584740193298060e+00
-4.271706955997845445e-01
-2.265231889652410402e-01
-4.649510248802602996e-01
-4.619671482310380717e-01
-9.849892469724197408e-01
-8.885086239427916199e-01
-3.165491929453813358e-02
-1.063132471403225532e+00
-1.497036424039569713e+00
-1.893185695262916468e+00
-1.557716475056411420e+00
-1.683476377104550670e+00
-4.942901541265620202e-01
-2.322930339392534904e+00
-6.959548546188918383e-01
-1.812519378150680316e+00
-1.604602135557281706e+00
2.897587978935461592e-02
8.412392703134530247e-01
1.071226918294637231e+00
1.094370016404347945e+00
9.784146793799226582e-01
6.031754747313710086e-01
-3.895007909600226026e-01
-1.279403609592502322e+00
-5.518092630718138825e-01
3.109057914113556587e-01
7.077785187366992803e-01
8.006546565998845510e-01
-1.518116463245144709e+00
-2.612030548114754325e-01
3.560871055772006910e-01
3.831344530780289581e-01
8.721415328012466217e-01
1.007216608841682737e+00
9.539958660948217872e-01
1.145172347786483691e+00
7.568188029185810572e-01
1.002574089989525685e+00
8.452020738455641169e-01
6.778654545108235840e-01
6.399113095306565580e-01
7.036798945339458600e-01
-6.502279886945798726e-01
-2.513932042891680041e-01
3.394739506198936052e-01
9.055325141063367278e-01
1.332329393461388622e-01
-5.831260073073307737e-01
-2.459951899256546337e+00
-7.027851746634717900e-01
-2.617706083553960061e-01
-8.319933275530703165e-01
3.613855881690499761e-01
5.358213188101481617e-01
1.872685369769514496e-01
-2.584181880655833097e-01
-3.118563529030268788e-01
-3.156100680313770335e-01
-7.463344016496593625e-01
7.622588453247142182e-02
4.003751402112666335e-01
6.785340017845838956e-01
4.137387489957929376e-01
4.346986092304763183e-01
5.258747038758027070e-01
5.586128859170498284e-01
4.665295768790548858e-01
-8.981833042354004926e-01
-3.770974545878010842e-01
-1.562078119269617815e+00
-2.226416823145179968e+00
-2.466595621173282016e+00
-7.146762877687325988e-01
-2.287905878036088136e+00
-1.766286743813390847e-01
5.136642245718071598e-01
9.434863747565704895e-01
7.648814592959076730e-01
3.912644269752205695e-01
5.182164972763113608e-01
-3.385684408637656406e-01
4.789527138779290372e-01
5.633573054710074857e-01
4.053431443805418644e-01
-1.079207044056045950e+00
-3.142113492571061428e-01
1.755788858799449959e-01
-1.344386388728060211e-01
-2.464133892998627395e+00
-3.796397732756229826e-01
-1.338833328742388584e+00
-2.100322793407699284e-01
4.231934621426033383e-01
9.928520507074610757e-01
1.065441191905646345e+00
6.968882643470191152e-01
-1.479748868777964299e+00
-3.740455110564161467e-01
4.078058565812047731e-01
-2.959199797043677790e-02
-1.737206065425000556e+00
-1.650215030373533287e-01
-5.167384856094305867e-01
-1.280250825999454056e+00
2.432536851226727859e-01
3.610380209008154928e-01
-1.963270190023343131e+00
-1.869134677885936568e+00
-2.489548430211253383e+00
-1.848258676232071629e+00
-8.022498333532256387e-01
-1.063726682184306327e+00
-5.518023752910904411e-01
-5.263461615139398697e-01
-6.255125967812131815e-01
-4.971461236006919915e-01
-3.687667863890970454e-01
-1.212675183305480658e-01
-4.529929683509416605e-01
1.394496706153336985e-01
1.100540945410498905e-01
3.636966564455152984e-01
3.323745981456316390e-01
1.977970844663844152e-01
-2.009081494289620962e-01
7.866666310144686258e-02
-3.091060683770984752e-01
-1.338311657144523492e+00
-2.405212946376722449e-01
-3.483632130988122966e-01
-4.630626479886124081e-01
-2.065758564189334179e-01
-7.648298153542055777e-01
-5.238471776645802214e-01
9.742856271196229795e-03
5.446849313555284233e-01
7.292191678249270170e-01
7.530238805571780603e-01
7.219283202010853273e-01
9.245917279305908565e-01
1.978203486177563253e-01
-2.061183842150830503e-01
1.592293399546204982e-02
-2.846804953604815114e-01
-2.027451929446693613e-01
9.581575051535880239e-02
2.328081134784340533e-01
1.041046290252292672e-01
-3.954427268152306829e-01
-1.280302452378179745e-01
-1.633520768764028963e+00
-2.764910945108135287e+00
-2.549792121218823482e+00
-2.716753518804984502e+00
-2.636241221725651673e+00
