4.282687085047223730e-01
3.012484263843516752e-01
5.293174193929035820e-02
9.865884882166768566e-02
3.101730134633534086e-01
1.716715514553524280e-01
-1.643261811955110674e-01
8.800109019352600481e-02
-4.375312433011509239e-02
2.411924711967430024e-01
-6.985982718721461815e-01
-9.337146396371487356e-01
-3.665484939042151780e-01
-1.800743493982192439e-02
-2.673933123547431179e-01
1.319538234025416923e-01
3.525214068270469681e-01
4.463101813898285863e-01
2.792955599808605860e-01
5.030436727105502825e-01
5.176992609294112091e-01
4.089021639844004352e-01
6.339910279754313871e-01
6.950235854397308621e-01
6.753165693063274411e-01
6.161678554860906543e-01
8.491683730879134862e-01
4.216227251461718284e-01
4.019121763391651503e-01
3.333220104704001652e-01
2.689990265959171789e-01
4.453124098009260678e-01
4.880544974460664931e-01
5.396637974397783255e-01
4.401141581478529297e-01
2.128413974895013439e-01
5.416453503629365951e-01
3.282718910229058817e-01
3.165489527079960452e-01
4.893165907713405982e-01
5.425594215798350550e-01
7.344624123047089892e-01
6.298344279577101634e-01
2.730684344476198011e-01
3.764561166546565585e-01
9.868266816878110137e-02
3.968160754911436716e-01
4.486009261075987742e-01
4.261158589532309526e-01
4.588052736237146489e-01
3.767385109423287415e-01
2.660904305018050864e-01
-2.124081315209411513e-01
3.186414696361011267e-01
1.009027142336507699e-01
3.105158139675152640e-01
2.725574524624572725e-01
8.348034865848963371e-02
7.232947288829465471e-01
6.376786117984355462e-01
6.419743169694341889e-01
1.584384757730945004e-01
6.261574109392037402e-02
8.073141860636347256e-02
2.137201949188851646e-01
-2.140030021658382436e-02
-1.309755283216122723e-01
-2.885869797170867446e-01
-6.355163703114553586e-01
-3.980261369423970241e-01
-8.297351429314900328e-02
-3.883125717321252446e-01
-3.621817838321467892e-02
-3.404906765252758288e-02
4.590503106904899600e-01
-1.370191937534928073e-01
1.715086536973141063e-01
4.133882784379407371e-01
6.228913587263550378e-01
5.430685714082335025e-01
5.712941928007541081e-01
7.692652696744397556e-01
6.774446890108073438e-01
3.272801407913870086e-01
6.839154244376869363e-01
9.655392730571120685e-01
1.039452401944972904e+00
8.785986871998335834e-01
8.435127699586708605e-01
1.005171539972123274e+00
1.136885241344806952e+00
8.691053533017847332e-01
7.113323737650316669e-01
8.945738281098566391e-01
1.870263463341893251e-01
2.993103825103130555e-01
4.389870088899594514e-01
6.156861770828081504e-01
6.076217761533477812e-01
5.561576703582341574e-01
7.437282590263190052e-01
6.915149026945295319e-01
8.445576953524756014e-01
4.980133710435842298e-01
7.002300955731853849e-01
9.149127387554191193e-01
1.108357135921690162e+00
1.155554749003412374e+00
1.147064676572289610e+00
9.466270570912128646e-01
9.312278938478580903e-01
8.203399884186057811e-01
1.075481963865741575e+00
-8.370452220889863792e-02
-3.544225987590656768e-01
-2.463787935425336417e-01
-2.379789101439624688e-01
-1.663697018137406392e-01
3.877648200439058612e-02
3.171103401651807485e-01
1.692155206136539691e-01
-6.262989345252542583e-02
-3.022531285575371651e-01
2.214833373493366175e-01
2.764194329224624047e-01
1.819665237578176331e-01
3.589466265271086254e-01
5.042611793263569453e-01
7.657279425549349261e-01
4.239691549985016850e-01
9.755346679075992400e-01
1.213944752613752343e+00
1.152318896388608183e+00
1.016646399404848466e+00
1.095098013146415639e+00
1.326585953372431348e+00
7.874095261110581889e-01
7.631487863423821461e-01
1.208057015249209609e+00
7.090468896631908491e-01
9.180639552124713054e-01
-1.169908102534087391e+00
-1.267111645173381484e+00
3.066258736556773945e-01
7.989458554625070708e-01
-1.143783329602446219e+00
6.080839723231271643e-01
3.991035560069653987e-01
7.497322241153967504e-01
-2.274528900216631122e+00
-2.576674696717782265e+00
-1.583699914146810883e+00
-1.130925471504311330e+00
-2.074495674630248754e+00
-1.635552021879085105e+00
-2.107371300019870386e+00
-2.358188654847025667e+00
-1.826459935900992981e+00
-1.564341791457886321e+00
-1.776636049932924122e+00
-2.957351139475888679e+00
-1.866447907010995833e+00
-8.167941256219863888e-01
-1.626765474878739404e-01
-8.123178484749520034e-02
2.778868857618834731e-01
5.261823754969401357e-01
4.591635310052277763e-01
7.491586088886343919e-01
7.593955263089975372e-01
9.375790536685238985e-01
8.077630652205760597e-01
4.962976828213109814e-01
1.093270566066989913e+00
1.148608638411531269e+00
9.504043084593046808e-01
1.021614077326419512e+00
1.262891093869201509e+00
5.310506415317988171e-01
8.513226375350898545e-01
6.485160903607762872e-01
9.712266343405291380e-01
1.045986634218872835e+00
-3.896411096227285487e-02
7.217013666926449522e-01
7.333509306425058938e-01
8.479569104505612076e-01
6.510616915267963822e-02
6.552605026443604208e-01
4.837650469704953826e-01
5.792585911062871906e-01
8.855859214945501767e-01
6.911606342165600436e-01
3.917320473148636073e-01
6.316517549491720285e-01
2.364143731876900967e-01
4.719589593892003360e-02
3.653314034810696831e-01
-8.569336201888342330e-01
1.630909187662050175e-01
-2.236145654516935866e-01
9.459917236434434162e-02
2.116273385651743777e-01
-5.570125318017065119e-01
-5.747606629405599410e-01
-1.819591299576729382e-01
-3.588229908735084961e-01
-2.107819235459737206e-01
-3.495094992466866168e-01
-6.631580797811352790e-01
-2.122453379908802784e+00
-1.258425303345419577e+00
-2.747759255818960633e-01
1.145170966161443843e-01
-7.274746345683295867e-02
2.333041245338224046e-01
2.051578215893898605e-01
2.723968441340376967e-01
3.472633103542672739e-01
2.264027997417354388e-01
6.210435288807554244e-01
8.765163870680812153e-01
-1.558245842073183729e-01
-2.320242825598409997e+00
-5.846358442636403474e-01
3.580593539314755880e-01
2.437050953379797102e-01
9.023304665519354950e-01
4.632326777944607010e-01
3.745478412536307200e-02
-1.005503093671430842e-01
-1.311034316256708632e+00
-2.127639813506251087e+00
-1.505688890774277144e+00
-1.033999615438119024e+00
-8.318416205474619129e-01
-8.293333279147214743e-01
-5.825100003655805936e-02
-8.106529756003676146e-02
-4.935045454519965819e-02
1.653525866311343906e-01
3.303872017554690954e-01
-5.548459811389705454e-01
-1.572167023631698468e+00
-1.813773289007634792e+00
-1.123941816341508915e+00
-1.032157105764564875e+00
-5.320777293443442746e-01
-7.846690928037932666e-01
-1.712601617723420178e-01
3.708429603836693733e-01
6.870415255175303937e-01
7.590203239319995299e-02
9.544318356304071216e-02
-1.021777759363042160e+00
-1.371040154614492357e-01
1.673667180438113689e-01
4.490785715850697524e-01
-3.477333818974667756e-01
3.996298094643559867e-02
1.130903781779104000e-01
2.399286320692465280e-01
6.716328395939583640e-01
1.888459486961457934e-01
-4.704868788796710832e-02
8.295705812945376456e-01
9.491788367074723842e-01
4.513299809912768024e-01
4.152151720306000438e-01
-1.964047138763940492e-01
4.351419293104099584e-01
-3.453468485968547719e-01
6.512895405570728879e-02
-5.323696048119971880e-02
-1.773552993955576640e-01
-6.209246513063340078e-01
-1.161337419326398737e-02
-4.793651889565541113e-01
-8.242688154275175094e-01
-1.015578637778924209e+00
-4.673932765774501674e-01
-1.026231739391567421e+00
-9.362534519242636799e-01
-1.079834991273446176e+00
-7.445107684357702427e-01
-1.054661091239708304e+00
-5.685173824296675393e-01
-1.319934373770648151e-01
-4.414197503598848299e-03
-1.303143184763056128e+00
-4.983356890594875521e-01
-6.544989605806819100e-01
4.886554708501712752e-02
5.999534741059352472e-01
-2.209859341800179608e-02
2.268533514737953449e-01
2.659693577502258433e-01
7.210614213141834927e-01
7.412149795393430107e-01
8.427639278385530286e-01
3.099263535552199134e-01
6.206451916434048144e-01
3.533972126969773392e-02
-7.268952129261717632e-01
-1.680971467662545571e+00
-2.431675962473126340e+00
-1.151717921730802452e+00
-2.519199521280835352e+00
-4.498040333501417409e-01
-2.782938875433584425e+00
-1.607572960551130192e+00
-5.733540955758629210e-01
-5.975100448662216124e-01
-3.344011713513616590e-01
2.709238921232273167e-01
2.043430743131825211e-01
3.627111826042305198e-01
5.691952001397387884e-01
3.642299314066402283e-01
2.741603883352092819e-01
9.541785595787793950e-02
3.099894160450671343e-01
5.103307227991918937e-01
7.467755411401315602e-01
9.036319312071079413e-01
1.801170814750687466e-01
-2.259684796598736334e+00
-5.679793660286103218e-01
1.756708679944957441e-01
-2.350182868305613848e+00
-3.628373662551148127e-01
-3.935523071897725073e-02
2.131298665775651913e-01
1.006853770269646418e-02
-1.634819345948992364e-01
-4.913768724727239912e-01
-1.755070903727022971e-02
2.390831627436418583e-01
4.571147543941543323e-01
2.335046837055030078e-01
2.688748014070309056e-01
1.676032978859169353e-01
5.680873130657382308e-01
8.605253619958954658e-01
4.413914772998436264e-01
7.352476042203353046e-01
8.829968825567289237e-01
3.634286581954122575e-01
5.047741893621623399e-01
4.327432306641165183e-01
2.697457753322564655e-01
-9.583341608756141411e-03
2.414878802414225922e-01
5.965329410167113933e-01
-7.968105208357146862e-01
-3.027135528341219906e-01
1.271237089757260574e-01
-4.239480896867247051e-01
-1.950189986701729161e-01
7.348907037919620855e-01
1.017144415621369591e+00
-4.896924691516004180e-01
1.667782253409567372e-01
6.910026268848390441e-01
2.485977661064441846e-01
9.599719210679878989e-01
7.521072382532537626e-01
3.422227070497948498e-01
-1.810424169452023307e-02
8.175673958095074356e-01
1.530877339522371594e+00
2.416387019331140418e-01
5.257307201815404341e-01
8.086203983019973895e-01
8.044049989103253528e-01
1.059780750508187097e+00
7.284994935209316846e-01
1.153602679281154453e+00
7.565162469772608311e-01
1.001636974459975266e-01
-1.975455722423829774e-01
3.482680328476779330e-01
5.598390848231274974e-01
7.715269377958411390e-01
7.196472412523460260e-01
3.540780301418675613e-01
6.966742034248865068e-01
9.836051275515903525e-01
6.921618223265464387e-01
7.741784214118930807e-01
8.083692333112332262e-01
3.120637081605235341e-01
4.761002587192803004e-01
3.783335439837909875e-01
5.729413264299968445e-01
-3.483113050781705411e-01
3.419410897382181291e-01
6.772330699660604747e-01
7.197349575443511283e-01
5.064176334980342586e-01
8.481596898594280509e-02
-7.836739011387235943e-01
-1.259094141117643173e-01
3.112229978725074564e-01
4.301886860883661901e-01
-2.507222296233738157e-01
6.625901376713455582e-02
-1.511701798501206839e-02
-2.364874348448643138e-01
-1.795228949336904689e+00
-1.532730861203602135e+00
-6.401667152462550137e-01
-8.489063551054967793e-02
2.090296900758148446e-01
1.015195178260959626e-02
-5.572713047292572330e-01
-4.331614545171407205e-01
-1.240542501497192002e-01
-4.548424537135440371e-01
-1.947821797802622878e+00
-4.800580082755512845e-01
2.160018733550044534e-01
3.234504203988416288e-02
-1.507200967213904841e+00
-1.307623514750622107e+00
-1.457659692183972622e+00
-1.053282416475771255e+00
-7.866217615183662693e-01
-8.827595783280506314e-01
-1.515921386705868512e+00
-1.876461916037938549e+00
-2.115800234154820547e+00
-1.763347242233377132e+00
-9.440189371884187830e-01
-4.021950879320729255e-01
-2.245498346733597328e-02
-2.028976483960658050e-01
-2.742572590150232359e-01
-8.062395960699567654e-01
-6.111583351145196685e-01
-1.094825430810178607e-01
-6.839774197889143537e-01
-6.298160292596188814e-01
-2.467199608973457692e-01
5.874227274802786003e-02
4.983060597185692830e-01
9.204125162919488123e-02
-6.566330742642577656e-01
-6.175084500971803753e-02
3.898815428694872298e-01
6.923415275587813111e-01
8.294822278923923431e-01
8.449166829497505304e-01
7.610013947227023401e-01
8.044813676350444087e-01
8.899043117688811844e-01
4.041911337465820542e-01
7.657000047361671724e-01
4.298406693868366824e-01
2.478859490715040192e-01
-1.332366587429902216e+00
-2.130311598076577884e+00
-1.194433276986629489e+00
-1.268897589593779962e+00
-1.836503045758262953e+00
-8.450885028927971332e-01
-1.974940760697053987e-01
-7.973225365212679439e-01
-7.320559375623880705e-01
-7.246666139918747085e-01
-5.677262007498167229e-01
-2.261414732922317317e+00
-1.475186467147352687e+00
-6.509918092902411413e-01
-8.751342644756228417e-02
-2.146567399204859505e-01
-1.569644761014711065e+00
-1.339797622885117834e+00
-9.548311237351686520e-01
-1.659445878937251262e+00
-1.594799314129291989e+00
-1.103539344273227751e+00
-1.580164122673478611e+00
-2.522187926501467281e+00
-1.348699379707304802e+00
6.758696026260785361e-02
3.041370656857317334e-01
1.181960126383654539e-02
-2.566167808256528682e-01
2.378997000195589850e-01
-2.668955111131888769e-01
-2.481443149531423892e-02
5.196205256010587581e-01
4.318918381005046325e-01
3.330816908441233681e-01
6.593686478833208353e-01
2.443502882688726452e-01
4.890387115095919945e-01
4.765895381738569636e-01
3.569694519076684891e-01
5.699595989451108347e-01
-1.315391918862447891e-02
-1.999055955393732820e+00
-7.886441736122317137e-01
-5.024508972730198364e-01
-3.192139375445066096e-02
-6.347843671154457246e-02
-1.074624902888557720e+00
-5.931083102343323032e-01
3.521537739418018065e-01
-8.459227613593038597e-02
5.820063677363682686e-01
7.976407687011856096e-01
-2.631292106223794836e-01
6.529742800823742366e-01
6.887650405892222771e-01
9.855905166645876347e-01
1.172345456906210615e+00
1.137050454743006478e+00
1.058152734930035699e+00
8.884776224883178530e-01
9.121336162111591817e-01
4.184699402379570277e-01
-4.685529487652056457e-01
-1.546175773566385026e+00
-1.048919212391375533e+00
2.574910791833638357e-01
7.834522747591157188e-01
-1.912190249392925701e+00
-8.783563172507804495e-01
-4.973777478510202910e-01
1.062745188709321581e-01
4.736914174699464741e-01
4.372281995606753235e-01
-2.080126713492403745e+00
-2.382997180341415167e+00
-6.168164244509746208e-01
-1.967560852489994572e+00
-1.073886203055175237e+00
-1.935783958131947369e+00
-2.971238229565043909e+00
-9.609227719358864883e-01
-5.360276991152910231e-01
-1.052228088380190441e+00
-2.773828888246646640e-01
3.269374667769290865e-01
3.798712437054816982e-01
-9.762703385509852172e-02
3.084061510958840402e-01
4.072059465864322214e-01
-1.683218379087216610e+00
-3.719400739953012680e-01
-1.248584232401269423e-01
-2.702631368735374240e-01
-6.761406380841771258e-01
-2.035136161721752934e+00
-2.707719571409746173e+00
-1.860210827541459278e+00
-9.227223834889294318e-01
-8.617088634234573163e-01
-2.196026095545360879e-01
-3.502493644628064673e-01
-2.232193132431538718e+00
-1.353188225923823484e+00
-2.268829319273897027e-01
-2.553771138541977362e-02
1.027525601154122142e-01
2.626279003303856330e-01
-2.129796103524931317e-01
-1.113275719223487892e+00
-8.237060834506775286e-01
1.836721649029307568e-01
4.620849934396368264e-01
2.492252190978049287e-01
4.040060360205999790e-01
-3.548417370127410764e-01
1.823130970970938403e-01
8.768619862240169954e-03
1.132906273560282812e-01
-1.758370153677227266e-01
-4.229990979551564445e-01
-1.117361801438651936e+00
-1.700610217782288602e+00
-2.873543670201903044e+00
-2.557381911565998145e+00
-1.027937533039474216e+00
-7.432164662384710407e-01
-1.251838240451158990e+00
-2.091274075168403357e+00
-1.205362662006824293e+00
-1.709243775557303113e+00
-2.126216934925033719e+00
-1.509099254562001224e+00
-1.592899409139677758e+00
-1.362616818774193161e+00
-1.144830404164294130e-01
-1.127428124746404636e+00
-1.901616676019259600e-01
-1.129036037024508665e-01
-9.448567065907460538e-01
3.473280707709178738e-01
2.843642056133305340e-02
5.184312498317386053e-01
8.408863357558621354e-01
1.032309476334706932e+00
4.568584318470011452e-01
-3.680961933072629533e-02
-1.332579015110133991e+00
-3.146633065058682122e-01
1.224322825876722892e-01
3.700203404395172035e-01
1.736870179482752352e-01
-4.116019263739854050e-01
-6.609750547236843410e-01
-2.149024961410437307e+00
-8.385073039218242652e-01
-1.058414299290902472e+00
-1.023562812172525094e+00
-9.952637571924314308e-01
-1.570537782381772773e+00
-2.320188517509757187e+00
-2.836409845147328301e+00
-1.511001410293866920e+00
-8.680872870113629514e-01
-8.112707411212949360e-01
-2.153791943673307951e+00
-1.310388196903120805e+00
-2.299882020496571755e+00
-2.002194148416443831e+00
-2.188333026503360479e+00
-1.053120686719001498e+00
-1.164629006148335533e+00
-1.193887931483531339e+00
-1.111157563209197674e+00
-1.696221850785419871e+00
-6.613870943920604484e-01
-9.709155367429835037e-02
3.406615132990588046e-01
3.976084586729714543e-01
2.474748113369935332e-01
3.828910656783672817e-01
3.555535679241964564e-01
2.843758044027594467e-01
3.794916379996540190e-01
-4.897897028316189338e-01
-2.730578060448257904e+00
-1.483704067219050904e+00
-6.428581201342151719e-01
-1.059939403306365602e+00
-7.774317179473075878e-01
-7.629551771044615904e-01
-4.164680616037005345e-01
-7.458480454952387539e-01
-1.158807374869300411e+00
-1.326638578882831876e+00
-1.658522244618203523e+00
-2.583925727092537983e+00
-2.546894980572341094e+00
-1.916605156583611747e+00
-7.048898690538070166e-01
-5.295492851502162646e-01
8.214483038876807530e-02
-4.368722360941976190e-02
1.500658453832596217e-01
2.219654246981506152e-01
-5.522241973409419691e-01
1.291913129570257945e-01
-1.163978238405043997e-01
4.880653967186686093e-01
1.762107244219722479e-01
5.455974238673497734e-01
-2.425321429542826035e-02
4.419085293320128005e-01
5.609099988117884905e-01
1.595253756949811808e-02
3.327594666292014725e-01
4.509745728687952759e-01
5.727356918921666651e-01
-2.695096716423132088e-01
-4.095647408283214358e-02
1.980224865697518544e-01
2.978413843899568869e-01
4.547209171662865979e-01
4.424354774268489665e-01
2.246407367863340609e-01
-1.405356542086978466e-01
-4.147376404534550143e-01
-2.783997247925102392e-01
2.024769436351317106e-02
-1.149487042233434397e-01
3.873045265418224026e-01
5.441650759898321033e-01
-1.980238773535799857e-01
-4.477458719530670317e-01
-1.840101965938627737e+00
-9.940662606725894634e-02
-3.970585846138974251e-01
2.850482259626577752e-01
2.901175173614289338e-01
2.088573453813968306e-01
-5.678291133052837392e-01
-7.564148092315367000e-01
-8.458893202780696230e-01
-1.927276922152162675e-01
-4.261282723969986863e-01
-1.245728169814958181e-01
1.340829698927153424e-01
3.658687805951955085e-01
3.950388149504667212e-01
3.542483197702260833e-01
4.409583160296423610e-01
2.354141011280442009e-01
3.025332207874666390e-01
1.157162014716079657e-01
3.318671077411225467e-01
3.361499667365408506e-01
4.473774772690691237e-01
3.670153986410033542e-01
-1.730978534830642512e-01
3.355532107274297737e-01
4.326400170864584394e-01
2.839261438931135473e-01
2.479067088937572105e-01
1.212791405932774069e-01
4.736664256169691445e-01
-1.100448034814523884e-01
1.459849270445156832e-01
2.823716450424929580e-01
1.208096754999456457e-01
-9.368302959123548934e-01
-2.508449576408486870e-01
-2.834124769017347667e-01
-1.719862573614672902e-02
8.416577526839419399e-02
1.915486193234021139e-01
1.238757818774770258e-01
1.327946824360661249e-01
1.111426933320036094e-02
-3.796586613378647446e-01
-4.815569191235690161e-01
-3.429123146796984600e-01
-1.314948928749118284e+00
-1.739124176028027380e-01
4.702079343074066498e-01
4.516861136586549641e-01
-2.488159381448165064e-01
-4.258519986103918575e-01
-8.087309000778376555e-01
-4.932938357513861338e-01
-2.653570821966665452e-02
1.342360210061563919e-01
-8.865336939942307370e-02
2.432508886218852084e-01
-4.088078798939259739e-01
-2.447694852382946262e+00
-1.885356794441639172e+00
-7.393224920540342193e-01
5.027144092741610976e-02
7.226974110965432574e-02
4.202892600582862626e-01
1.225715462121020338e-01
-1.084013563176150080e-01
-1.453353543435567663e-01
1.007658305748261734e-01
1.679365664226023236e-01
1.571020981270449257e-01
-6.281154612681049132e-01
-1.269918422487006371e+00
-3.569589205761029005e-01
-3.294712513902720574e-01
7.500475647902549170e-02
5.103403689346699273e-02
-2.818076561433202065e-01
-7.790440364830161779e-02
-1.450014635665393126e-01
-2.293887912454257272e+00
-2.283988818001372323e+00
-1.505821138880533150e+00
-2.452773839273678091e-01
7.381395416298833223e-02
-1.471635967130980049e-01
3.365714215895584394e-01
5.308783746810155080e-01
5.399531810700919365e-01
1.958159154734821217e-01
-4.310013193300821221e-01
-5.253857779604980127e-01
-2.445932198707155003e-01
-6.591983498678096742e-01
-1.996694357619438698e+00
-1.222757432825033463e+00
-1.077286617843791650e+00
-1.112458949569702149e+00
-1.162596406819058403e+00
-2.174536552268715006e+00
-1.696265692121821766e+00
-1.766269357128511963e+00
-2.438655189925964084e+00
-1.235102126342942475e+00
-4.065914696526581884e-01
1.297521781116266204e-01
1.641879783170454576e-01
4.203567331070666158e-01
2.881595761943859801e-01
1.449254197449372228e-01
-7.535003570655590677e-01
-7.730909278574920052e-01
-8.329483112455261795e-02
4.357834730751851057e-03
-3.752178169687006570e-01
-1.499533259896404624e+00
-1.156987986488931641e+00
-2.670752488412361236e-01
1.581714742107610261e-01
5.058737577174066136e-01
5.079538529038128969e-01
3.645071359372767383e-01
5.708720994261358150e-01
8.435562126854304621e-01
1.038388946389088074e+00
8.709604083398810870e-01
4.700275103971248147e-01
7.623834120899447564e-01
8.572846764349337789e-01
9.480770940990237428e-01
6.333473740683028853e-03
3.653598976305652557e-01
5.288188921224802330e-01
5.121741188721256055e-01
4.431784261077603704e-01
4.187249034871416975e-01
2.058440286735691571e-01
4.874852742152781526e-01
5.260817855865669301e-01
1.494213901744241013e-01
5.473470764077225104e-01
3.881198653708105989e-02
2.549458026255939092e-01
2.702077196114348046e-01
1.052468275862659952e-01
4.284717961756094318e-01
6.161812752895617917e-01
5.950386600159406347e-01
2.683399407811434823e-01
-3.348350227257101963e-01
-4.443505177630022868e-02
-5.691695210032896579e-01
-1.506192700663719020e+00
-2.643354388418914347e+00
-1.082126621053438376e+00
-1.228400193743813595e+00
-1.787382671148961766e+00
-2.740748437945446536e+00
-9.702714958622491448e-01
-1.327034281698248053e-01
-8.917631128287659137e-02
6.718279375746227799e-02
3.571531307138390288e-01
3.297825895213056246e-01
3.083051461921071934e-01
-8.666710597410374195e-01
-9.069120043986124147e-01
-1.193919832526208341e-01
-9.904501620160746644e-02
-1.594386165454938775e-01
5.572180713399051827e-02
-4.269099822571195135e-01
8.287611869328360970e-02
2.129500797932573353e-01
-8.190984974846939881e-01
-1.818316351723355151e+00
-8.946099839624032102e-01
5.389364867997310515e-01
2.299440846835103802e-01
3.467757635206276112e-01
5.464913956769106296e-01
8.373488027468002359e-01
2.964276857992871883e-01
-1.478012329676014147e+00
-5.276571298929209064e-01
-8.378159805108670311e-02
-1.316752897077726470e+00
-1.895741578601875810e-01
2.905765441282359141e-01
1.741483219644486824e-01
3.159813914515312017e-01
2.383839998714383512e-01
2.750376881678263108e-01
4.254509820724779456e-01
3.411069182468486338e-01
2.157842915531624772e-01
1.374569099717585785e-01
4.512421007672846041e-01
1.108287524316435707e-01
1.786094872271806189e-01
-4.525717446657106374e-02
2.754441622894389652e-01
2.672717149570683071e-01
-1.154862942707324036e+00
-2.367812972031783758e+00
-2.472911676046871232e+00
-9.536681754871867422e-01
-1.338122430550308328e+00
-8.785881468649318904e-02
-2.032845576824497402e-01
3.509399958480097226e-01
2.967157819042163802e-01
4.167982842712492086e-01
1.243294608645053451e-01
1.406922403994755322e-01
1.208692215057002861e-01
1.133476789805240581e-01
-1.062907916477183523e+00
-4.210349754341116135e-01
-3.370855705582386785e-01
-1.249266068773702498e+00
-2.245654350596269389e+00
-8.964849364033647960e-01
-2.159182446959201918e-01
-8.257736409479079498e-01
-6.291789014010797931e-01
-1.893529663600295176e+00
-2.208426685370766140e+00
-1.483863614643084583e+00
-3.281270866902594729e-01
-3.923720713904233492e-01
-7.115642490769184814e-02
-1.901528621448131673e-01
-1.681440887525506578e-01
-1.069948450831835901e-01
1.305687431650009167e-01
2.029448771883066438e-01
2.470197483968081809e-01
-1.115108287388306696e+00
-4.551606511364766350e-01
2.202735463568079866e-01
2.167864452338562620e-01
3.343635583519056209e-01
-1.447099642745206804e-01
-3.145210430788103473e-01
-2.693546038678016896e-01
-4.775154081730923483e-01
-2.135546169230414792e-01
-1.860129316585429349e-01
-4.531717221140758589e-01
-6.211649253432021123e-01
-1.739633444272367102e-01
-3.882377316171400916e-02
4.472780433167419245e-01
7.995758271673797379e-01
8.923890612519916887e-01
7.466747518222129898e-01
7.710123531049628554e-01
9.105025383126179594e-01
5.840149087576130826e-01
1.471484463148032551e-01
2.404009162523909893e-01
2.317452953695023632e-01
-4.473003985621680223e-01
3.282613417819957302e-01
2.382074960585543744e-01
3.028588561290161962e-01
5.728727999814988703e-01
6.026178571300880860e-01
-1.395349155894601845e+00
-1.589873943713126625e+00
-1.064754747751251243e-02
-1.324801755513479007e+00
-1.332531041681028983e+00
-5.186829701870219189e-01
-1.004553740116802540e+00
-7.056826920041626705e-01
-1.580222536806130118e-01
-6.524256103070120560e-04
-1.643466115499546687e-01
-4.307845735317818447e-01
-6.621110330029926772e-01
-1.617492708736550933e-01
-1.162690458933199444e+00
-2.304278458049212830e+00
-1.390998945177511104e+00
-2.134482258237775654e-01
2.465565263585143552e-01
1.466344305433398276e-01
3.278376071839746997e-01
3.350859415439972344e-01
5.766300022804694558e-01
3.830821328949503002e-01
-2.116606629649733784e-01
-1.109161474331630703e+00
-8.773225357707384320e-02
5.198637259037804936e-01
3.395812736127965525e-01
1.828673447252078255e-01
-7.298932684204868515e-01
-1.786593478469247487e-01
-2.597524526545707535e-01
1.997119898525639425e-01
3.869227386517850587e-01
8.848933212161222417e-02
4.364260028473783692e-01
2.489486583611238701e-01
1.770857013794210622e-01
-2.040687874458923523e-01
-3.369069415557083280e-01
-1.889708965869378310e-01
-2.164920617297199368e-01
1.548154489201132022e-01
1.982987991485861690e-01
4.109090292701649827e-01
5.222999610350887584e-02
3.557360824026717938e-01
8.651296859618547996e-01
1.105751340237541847e+00
8.190334918210573356e-01
9.980500090159835080e-01
1.103525445316776654e+00
-3.994884295696354282e-01
6.560587101512138641e-01
5.653083097445635863e-01
6.186262308746698357e-01
2.971090446049166056e-01
1.654936439151066530e-01
4.077549652639199107e-01
9.272970446317722534e-03
-1.881728398708125971e-01
-1.988559168563978630e-01
6.974428375852706474e-02
-2.596002523062746370e+00
-1.461023126937452954e+00
-3.599530789360352312e-01
-1.700832475749059214e-01
2.382852112046041915e-01
2.546145438268070382e-01
4.370599145178634126e-01
-9.765509178437852267e-01
-2.259457935566117737e+00
-6.580852484906125621e-01
-1.174778722256589525e+00
-1.325717464319726036e+00
-3.966659120104704672e-01
2.862927973862079423e-01
5.530396341037423502e-01
3.082909550896644202e-01
2.537245680417070659e-01
-4.394390092712862628e-01
1.386044579506963588e-03
3.451144018531197011e-01
4.036321585652541399e-01
2.330060623131906261e-01
5.595441922077205588e-01
7.152410864369300736e-01
3.221159178481247110e-01
-1.523229573751301302e-01
1.368055015685072096e-01
-9.300720521313501354e-01
1.058095698514166239e-01
3.880952067939637540e-01
2.506286123985414574e-02
-5.476522215243071479e-01
3.826565960039933212e-01
5.209485672567392145e-01
1.982327193464801240e-01
-5.361498488490052949e-01
-7.875536794341092550e-01
6.020002782939021246e-01
8.767501682143420405e-01
-3.583537405070099657e-01
-2.023970661935118598e-01
3.161107726411866437e-01
6.096451767227590857e-01
7.072037278501833724e-01
4.812549538337376753e-01
-7.476323591613003305e-01
-2.515937795367194640e-01
-5.406913899243086935e-02
-1.523370419491675010e-01
-1.307768838044918835e+00
-9.902513158712708541e-02
-2.167623668930008241e-01
3.112012904639103184e-01
9.759790796811351754e-02
-5.018753009470602322e-01
-9.798027448587186550e-01
-3.384665655934243067e-01
4.977210287289408619e-01
4.811782039930276311e-01
4.188394536300755200e-01
7.591869644053582666e-01
1.145503826105182865e+00
-1.759354237894746043e-01
3.608685479419239672e-01
-5.074528109372827833e-01
3.389002541768279531e-01
-1.262452310305026137e-01
7.364679136944377591e-01
4.539561424583185567e-01
-3.297338577697669915e-01
3.113850079518102887e-01
3.812043380188847586e-01
2.111597013104079754e-02
3.307558064255667896e-01
-3.067328308584800767e-01
7.499793833574442958e-01
1.031353942290859083e+00
3.740701385304762150e-02
-4.287719654676073744e-01
-9.148790507758128854e-01
-1.005827284437266433e+00
-4.617716375264400708e-01
-5.389193182069405008e-01
1.418540164316968721e-01
-2.218822954764472152e-02
2.730777398517455490e-01
1.745764141173773709e-01
4.044464919675122561e-02
-2.805398414585842937e-01
3.280885791062095325e-01
2.008995416330532635e-01
-1.809335956637705412e-01
3.527704076941329259e-01
8.361165653707475567e-03
5.533472333787891051e-01
7.836154852045999417e-03
5.973368863920081040e-01
-1.730371615640844130e-01
-3.520848837948498122e-01
2.650037818425353686e-01
7.938482731591882391e-02
3.732967057926542265e-02
-1.971303506436891673e-01
-2.541588810236327101e-01
-4.525137047523668937e-02
3.790265642925253475e-01
2.199975818818220574e-01
7.062305501944101671e-01
6.641379119332383452e-01
3.598523487711542401e-01
6.701890566340310551e-01
6.662160020840958152e-01
1.061349310311415106e+00
5.876267412609830210e-01
7.602220515295609049e-01
-9.863305838254305957e-01
1.597120853757296030e-03
-5.158701040312522190e-01
-8.729205790284938482e-02
3.239476920871585119e-01
5.106699442229885033e-01
-1.061308747618041892e-01
-5.855687347062714654e-01
-1.002443811863692025e+00
-5.198868693270288777e-01
1.054434742771617195e-01
7.232446269854023169e-02
2.942712795730176301e-01
4.174822698089283857e-01
-6.786047251537627445e-02
-7.978564655000668082e-02
8.111768576025006616e-02
2.226124356726422171e-01
-2.278608091766285704e-01
3.730450397131997442e-01
2.752108649886828018e-01
1.135071214354138824e+00
9.755187966434207825e-01
9.761157594396128179e-01
1.018849686555904244e+00
-1.525188297614992472e-01
-2.818398469536184670e-01
-2.920602375579281484e-01
-1.008465978945126684e-01
-1.685147121956740435e-01
3.437693647772832040e-01
5.409945355682039825e-01
1.020975302398497320e+00
1.132895834872607921e+00
1.146331647488942451e+00
1.107428819140094278e+00
5.350006400382211202e-01
9.986093879628241687e-01
9.802364160810006499e-01
7.851229829632998536e-01
4.184812939609557358e-01
4.065878979923898684e-01
1.750859354080907260e-01
2.137977741961018807e-01
4.348069870502085377e-01
-6.806837782173351670e-01
-1.886836930551661351e-01
1.660785168530154454e-01
-4.221170104334128759e-01
-4.111154130488818281e-01
-5.891092220585789629e-01
-3.002221047912040364e-01
-8.162673782073804896e-01
-2.126530576766891278e-01
-1.234461742543069701e-01
1.864893153129320580e-01
2.044900495063743939e-01
-3.018176320836208903e-01
-1.125612110609600092e-01
6.306562122375308777e-02
-3.659396931459692470e-01
-1.176959087366099332e+00
-1.879868587385894685e+00
-1.084231840901765942e+00
-8.047327745325598691e-01
-4.823628245772767498e-01
-3.372298357688912063e-01
-4.967139293911140285e-01
-4.728616890509348414e-01
-3.148258478457744425e-01
-2.326476888550378375e-01
3.229528175156005237e-02
4.354859478559683361e-02
2.075135116793010714e-01
-2.404109298857441124e-01
-4.152485025838195676e-02
-6.144562856669374268e-02
-2.727100552163171931e-01
-2.925155836292884226e-01
-7.648302062372838162e-01
2.880100499726730434e-01
4.815989650440675174e-01
4.039597955486983194e-01
6.156650227963537114e-01
4.510228668774000638e-01
6.914830040098771113e-02
3.274957994932060079e-01
4.222023134227533281e-01
6.751983627045677894e-01
8.748681606360226848e-01
4.481160301086521969e-01
4.796238322517156760e-01
6.408404340353889284e-01
2.042881750507012928e-01
-1.271839787629227281e-01
-2.152324416972381527e-01
1.017071176747115224e-01
-2.551945660916207226e-01
-1.332046090759295975e-01
-6.305569757325255043e-02
-1.073501254057218190e+00
-1.012296885683348968e+00
-1.387183945425736420e+00
-1.715035624360000011e+00
-1.501573986415495332e+00
-2.048210400117475682e+00
-1.708406078149765195e+00
-7.308470622949405637e-01
1.864076698634474505e-01
2.008169822443638952e-01
2.695132003415329214e-01
2.263102473998186703e-01
1.788641915837303753e-01
5.956552687846460303e-01
6.904277714052897696e-01
3.500804829562685905e-01
3.289465456723494885e-01
2.324538407772205884e-01
1.208909412069756120e-02
2.753901901473346792e-01
-1.489387610040771026e-01
-6.337559651387622561e-02
3.034675874307995458e-01
2.679839608417973196e-01
7.258863725353631446e-02
-5.241101068599861579e-01
-1.320843795614928262e-01
-9.221596359238999618e-02
5.373400892165370868e-01
3.966548837733017141e-01
4.748871199434064327e-01
6.475314101208266004e-01
4.102401891020099889e-01
2.951820480273790737e-01
5.556986386364625163e-01
4.204784206285952508e-01
1.054827520545995739e-01
-2.600805158032860054e-01
-7.025199004759002941e-02
-6.296248840974156824e-01
-1.952838823359358822e-01
-4.218138068582856781e-01
-2.540105229358354810e-01
-8.845026658202050918e-01
-5.526889374694974322e-01
-5.945309482203676721e-01
-9.126328813787226713e-01
-5.232348721986623818e-01
-1.209213042517882863e+00
-1.820214369636790064e+00
-1.408431436577615603e+00
-2.036058397587258817e+00
-1.429097841756480136e+00
-1.346441481012725649e+00
-2.439692892851833772e+00
-2.483429619469334160e+00
-2.645570523231868698e+00
-2.825657031236419758e+00
-1.960707236890560035e+00
-9.067804939649555251e-01
-3.164167282195495257e-01
-1.553219230819750774e+00
-7.115475839099303368e-01
-1.792980521914926184e+00
-1.888959131999603747e+00
-9.250324957167866957e-01
-2.248507652085505182e+00
-1.501429556811615607e+00
-8.979774008498246918e-01
-2.893082544884238994e-01
-6.126780893960567242e-01
-1.093414029907954443e+00
-8.340342497490218499e-01
-1.605132829674128958e+00
-1.532653828129475704e+00
-1.109542049929924001e+00
-9.583912254935931241e-01
-9.387607740107181131e-01
-5.259440468165796911e-01
-3.268478355614405362e-01
-3.545171695038568660e-01
-4.706881097103505773e-01
-1.505524444605159939e-01
2.042109131290398283e-01
1.668550304262186035e-01
-1.099109423404162206e-01
-1.517433115190663095e-01
-3.348939071908329512e-01
-4.369308331609534912e-01
-1.809403548138251161e-01
-2.629594195689760050e-01
-1.676377795798516424e+00
-2.029409922613295336e+00
-9.843966803687687062e-01
-6.188680766318639392e-01
-7.170951513445817938e-01
-5.143020919130011359e-01
1.158681690289106309e-01
2.623147533543755336e-02
1.621521318363113862e-01
2.410871973789247003e-01
2.218745651423902621e-01
-8.143493471604454914e-01
-1.510011769387856306e+00
-4.759349952757374602e-01
-1.102246777676908207e-01
-1.085945365389433537e+00
-1.157243806095176630e+00
-1.460234446664737007e+00
-1.884549659355919893e+00
-2.080642720734121376e+00
-1.224124278882485761e+00
-1.240311882824631562e+00
-1.220194012564389752e+00
-9.067477745446429482e-01
-7.548354258456901889e-01
-4.208402575771994503e-01
-3.106649714997250511e-02
-7.043008696763657372e-01
-8.067187533713854330e-01
-1.377249410809416652e+00
-8.891265087607692630e-01
-1.059065903123733499e+00
-3.450664738236272067e-01
-3.724300132012063336e-01
-7.872712691266470220e-01
-1.747321588185687669e-01
-1.206485296922901407e+00
-3.988426160079703853e-01
1.028736773020530182e-01
-1.141635708978465003e+00
-1.005504439114699444e+00
-7.524013144023113941e-01
-4.650984010189110340e-01
-8.341146130462189223e-01
-1.773691716041316369e+00
-1.103733686138750558e+00
-7.736356522361715893e-01
-8.281681655258692487e-01
-9.717321247442570753e-01
-4.571227441756965382e-01
-1.504762051172358062e+00
-1.814007064833838001e+00
-2.444448733121434625e+00
-7.349993021609994015e-01
-3.826455767026429866e-01
6.934001167644984753e-02
4.930424206261287967e-01
-1.671614265656195253e-01
-1.391448608711879142e+00
-2.288294209929223832e+00
-2.564617098189643229e+00
-2.945032234382936487e+00
-1.859152331892152121e+00
-1.575705836484219358e+00
-1.315051002543284442e+00
-1.664851556290265044e+00
-1.058539000366327754e+00
-1.861578836857260999e+00
-1.033323411984953699e+00
-1.953166229484792904e+00
-1.513192738223030576e+00
-4.815557652855393389e-01
-6.302980409815488183e-02
-2.374090502766452726e-01
-6.051685663620959277e-01
-6.944580434385293211e-02
-8.821465417453508984e-01
-5.016906205631519455e-01
-4.903842120887400569e-01
-7.376551188201349030e-01
-9.884416554881264583e-01
-1.217181890524483778e+00
-2.414389416354992157e+00
-2.407084077239432407e+00
-2.254812823814666078e+00
-2.213150097965897789e+00
-1.745477353993052150e+00
-1.021438286525619743e+00
-9.429710879446981941e-01
-6.547785857177728097e-01
-1.052764554965136101e+00
-7.720726399681567820e-01
-3.641486925212585879e-01
-1.622041334341815522e-01
-1.202931128474456601e+00
-1.377862437528820871e+00
-1.939304388491637887e+00
-2.109672604838615850e+00
-1.257060047481536325e+00
-1.528768105086721674e+00
-1.916879342142423948e+00
-1.629128244947833259e+00
-2.034070308860422838e+00
-2.180661366026338310e+00
-2.011511123712265370e+00
-1.712502471866758968e+00
-1.358477208175169038e+00
-1.825714657083102876e+00
-2.221833655253721673e+00
-1.891644274257800129e+00
-1.309357545856293825e+00
-1.112923222686963642e+00
-8.330257670550905713e-01
-1.008795196360880109e+00
-1.648791850265078240e+00
-6.064289846959456387e-01
-4.266410748171434730e-01
-2.894320342632192844e-01
-1.807856498437508397e-01
-3.758067493340355170e-01
-2.575829372088337954e-01
2.263737380535986721e-01
-3.956334543996201658e-01
1.253958255251290677e-01
3.584764510058550124e-01
3.098206788006538925e-01
6.821538903479607008e-01
8.004194442370637930e-01
7.659766276399654350e-01
5.240474876646012969e-01
4.579495497156466088e-01
-4.928717252553333483e-01
4.359178395724389726e-02
-6.223920805781197885e-01
2.708605165093505018e-01
-2.149719428784716557e-01
-1.554228318700237241e-02
7.188684459005038885e-02
3.367523275231151803e-01
2.691721499794728634e-01
-1.211105388589446413e-01
-3.226743076670663957e-01
-1.013939827508892666e+00
-4.087959458001336199e-01
1.607440564445874465e-01
-1.461627143495294601e-01
1.365182942174614222e-01
-2.785979644651396248e-01
1.915824414829552513e-01
3.415152809480619389e-01
2.518467654236727360e-01
2.809168950635066442e-01
3.226374910475906521e-01
4.183879987371117437e-01
3.955083571852988089e-01
1.800923957529918795e-01
3.893102220836460181e-01
4.026209489048208634e-01
3.117159929338723101e-01
-6.910257402873366539e-01
-1.467216094085031175e+00
-1.745779372905168936e+00
-7.651924195815233976e-01
-1.005471489085220327e+00
-4.741429908786723435e-01
3.405160109239506287e-03
5.357927007998981861e-02
1.759917301331200834e-01
4.098646587084144310e-01
4.667064975085755824e-02
7.148975997206017396e-01
5.752031857282174920e-01
2.433860367526239910e-01
7.789370251323907146e-01
3.694466857693974315e-01
5.173632138971613337e-01
6.184477856650203442e-01
9.092613493011519887e-01
6.671767565713978554e-01
3.264803446120377317e-01
5.562162593768413821e-01
-7.240262456446540096e-01
1.608849611238203081e-01
4.331685406147690598e-01
5.220085806032077613e-01
3.795975102576796822e-01
3.044321896808122596e-01
6.919944231687806535e-02
9.297772718699680305e-02
7.640248546022522513e-02
1.897367405102942939e-01
8.395327174941409620e-02
6.092167146799737365e-01
7.876597791820935113e-01
-3.629861601280878203e-01
3.204301859190217261e-01
-1.473495487226282874e+00
-4.585655699257794593e-01
2.050124162435934261e-01
3.965703999967081228e-01
2.338486786082340507e-01
5.446670347919586597e-01
5.276227345039925520e-01
-2.924014353450143933e-01
2.728156760704995021e-01
7.019035288614405843e-01
8.002409888966938167e-01
5.318435995385289994e-01
-3.403792304262391877e-01
-9.227547478710693696e-01
-1.980818103972731947e+00
-2.211161415463366531e+00
-6.151541920671825814e-01
1.221553676285521139e-01
2.668259348204527481e-01
-1.156480676633016014e+00
-2.226970956380835975e+00
-1.966230767250701561e+00
-8.711994443267677690e-01
-7.481676531909610128e-01
-8.296640695368664442e-01
-5.868728894893149306e-01
-7.599863578333091452e-01
-3.614465121176496654e-01
2.109161216229845648e-01
-2.495429709196116466e-02
3.048437020029102218e-01
3.163375917926068426e-01
2.791052134341742708e-01
5.103627737830065403e-01
1.644878394975813896e-01
3.709834739232830136e-01
4.327506669943107509e-01
4.705239510480309639e-01
6.647547550516004211e-01
6.397417483752902978e-01
6.749515830292805996e-01
7.501637098351674471e-01
-4.238961685250729472e-01
-2.864539894479550819e-01
-1.833313011240953749e-01
-1.500048304343662764e+00
-1.921768215888262077e+00
-2.710501910696788475e+00
-2.948267974684186221e+00
-1.142951764965640882e+00
1.000786722866055245e-01
4.319434872071754583e-01
4.118600773625448186e-01
5.321057788553503753e-01
5.548887319933143436e-01
5.156594115435746417e-01
5.670926281861550233e-01
5.311727808074854229e-01
4.617327997545634388e-01
4.757128352575210051e-01
-6.534871416435053537e-02
-3.811108042157712594e-01
-1.330615204389349993e+00
-1.834638103693052358e+00
-2.061386414799677436e+00
-1.780327031532163096e+00
-1.262899936196584694e+00
-1.035215547733646213e+00
-1.023813797246866608e+00
-1.995386692675962692e+00
-1.243067602219276813e+00
-3.574905242938042904e-01
1.516184054546516370e-02
5.683651486334960756e-01
2.146610529535744050e-01
1.315493320280259892e-01
-7.384273387186297832e-02
-1.286216235703591115e-01
-2.459480024665796072e-01
3.219363092301483209e-02
4.066725936693792454e-01
4.063055001393007237e-01
3.617666466864037367e-01
5.264122941914007453e-02
-7.033882546171271732e-01
5.377774584611457742e-01
6.620959888779599511e-01
9.344660964872968378e-01
1.024713518879346585e+00
1.090640282195393995e+00
1.081184461089339299e+00
1.182892506492479567e+00
1.146287920099012814e+00
1.251594712614533034e+00
1.336416651051068438e+00
1.368468741813687606e+00
1.263562227327999832e+00
1.463323889897650609e+00
1.400630779903437206e+00
1.395528728096533611e+00
1.378145199693178391e+00
1.540842627098997886e+00
1.342874945835712097e+00
1.520662450165025437e+00
1.559110790744162589e+00
1.749392797185353787e+00
1.228181838286453331e+00
1.645717315748290499e+00
1.492149023972556776e+00
1.392463475098954628e+00
1.253670974692956852e+00
1.345492676842778623e+00
1.338654274962856272e+00
1.369464205111984079e+00
1.464682655715990878e+00
1.333313018274878026e+00
1.562406981511731185e+00
1.252720651648689287e+00
8.943896783846654319e-01
-2.161753327980047712e-01
-1.744698484198440758e+00
-2.297948506557604187e+00
-1.985363262084977709e+00
-2.448831841174514690e+00
1.151527252893439768e-01
5.738308169901209510e-01
3.892720055626276987e-01
1.661496128419941154e-01
3.457828442873935315e-01
5.001307177861729070e-01
7.132868777442751274e-01
7.259490570786001351e-01
1.622726250866429187e-01
1.612756681661731695e-01
-2.024774040612035975e-01
4.736007619566433291e-02
3.418106155909196309e-01
-3.028720603445406168e-01
-5.223967421381789933e-01
-9.530911595435151429e-02
5.723656450071141766e-01
6.522722101335918232e-01
1.866638166094539142e-01
5.543872780947530776e-01
4.954959610390829439e-01
7.964154838763242150e-01
9.037788387736503948e-01
1.151892485374113040e+00
1.214838776413081689e+00
5.996250798763075318e-01
9.839258031282644978e-01
1.300386265363543847e+00
1.282894492915279905e+00
1.125257839985155162e+00
8.059366114870121223e-01
8.314168795257036448e-01
9.537860428146534009e-01
8.842628862657909705e-01
1.035285308497571055e+00
1.063937587832844534e+00
1.131432187756759467e+00
1.075647791520839780e+00
1.171516025359113922e+00
1.142140753724846913e+00
4.077571354426230421e-01
7.313743369438289177e-01
9.798704220497581607e-01
-1.615536920504026863e+00
-1.234008959348677159e+00
-1.117539543592408258e+00
-1.598415684618371135e-01
-8.569564211449139934e-01
2.310820695664930202e-01
3.344278758225684989e-01
1.752777230600843783e-01
7.962133266178672564e-01
7.385512230286951363e-01
9.699950762567828288e-01
1.295037523258653733e+00
1.251627450603015612e+00
9.706343477092802541e-01
6.907998214392843117e-01
6.239287919738428778e-01
-9.904939801991271553e-01
-1.476293676981847769e+00
-2.170183836591454085e+00
-2.019967805437040909e+00
-6.544412407976975266e-02
-2.163165427291171117e+00
-2.246067259219406864e+00
-8.202631677547697064e-01
-6.266140433187331604e-01
-1.911740320676590166e+00
-2.955649982532650100e+00
-2.014495334496184675e+00
-1.130387540975193561e+00
-5.057149918530147170e-01
6.038763214793640977e-02
4.455647081220584504e-02
-2.019290573996479765e-01
-8.243134437606255416e-01
-7.939035247556704977e-01
-1.630059064844959216e-01
3.472973973965132188e-01
5.681132069172317722e-01
6.479427686887117011e-01
7.778504357701631067e-01
8.897304449204614940e-01
7.701240559116033779e-01
8.692827057790130096e-01
1.757928912240808161e-01
4.896626423790764737e-01
-2.754895104149328589e-01
2.577989798788716258e-01
3.681954732753927040e-01
1.575907983061414219e-01
5.502634518734008662e-01
7.454195126328992949e-01
7.577543254505932913e-01
2.855151315627890707e-01
9.937758712273475625e-01
6.261077396562125807e-01
6.963152603197421131e-01
2.097094893697789841e-01
2.794564085291415534e-01
9.096996813102588286e-02
2.336223476746364380e-01
3.038852521024468234e-01
-1.304628727773459396e+00
-9.917386438958967210e-01
-2.020317895927314922e+00
-2.169235107505478322e+00
-1.230838829059993644e+00
-8.202997216330311092e-01
-6.595189167177415435e-01
-2.119506160604442080e+00
-7.603833936076956901e-01
-1.257292594298733412e+00
-2.173374552398117832e+00
-4.372483284862369590e-01
-1.311239265839574120e-01
-4.476199338302721542e-01
-4.244467654016344516e-01
-1.034560785167228492e+00
-8.588983685937023882e-01
4.166965471492056067e-02
-1.104831830676158422e+00
-1.415724204915186135e+00
-1.835381752791294785e+00
-1.395983880763906892e+00
-1.630391373520615028e+00
-4.573449013790590878e-01
-2.351071473409416246e+00
-7.164377451188201906e-01
-1.820806557493961364e+00
-1.494438458159797589e+00
-5.237087167896792295e-02
9.480162115426208347e-01
1.142393781726779967e+00
1.195611591383779482e+00
1.049161496588090881e+00
6.436318108221565915e-01
-3.381883491804860697e-01
-1.336982085118126440e+00
-5.550865717729430715e-01
4.649326889551201880e-01
7.287928707732741485e-01
8.682097978087136569e-01
-1.422909164527450088e+00
-3.089922994999722006e-01
4.118039453797505134e-01
5.398663482051861973e-01
8.601606742109147996e-01
9.731565741721405205e-01
9.181968608105715024e-01
1.100779221277557340e+00
7.841355042110376150e-01
1.031093071244868487e+00
8.093544023248614439e-01
8.489904845651194965e-01
7.093577135524037347e-01
7.544469988873883093e-01
-5.339157437028254627e-01
-3.138625655751373089e-01
3.567725762883602325e-01
8.873321511879335155e-01
1.266776553044995646e-01
-6.213221553038733580e-01
-2.653650918182508978e+00
-8.010076506689299825e-01
-1.670000189850330830e-01
-8.602441771547196803e-01
4.340987261198992475e-01
6.325928305490076120e-01
3.317696350951359618e-01
-3.720079210007393722e-01
-2.736386182692139291e-01
-2.634429889327316587e-01
-8.169355867118741621e-01
6.098432352752764657e-02
4.791325060551556714e-01
6.073929350520339554e-01
4.606364986501035874e-01
4.764400890245176212e-01
6.543201376736251795e-01
5.762768304550063281e-01
4.791275500011091815e-01
-7.953248392436820247e-01
-4.044671325293714426e-01
-1.403342745560897331e+00
-2.195427407710372147e+00
-2.279370444981838162e+00
-7.567161020015797934e-01
-2.285263709561977219e+00
-3.484643931905387904e-01
4.594398663944271877e-01
9.999046724859653734e-01
7.596036233953483707e-01
4.505414399141907111e-01
5.446742795946152293e-01
-2.911204623048284645e-01
4.565697206311498668e-01
6.389314268408673447e-01
3.472457148502932078e-01
-9.423208136459138018e-01
-3.278434038540848916e-01
2.458236409126847433e-01
-4.585260843814931153e-02
-2.380969169156220033e+00
-4.509534820869257610e-01
-1.428860703944960342e+00
-3.053868365808507512e-01
3.879413743461143649e-01
1.041351482633946945e+00
1.017615156504352081e+00
6.214307147958026967e-01
-1.433557941772788613e+00
-4.638336832994346404e-01
4.310467137168354501e-01
3.540278360052139667e-02
-1.882384337911463312e+00
-2.871130338740521259e-01
-4.666913271144380038e-01
-1.278872355596111676e+00
2.786339523829173270e-01
2.818161484407757933e-01
-1.916130642748067325e+00
-1.714183249384907848e+00
-2.470166519993773235e+00
-2.041834400452736009e+00
-9.664902187268890055e-01
-1.158172279158637075e+00
-4.037985308731271705e-01
-4.610309792814536456e-01
-5.812377023873668280e-01
-6.333369705044760156e-01
-5.974151194415572297e-01
-2.835507559080149287e-01
-7.244980786603735234e-01
1.053958764055534791e-01
1.837138136660537713e-02
3.356427825266719567e-01
3.250646849441256592e-01
1.752476918179088072e-01
-4.140549399279749854e-01
1.776167642763109775e-02
-4.645176434686912881e-01
-1.339600231099285610e+00
-3.013675057134758140e-01
-4.974338454699916423e-01
-6.140149923671929244e-01
-2.322722679546090907e-01
-8.640191818472086061e-01
-4.542968473937474827e-01
-4.858141158848925528e-02
6.385464185381356517e-01
8.033111252216558196e-01
8.319425768445398717e-01
7.793642462417793570e-01
8.362964740140435005e-01
1.695774526086825107e-01
-1.764754905605312452e-01
-1.144488623368460599e-02
-3.592214644003413060e-01
-3.441707207525271373e-01
1.316342002333688033e-01
2.898301692813636254e-01
1.492026567103376666e-01
-4.571717573856401984e-01
-8.671625698795830395e-02
-1.749785780180578287e+00
-2.800002593998947464e+00
-2.629604218004771177e+00
-2.763222843199327539e+00
-2.618891685197729746e+00
