3.918816802953466460e-01
2.595407852901046031e-01
1.082600467718965453e-01
3.118193223362776267e-01
2.975976838840245775e-01
2.283670031063557981e-01
3.380332692644819319e-03
1.084205005279439554e-01
9.043672380990641635e-02
2.526178696561122705e-01
-4.960138950395379109e-01
-7.196623432042827950e-01
-6.825288215516125967e-02
9.369424229725960285e-02
-1.190758475474368999e-02
1.602855609572140516e-01
3.398396283741491608e-01
3.723967916159469094e-01
3.348523163400705660e-01
5.496847722481451592e-01
4.429929201217379653e-01
5.042506641496501407e-01
8.171421354150039118e-01
7.294047681442559217e-01
6.917297915082617488e-01
6.100329783502221881e-01
7.241419511856765912e-01
5.589372279717141900e-01
4.511670013466077545e-01
1.673313442978994758e-01
1.203737814708593923e-01
4.964849332769387114e-01
4.057712566860365300e-01
3.448392752840427344e-01
5.338441396511334203e-01
2.752820995395718895e-01
4.645459479527153657e-01
2.930920395274649315e-01
3.972130345253426786e-01
5.406162332819793859e-01
5.148475128010830959e-01
7.498944052764211499e-01
6.454294160842758421e-01
5.209398601814233531e-01
3.334707514647791693e-01
-1.989453363479556924e-02
4.922992301747133315e-01
5.168810728447852387e-01
5.469998024433369022e-01
3.501948447140705856e-01
2.605946873610886505e-01
1.108118504420128742e-01
-5.268936265448460193e-04
3.574118090810401993e-01
1.745440303843759089e-01
3.448013980600412864e-01
4.364325875367846552e-01
1.774908813879603198e-01
6.886661031941756494e-01
4.967919999315199009e-01
7.105764615575932419e-01
7.836344831971543690e-02
-5.967095129085346616e-02
-2.363566481026284014e-03
2.268625135959832506e-01
-6.018783426559781019e-02
-2.167759289466672859e-02
-1.703741996885252685e-01
-3.488528166712018819e-01
-2.093708206754404388e-01
-4.477861240151140981e-02
-1.740197151359115790e-01
-2.648033569345880495e-02
-8.844409435743981474e-02
3.527412691078139484e-01
-1.144782462110152388e-01
1.356872178964436126e-01
5.370409403239899682e-01
6.366691209741301982e-01
5.306734095567250398e-01
5.974840788286742699e-01
6.516644229020774892e-01
6.950953210812930161e-01
4.156352482234190182e-01
6.667323398683419056e-01
8.198941303352935694e-01
9.415725050297257814e-01
9.848044775137170248e-01
8.029321214887582547e-01
8.886103417889601452e-01
8.731775914410572215e-01
7.552614075767337676e-01
6.169921591105703707e-01
8.176558197722826327e-01
-2.590881265064216843e-02
3.113930807263804446e-01
4.682251756726887315e-01
6.612834237522412506e-01
6.715720751680346323e-01
5.028608290409946058e-01
6.309916409655494940e-01
6.487959278018181619e-01
7.490983710531557982e-01
5.864328043690067993e-01
6.335034899021549926e-01
8.015131933911796569e-01
1.119911801800298035e+00
8.641755841091771639e-01
8.789762217891473606e-01
7.778801730073429122e-01
8.006600238361261113e-01
6.766588222249844131e-01
9.217665411304988288e-01
-2.951955784270899885e-01
-4.287133980983601211e-01
-3.141706951979279516e-01
-2.977035308751490028e-01
-1.286534548046290027e-01
-1.248838618864920192e-03
7.432181810066147698e-02
2.494159735651602650e-01
8.283362408293654805e-03
-2.655006425991690011e-01
2.072917140892196475e-01
3.279657188710883436e-02
1.544244075005080652e-01
2.852832533683979932e-01
4.900234600203355884e-01
6.303022752856342059e-01
4.674843664371852725e-01
9.956843964954573689e-01
9.654350164118499222e-01
1.064596334766735763e+00
1.003039715513863950e+00
1.063156975856209163e+00
1.128787592522763950e+00
5.813530746009386574e-01
6.514184967955546357e-01
9.713444298933616716e-01
5.479270826726874155e-01
9.357728660849206070e-01
-1.009634158105753743e+00
-1.265226823981154380e+00
2.058865737693769959e-01
5.263895229984043578e-01
-1.256928093617222242e+00
4.301852657102439581e-01
2.408851375351212520e-01
3.430214054367368148e-01
-2.135717795612041670e+00
-2.378104924263197528e+00
-1.224840591120390121e+00
-9.756330929596146451e-01
-1.458000980362871291e+00
-1.407543035432136547e+00
-1.441515147034462929e+00
-1.744132421431265456e+00
-1.319989779562614096e+00
-1.383860212731645500e+00
-1.368679342378445796e+00
-2.300182162935789698e+00
-1.713642269764057646e+00
-6.317836422245437511e-01
-1.932578935605485382e-01
-1.548254075233888027e-01
3.496597946039763094e-02
5.102604318502660385e-01
4.039548808001259816e-01
8.488418110646515080e-01
6.876773620322343961e-01
8.949500279328927999e-01
7.786955680993177253e-01
4.558984715945132438e-01
9.960736773611872374e-01
1.069437863500791064e+00
6.370806510734723371e-01
1.038306823720901884e+00
9.692470198642068047e-01
5.036094562104190819e-01
8.706413031564401717e-01
6.645284118005120311e-01
1.025173359918448268e+00
9.821208527549746270e-01
-2.345296549979044853e-01
6.178246345530585826e-01
5.412267682907963007e-01
7.066962692963768555e-01
1.469247753280420732e-01
4.619870542377366718e-01
3.826072577458984880e-01
5.064713053828852063e-01
7.261954785863214967e-01
5.772258607292154453e-01
5.406167239690717885e-01
4.554820298894377562e-01
3.455283115429569341e-01
-1.298663723275064186e-01
2.669484686947537488e-01
-1.059499030187390112e+00
1.325833092293688016e-02
-3.266697880221415273e-01
1.016431061352822823e-01
1.063308936584419634e-01
-3.486709185375014286e-01
-2.985686826870797561e-01
2.686965998356622906e-02
-2.233292672593254757e-01
-1.834832385410323230e-01
-2.816382720444302601e-01
-6.555747772779595417e-01
-1.365158785132349228e+00
-1.060209256463203520e+00
-4.006493890524397972e-01
2.407386955311973109e-01
-1.071594466870149504e-01
4.495530050804719124e-01
2.507172192549038670e-01
3.181852369123194246e-01
3.222994188173710084e-01
4.559014377444225441e-01
5.645709346982730192e-01
7.755593772959940013e-01
-3.562737080283101543e-02
-2.244581926196367316e+00
-6.342373545786377242e-01
2.643144623391951442e-01
2.142783267920091161e-01
9.381349458738974523e-01
5.409875514897674043e-01
8.697298662966715388e-02
-3.549041312634127615e-02
-1.038383190182857296e+00
-2.016556085385984076e+00
-1.482806160241713078e+00
-1.153447827787198010e+00
-8.930551384737834830e-01
-9.004629551748632998e-01
-1.796220746985418282e-01
-9.433839039159451489e-02
9.250772201431418928e-02
3.137841725694310857e-01
3.093610952239470580e-01
-4.202156162765445790e-01
-1.171520640346406905e+00
-1.449474235684850454e+00
-1.269684968911350964e+00
-9.990820512200692116e-01
-3.329423614866920400e-01
-8.310122996854917288e-01
1.063073204173920275e-03
3.908560743724721620e-01
6.247699332317943055e-01
1.995496496568536365e-02
2.982604894264963558e-01
-8.688547639611864382e-01
-4.605535298079516116e-02
2.689532535789911361e-01
3.747341784172892321e-01
-2.698327880502474074e-01
-3.349139700554788074e-02
2.919567321050261510e-01
4.253932020750693654e-01
8.513435892173504271e-01
1.796707876941677495e-01
9.259542376818610115e-03
7.799706879060442910e-01
9.747837741510579912e-01
4.317205239530249039e-01
4.008127185563354344e-01
-2.280468756383315088e-01
4.098873762311788238e-01
-5.993154499015740377e-01
-1.408831610217768926e-01
7.108266342883261257e-02
-4.867595139448188668e-01
-7.352761641971148343e-01
3.467841032187825995e-02
-4.563125140703381821e-01
-1.022312136344086575e+00
-1.127325367973744719e+00
-5.402464590795001964e-01
-1.038052887050061601e+00
-9.219198090438031068e-01
-1.018067132083360748e+00
-6.068844996439527462e-01
-1.073165005035812358e+00
-4.696265055664152199e-01
-2.177626447451649350e-01
5.663363098725173600e-02
-1.165866660061087412e+00
-3.288096808220109524e-01
-7.098405773447185041e-01
1.087583366110749655e-01
5.706134403497137297e-01
-1.894475911288512684e-02
2.547220834303290382e-01
3.206658034662241419e-01
6.040638782241244398e-01
6.837877838056439783e-01
7.278079939939150478e-01
3.503526022156190911e-01
5.244551530228628300e-01
3.946535023164913364e-02
-7.323796259202929315e-01
-1.482067673791523266e+00
-2.122717898923022872e+00
-1.246734399636685753e+00
-2.131867289504820739e+00
-5.350249877822428335e-01
-2.705833837043980949e+00
-1.481516317661897952e+00
-5.736917574491872118e-01
-5.430647963392437605e-01
-1.412874812090694210e-01
2.421139457479836166e-01
3.092858556616260302e-01
5.224157252099708160e-01
5.112094392472527060e-01
3.664171002503745500e-01
2.340903077932183773e-01
-1.133746848878299102e-01
2.392516907118845682e-01
4.326474692475209549e-01
5.434331227737850822e-01
9.927855597179605640e-01
-1.738072090849118456e-01
-1.690723253768780410e+00
-4.253442832112318550e-01
-1.781514904196730142e-01
-2.232589346230696048e+00
-1.944402745937813259e-01
-2.628107365752210128e-02
1.810735525008783098e-01
2.487239127454435039e-01
-6.943871082192351780e-03
-2.120763209327325427e-01
-4.593602439961184947e-02
2.873575367528647950e-01
3.809114242789892746e-01
2.465184400372707751e-01
2.225521579210655854e-01
1.651773305754264745e-02
4.640446100459790224e-01
6.127960912281098516e-01
3.443713065715892085e-01
6.290089455858833833e-01
7.592830268435875052e-01
3.872281617743986160e-01
5.012490107911008463e-01
4.160393697878002062e-01
3.909481843232934239e-01
-5.447388549951903691e-02
2.727836112657788803e-01
4.660116596722172488e-01
-5.170122999300712507e-01
-2.241133794088782938e-01
-1.724922318381695574e-01
-2.889896519171498701e-01
-4.097089723011321932e-02
8.331091168723573359e-01
9.402675684708269310e-01
-4.397863760114923970e-01
1.610461502727819905e-01
5.636952321502161078e-01
2.633154413878154854e-01
7.891490146355794044e-01
6.452608162194130026e-01
4.058905972283906038e-01
-4.027088490566616691e-02
8.388535820374095620e-01
1.262707348239966221e+00
3.016289252535466758e-01
4.022633284470082393e-01
8.603803283523254741e-01
6.187132742300404109e-01
7.407781432992807114e-01
5.455203440169293927e-01
7.554295049597098410e-01
6.249693544639333131e-01
7.586113886261462887e-03
-3.495676198515328403e-01
2.347167639952018325e-01
3.929090782578576468e-01
6.658135956616625384e-01
7.164642277904466061e-01
7.409144775788290005e-02
6.587622823752664614e-01
1.054063266935809429e+00
4.140966343058988253e-01
6.964893528183204729e-01
7.313495464319380579e-01
1.713240031665623220e-01
2.511849717215547950e-01
2.944211718314752035e-01
4.663247768135682647e-01
-9.264300985052774662e-01
4.313958121020582343e-04
6.494866656316272691e-01
5.844109127395757941e-01
3.541730986311520391e-01
-4.168587597058843325e-02
-9.902798377401486052e-01
-3.724311911781258422e-01
1.278989963625245529e-01
5.727653923996033347e-01
-1.703292372593825099e-01
1.268246754931532383e-01
6.686305523876290291e-02
-2.039647881849367406e-01
-1.576932879309701940e+00
-1.578867972033677347e+00
-5.885382862335692966e-01
-2.191986584435902941e-01
2.094225805883015434e-01
1.764308386913008425e-02
-4.200301627781386493e-01
-1.802168088040516647e-01
-7.889339978562430467e-02
-4.714999334922558294e-01
-1.703238025247863607e+00
-6.503145344811265272e-01
2.723816855521434821e-01
1.559082938322524370e-01
-1.040829885533247623e+00
-9.705505496131499044e-01
-1.156111494929107808e+00
-1.148644226165459026e+00
-5.880256646512456165e-01
-4.650698081935277783e-01
-1.343848666898750377e+00
-1.755187179516843443e+00
-1.930255495014711276e+00
-1.419438904168650373e+00
-7.984942407972439593e-01
-3.375857770808848857e-01
4.431980765041567544e-02
6.646503611534985978e-02
-2.744558780711455967e-02
-5.053125249592298474e-01
-8.417591956622637595e-01
3.028929230238797121e-02
-7.204281174268977184e-01
-2.665097149817143296e-01
-1.933564722578456907e-01
-1.457832590615757706e-01
4.715331691635892830e-01
2.080514240312745233e-01
-5.489768987906176179e-01
-2.167639270030812249e-01
2.811819427785118286e-01
6.157058247084351565e-01
2.208924131326711060e-01
3.271907715600270161e-01
8.487962675469906682e-01
4.606649523999732376e-01
5.882148877083321903e-01
1.464122861926245023e-01
6.141446901383565971e-01
6.220547290303101162e-01
2.195206678983269710e-01
-1.089617386540967514e+00
-1.600226920654860496e+00
-1.120511881130546561e+00
-9.688539840630349120e-01
-1.644038383108165302e+00
-7.496247616889764043e-01
-2.388825819130201700e-01
-7.861622162397462477e-01
-6.467316352619257858e-01
-7.198222345453297866e-01
-5.067241254762098190e-01
-1.983083867432043235e+00
-8.401366290901287615e-01
-4.141093228833113704e-01
-2.611660119898128185e-01
-2.204024531864149927e-01
-1.215375927281500346e+00
-1.180786197198256504e+00
-9.646510541124916349e-01
-1.108944080074268035e+00
-8.786502880711257735e-01
-9.013762708839522242e-01
-1.231984751278613066e+00
-2.281096474599919155e+00
-1.122429675863990450e+00
4.579742541157932889e-02
3.761407123091078386e-01
-5.882195462204373865e-02
-2.193485280873022081e-01
3.483780152841314259e-01
-3.543110016907374260e-01
3.613702742643327796e-04
4.248238553287485564e-01
5.114222681745606014e-01
5.892649350473216918e-01
6.374404870392532674e-01
3.293363074324535122e-01
6.316944192003172143e-01
3.447244179728292113e-01
3.399167547402751621e-01
3.602371385915771884e-01
2.098273823168364804e-01
-1.389425325942258427e+00
-7.505781187968344481e-01
-3.942102388626643195e-01
4.330312667644282965e-02
-2.154891501564352441e-01
-9.309513417879046182e-01
-5.641421399209891607e-01
2.659617025041087213e-01
-2.284799034397586304e-01
5.009901995978820466e-01
6.362809176066002159e-01
-3.400748592895897482e-01
4.761882493151865514e-01
5.576064488427917576e-01
9.629911122540091295e-01
1.064489276031563403e+00
8.892445747492875308e-01
6.578562320073405578e-01
5.448257568727620237e-01
6.094206041919278949e-01
2.346344214710308351e-01
-2.397391696388422311e-01
-1.487458183984879057e+00
-1.090927847395600336e+00
2.967154576575945502e-01
5.833097659869985740e-01
-1.685377610284721106e+00
-1.069266666103886765e+00
-7.452890544921267901e-01
-8.867634399679276413e-02
4.648710448385585114e-01
4.008870815100979978e-01
-2.127462031688641453e+00
-2.336772767247428106e+00
-6.440425744619520110e-01
-1.714353510867298258e+00
-1.372685673381739857e+00
-1.822827568362711981e+00
-2.621998414806168132e+00
-7.905947290392042470e-01
-5.303874067441275431e-01
-8.182671833508962100e-01
-2.083305510100292024e-01
3.155971283908441394e-01
4.137771549658810222e-01
1.502395468560739286e-02
5.472719257315030728e-01
4.109345114808125587e-01
-1.563269665438515865e+00
-4.142104143431569740e-01
-1.154345257420081872e-01
-5.085786394659045501e-02
-4.363566992276880496e-01
-1.601460571524669918e+00
-2.391146990452200694e+00
-1.894121171478925891e+00
-1.142698248829241647e+00
-4.722354283846214584e-01
-4.303756355168102954e-01
-4.324918186333173153e-01
-1.942749417926086686e+00
-1.221162313000639266e+00
-4.057872819404945708e-01
-8.708478775653508142e-02
2.290848701309161628e-01
4.836524700419431166e-01
3.871582693482512189e-02
-1.180980877815702268e+00
-8.373775271422617683e-01
1.314119381762158811e-01
3.707733360039133230e-01
2.523975525969932576e-01
3.182146751579116861e-01
-2.391505132996585292e-01
2.830694221482428219e-01
2.684056258904163883e-01
1.768201636302117827e-03
7.456729419337931875e-02
-5.638279602149263159e-01
-9.016958678214501699e-01
-1.391016228061146442e+00
-2.195937698025795637e+00
-1.683036588552136781e+00
-7.196935682339504758e-01
-5.127065246646476115e-01
-1.289122093921527545e+00
-1.906380319726964645e+00
-1.167487256982520538e+00
-1.344743437034317646e+00
-1.835139931601897478e+00
-9.870214949615502276e-01
-1.296547865605836902e+00
-1.739049600087688052e+00
7.313623616874279088e-02
-6.857319524341798367e-01
-2.301966095159748704e-01
-2.862848820985472997e-01
-8.388364302769940606e-01
3.350062910420251727e-01
-8.470924943372126759e-02
5.027010923598249637e-01
7.344711648660972036e-01
1.121163840498857978e+00
1.766505701533813422e-01
-5.263720223344169336e-01
-1.340108379732823485e+00
-2.858148444462881299e-01
5.420835184854379263e-02
2.839993656126231780e-01
-3.729443240705653667e-02
-4.541031517595869871e-01
-6.222593108335165990e-01
-2.101653272880365186e+00
-9.126204575239998951e-01
-1.097737320007373452e+00
-1.005970977057628390e+00
-9.990578536484274741e-01
-1.304219084395709327e+00
-1.944611489166281570e+00
-2.342553062699529232e+00
-1.492501140951180361e+00
-9.637142111690318869e-01
-9.916772790400990578e-01
-1.866415183210647033e+00
-1.102449913910264367e+00
-2.037115198220264656e+00
-1.499128143922070500e+00
-1.680835879776643171e+00
-1.022877447174548093e+00
-7.667377155811965217e-01
-6.007964820872543354e-01
-1.159574679930148289e+00
-1.723400031705391688e+00
-4.479624863096608456e-01
3.958248937895773867e-02
3.682392871831814407e-01
5.005547556020788491e-01
4.226886160266302150e-01
4.472198371733928091e-01
4.527567126568470823e-01
3.501068764198104200e-01
4.135448179060672302e-01
-2.832122596837494677e-01
-2.110391035397867210e+00
-1.757940305792118796e+00
-9.363979005961208246e-01
-1.256208942735237422e+00
-5.507344452678724078e-01
-7.939566159995357086e-01
-5.202444217464976539e-01
-1.046938136859492996e+00
-1.225306322177832863e+00
-1.035536718040181547e+00
-1.399130708471949980e+00
-1.964156619852784003e+00
-1.883586849901296434e+00
-1.715362645153265531e+00
-3.147979402019434603e-01
-2.470850422310734151e-01
2.843059799715323410e-01
1.797192562652291659e-01
2.895606495141126446e-01
3.622075647819439359e-01
-8.052793853646833533e-01
-1.550903843578921998e-02
-4.584604576138304188e-02
3.788956412193693057e-01
1.740281431366300091e-01
4.955345616777722118e-01
1.108268830978738489e-01
3.066765390399093794e-01
4.899516137612484612e-01
2.876417918942249588e-03
2.636200801202492339e-01
3.947385275993313680e-01
5.027384003168374749e-01
-5.524486734725003734e-01
-1.113046050201637882e-01
2.718685896456845552e-01
3.907068615203574402e-01
5.845121894290760123e-01
5.331794576844540723e-01
1.653086342881106285e-01
-6.514232131844856222e-02
-2.850901517394908713e-01
-1.794647411392017722e-01
2.275772610010342867e-01
-1.558400512988248054e-01
5.703913179165182035e-01
4.832418166007569904e-01
-4.386366905016149675e-01
-2.182907539929440366e-01
-1.626675328325817294e+00
-9.021320367934160256e-02
-5.772490264961421813e-01
2.127306070250466474e-01
1.718310444653840807e-01
2.094756189405119762e-01
-6.333333199128867719e-01
-7.265768914038917003e-01
-8.359058516998862931e-01
-2.679500612845291951e-01
-2.558833409960719618e-01
-6.280996696627527687e-02
2.596505448736067256e-01
4.931036228240984753e-01
4.948905177508776121e-01
4.278933934786208759e-01
4.970739562042165161e-01
3.068632933139658903e-01
2.492557264879624035e-01
1.880727558667681931e-01
2.629063946712222877e-01
3.924090105021231234e-01
6.807639595938466126e-01
3.323010644429781335e-01
-2.442518742505495888e-01
2.967050043168236173e-01
4.460197258340845572e-01
3.924164072805670367e-01
2.554427473110387758e-01
7.020212382699449888e-03
4.352480847417449783e-01
-1.641847974007034638e-01
2.475088790772938252e-01
2.932223665942355617e-01
3.106392638031432729e-01
-8.860146699246056468e-01
-1.909363176204138257e-01
-3.013455567261293933e-01
1.697928998372945641e-01
6.514263578800730259e-02
1.474399430411442169e-01
4.970744930987790883e-02
6.053068891485251929e-02
3.351233995697300294e-02
-1.339530334079053753e-01
-1.765984263653983533e-01
-8.918724616017785489e-02
-1.101628404436069797e+00
-1.715155422617650471e-01
6.412871975815397363e-01
4.429547045144145434e-01
-2.341257466629859119e-01
-3.707741717922969915e-01
-9.057689651164693156e-01
-2.118441370249164180e-01
-9.322923625713651352e-02
1.279298096866518242e-01
-5.547448884875175179e-02
3.094477525339530688e-01
-5.876741149258225549e-01
-2.177161565751203565e+00
-1.658087161549220090e+00
-5.612488415174348155e-01
1.596166271863333763e-01
7.845982217842462081e-02
4.929240414671799408e-01
3.574423211026608316e-01
7.444705320641091181e-03
-8.517107506150987939e-02
1.278675820950348277e-02
2.750349355742522373e-01
2.823323950506373969e-01
-5.279844118512044826e-01
-1.100444167058834077e+00
-3.140376219359927723e-01
-1.203832454319879730e-01
-5.388564277298878158e-02
2.027014850108921074e-01
-5.745847188053619659e-02
6.024703847495761766e-02
1.345831398763998876e-01
-2.287505267535712150e+00
-2.134357563912625100e+00
-1.681056984176746649e+00
-3.885013753605973674e-01
1.001720363755344012e-01
-1.098397331166314911e-01
4.475091471690113565e-01
2.985104084612264508e-01
4.708691093188757670e-01
2.766939956359760755e-01
-2.259316038268638360e-01
-5.443326635017042836e-01
-1.482555541012476052e-01
-8.168230753053102866e-01
-1.515327275796794382e+00
-1.168118158741153767e+00
-1.274192976970327740e+00
-1.229769713480294735e+00
-8.915227779909230543e-01
-1.719613943779046750e+00
-1.367498085969251820e+00
-1.204111549732079345e+00
-2.230221922766983056e+00
-1.438050834488629359e+00
-5.339240745937576804e-01
2.156824277416296565e-01
4.694726200206888467e-01
4.346604439036457768e-01
3.796119431950569223e-01
3.103354623822474623e-01
-7.321671390213363440e-01
-6.648167862138397721e-01
1.518440738731749451e-01
-2.206718199069175324e-01
-2.974524740706513959e-01
-1.319946293509668411e+00
-1.074423505787385880e+00
-4.270799792143277485e-02
2.715826169615726537e-01
5.833227445549808987e-01
5.781648996280186470e-01
4.088629035209183638e-01
5.964425504079305940e-01
6.127164050915833160e-01
9.139414315967837599e-01
7.042351643770129455e-01
3.881455302362120663e-01
5.560674204413342814e-01
6.509133866769154508e-01
6.864686261860507566e-01
6.245552860810320295e-02
5.482640149583204447e-01
6.365322887590892931e-01
3.706770716594775528e-01
4.630069051275600978e-01
4.440899619980525626e-01
3.597250557949411842e-01
4.684178208924689168e-01
5.183567625196269235e-01
4.054297711155179784e-01
6.605937790305451696e-01
1.137039964359311817e-01
3.505039437279284797e-01
4.168719605892584612e-01
1.435702861408663655e-01
3.417945318614604155e-01
6.160748742281634271e-01
5.415895813155228167e-01
1.733543381698650354e-01
-3.107393752350687821e-01
-4.151275930294401340e-01
-5.079946775580278517e-01
-1.133801583137052704e+00
-1.976449259344597031e+00
-1.363102028329473692e+00
-9.913351273494460658e-01
-1.379344688162494670e+00
-2.200580706647255802e+00
-8.763403873190108717e-01
1.543778287802014537e-01
7.290611875650124252e-02
2.894942182307337353e-01
3.239205275101015302e-01
3.801994476379182419e-01
3.823771628375672860e-01
-1.019808161964277371e+00
-6.532427253902030051e-01
-2.319971632496431180e-01
-6.290971944771785347e-03
8.547183324635160284e-02
2.361817933526657587e-01
-6.085926963811741919e-01
3.276187861955550534e-02
2.475856487694804431e-01
-7.057941143478541068e-01
-1.926567199029061150e+00
-8.890317782004705238e-01
3.348286725996881263e-01
2.274800725332250251e-01
4.745998659071531400e-01
6.312581958716876329e-01
7.117079771388780118e-01
1.557785320838477872e-01
-1.214697846142471116e+00
-7.972850275727380032e-01
-1.960907656200860105e-01
-1.055585427185392611e+00
-1.859370377376840522e-01
1.197941041160665021e-01
1.315253997896922988e-01
3.102667219288809397e-01
3.606214139147934650e-01
3.484368880510543831e-01
3.784704145307366541e-01
4.696686101287266824e-01
4.821992599589342010e-01
8.462650917146685714e-02
3.569833331375306673e-01
1.168763975475493599e-01
2.291626463508285860e-01
-6.768731609867779941e-02
2.814701151877995744e-01
2.563069401672714021e-01
-1.423159645641501880e+00
-2.114828801751337917e+00
-2.132941551348817466e+00
-9.458684024423215098e-01
-1.222753135630227028e+00
-7.269314492129508309e-02
-3.126753843224016061e-01
3.590671906644462563e-01
1.118253493028516926e-01
3.122303332052034364e-01
-3.687012203946344463e-02
1.353545764225677350e-01
1.154109222731580925e-01
2.523669852460589391e-01
-9.898632080054510229e-01
-2.506736104198568627e-01
-1.348524539618477791e-01
-6.654546747552066988e-01
-1.896483364286158713e+00
-9.824814478675839569e-01
-3.850546332298881436e-01
-5.100367891805551723e-01
-2.604661446790494939e-01
-1.857583845216300711e+00
-1.833943033547743129e+00
-1.421368309401922048e+00
-2.455939021945909018e-01
-3.016610334504077895e-01
-1.260692277062490374e-01
-2.416028921378716166e-01
-3.135191511479004656e-01
-8.266116134692834405e-02
-2.925412660805043127e-02
2.507492447670607860e-01
3.517151658766817235e-01
-1.207410900407134946e+00
-4.842528428504939697e-01
1.041757554322551849e-02
1.576024335017726097e-01
1.796122547223460708e-01
-2.162070699007558605e-01
-5.417580783507147668e-01
-6.552207103942722100e-01
-4.819108851639516411e-01
-8.232728137015054015e-01
-4.317935328453897936e-01
-1.949136274955538262e-01
-5.247477655490939696e-01
-1.678466196251943710e-01
-1.029364354936906090e-01
3.120581289618286069e-01
6.833048256940297271e-01
5.691468379934171429e-01
6.639060260809742653e-01
5.413093014189732655e-01
6.743290557946957087e-01
7.229788658649485278e-01
1.413859756819265401e-01
7.970539972264015227e-02
1.326634549498154347e-01
-5.320750073388686996e-01
2.483872814139544138e-01
1.162107209851516026e-01
3.678390515274249650e-01
5.388723731718342291e-01
3.407596085324538504e-01
-1.226321734709615585e+00
-1.336338623596097896e+00
-1.672086954253135249e-01
-1.586500030911421444e+00
-1.290062894074890165e+00
-4.878275305796064276e-01
-6.565008945382151406e-01
-5.655516239866525963e-01
-4.242235869780161539e-03
5.205960507789091085e-03
-2.108475162946390688e-02
-4.781577043033997665e-01
-6.707377131567523465e-01
-3.896416325931613134e-01
-8.330549197984653542e-01
-1.939608572214010396e+00
-1.578324871459607426e+00
-2.749910598127936964e-02
3.406897418097148411e-01
2.617398712379524484e-01
2.975546433620435693e-01
3.887072351492300570e-01
5.136308601154113695e-01
4.868181461572063107e-01
-2.404947145214407500e-01
-1.091931077154471907e+00
-9.255119998459425401e-02
3.286949826386428297e-01
2.952436635694072331e-01
5.199357482177562745e-02
-4.684472223004587099e-01
-2.452152318928343122e-01
-1.647229775032972576e-01
2.269854599419421914e-01
2.219484605420415646e-01
2.207639543645692204e-01
2.897881192136770867e-01
3.457991520122439266e-01
3.792677999128717392e-01
-1.316434247542142277e-01
-3.193498979956402861e-01
-3.418597450034063789e-01
-3.557849275431255731e-01
2.329114311327443732e-01
1.377807139511738055e-01
4.819764663659656945e-01
1.549838377633084296e-01
5.658901084500546075e-01
5.279393989590120961e-01
6.671451847654543688e-01
6.865337392937861383e-01
6.170745919117176514e-01
7.756620475114681668e-01
-6.115359119181996705e-01
4.433399710879379341e-01
5.438866482954978210e-01
4.167421439295596053e-01
2.973573793427952694e-01
3.793533703472505847e-01
4.902802696669807947e-01
1.151573176115116837e-01
-7.349695308309547870e-02
-1.278306566868296357e-01
1.987848280787372079e-01
-1.823192236635715613e+00
-1.140205889608784995e+00
-2.249638229685222562e-02
-8.234121514375536410e-02
1.677121359728239725e-01
3.595220333299946613e-01
6.060343406468011729e-01
-8.058110423099497099e-01
-1.999099419158989033e+00
-8.151995447160865771e-01
-1.213054848110380002e+00
-1.491982930982003630e+00
-4.063153739987911406e-01
3.482813577713206321e-01
5.468720506517925628e-01
4.676455215109427965e-01
4.187558448612225259e-01
-4.376899516870846885e-01
4.736528227053718454e-02
3.336157898645688014e-01
4.267525480154581996e-01
3.920515938840939962e-01
6.148594347173033103e-01
7.067623472579226407e-01
4.883560623249615928e-01
-2.219878679584584222e-02
2.931804762711486267e-01
-9.018389475786896536e-01
3.016639816359270032e-01
4.709797311950873477e-01
1.614461106377665933e-01
-6.648496942183990122e-01
4.082810633703610748e-01
3.708984202581740997e-01
4.075345195762951622e-01
-6.722511690963450803e-01
-8.255959082230130974e-01
4.429944093446337994e-01
7.499555954072526509e-01
-3.015263120504846905e-01
-4.296610703660396768e-01
2.834817289622492686e-01
5.726296868306498533e-01
5.655595651288153336e-01
6.363763988171409203e-01
-8.135806543398916846e-01
-2.434947609305491423e-01
2.568325487818436462e-02
-1.026404627529998309e-02
-1.290391053423144863e+00
-1.794326067047536111e-01
-4.847927236226891486e-03
2.617728309589961722e-01
8.345548429145760450e-02
-6.417304623630575300e-01
-5.304942064708124683e-01
-4.354016069053512350e-01
1.756537770431141621e-01
7.011340655639178854e-01
5.622495852915948555e-01
7.194405305296104336e-01
9.942104866904660776e-01
-6.198002722885948002e-01
4.236326668129396511e-01
-6.193682593008029702e-01
2.155652458287450335e-01
-1.738436080730169087e-01
7.565885319371647988e-01
7.341603389242179478e-01
-4.954468188321459743e-01
3.030961724661548340e-01
3.500594761626650842e-01
1.799857385224831463e-01
5.076540151566708570e-01
-5.142820598489755701e-02
7.598160169362342398e-01
1.094356773529751914e+00
-2.366988842534419046e-01
-5.669011808308899170e-01
-7.956736380085176474e-01
-1.011027649296889042e+00
-7.303558380180074083e-01
-7.738645594173787501e-01
-3.517921227926855410e-02
1.460084392688903721e-01
2.254773474147996892e-01
3.110161445799233260e-01
-1.130663613854814287e-01
-4.242470832054930918e-01
4.425369359828775773e-01
3.106601111251456881e-01
-1.893290349714329690e-01
5.478306715944327721e-01
5.022372259185173271e-02
6.228197487780443575e-01
2.761484165821636583e-01
7.146996133606634549e-01
-2.940073054186693180e-01
-4.815620158663240780e-01
2.344829578166359174e-01
5.073731388347595822e-02
3.252504753668350457e-01
-8.525405670252486634e-02
-2.404575449391278263e-01
-1.331810046018155544e-03
2.959423284158112510e-01
3.817635281924377511e-01
5.982929244956128878e-01
5.491138676882217906e-01
1.249152643585222794e-01
4.043020845835764154e-01
6.627535487722597818e-01
1.019135635588513500e+00
6.520424396016948343e-01
7.320068630933107556e-01
-1.255920388963202239e+00
3.270992812115994935e-02
-8.783675771967425217e-01
-1.910907281589893994e-02
4.119250108092813445e-01
3.982138803022338691e-01
-4.667934187349509489e-02
-7.241566336260738534e-01
-7.506456318966928665e-01
-8.660053430286794862e-01
1.107386357975962549e-01
-7.923035891298822742e-02
1.481929631802933189e-01
2.828361047672503514e-01
-1.864407105517063012e-01
-2.373534451506855991e-01
6.466724117907213243e-02
1.163513794152903069e-01
5.372850538143718324e-02
3.624312103321881140e-01
2.965847883260983586e-01
9.654632792226940374e-01
1.177761863304392032e+00
1.011194399761594642e+00
1.066213825208595978e+00
-1.920476076981625368e-01
-2.665348486273821926e-01
-6.915318659729902118e-02
5.195597366097191860e-02
-1.702829107289745569e-01
5.778429999828617047e-01
5.817558009894819859e-01
1.002441675590306058e+00
1.164673161403939616e+00
1.024895896092806957e+00
1.028403997996664376e+00
5.542247218288789412e-01
9.728486347152809355e-01
7.818046744931967940e-01
7.555603663459956598e-01
3.265758432908832387e-01
7.470821450943589959e-01
2.991351663300648722e-01
4.266378315028135915e-01
6.490380515736364764e-01
-4.060890427776532863e-01
2.927815633999340111e-02
1.071716043362699461e-01
-4.521912669388705175e-01
-3.000924614036850624e-01
-1.350140205728880272e-01
-1.800018063275560520e-01
-6.741325975300550555e-01
-1.219253706778847118e-01
1.677786994198049164e-01
3.136360397860539773e-01
1.682097648584690852e-01
7.468836515679264099e-02
-8.769216837468868375e-02
-3.580977527623374623e-02
-1.159222942292538194e-01
-5.656167659408367632e-01
-1.305970090440826459e+00
-8.306459061792775822e-01
-7.529730938418370823e-01
-5.661113707086617985e-01
-3.943415567154270329e-01
-3.531429642461423879e-01
-3.393054730021488052e-01
-1.743145045429597140e-01
-8.348314800349128373e-02
1.008010455131702204e-01
1.424774864043223677e-01
2.733144881551407002e-01
2.452509912338666775e-01
2.841708753019505165e-02
1.437895668626756052e-01
-1.068213907857903794e-01
1.173604591215652998e-01
-4.532083911482475136e-01
2.923855344123912348e-01
4.791030071540387514e-01
5.774431814833368426e-01
5.982390865621683984e-01
5.396361240652544078e-01
3.403290667254568191e-01
4.823906585427470417e-01
3.987255293299054593e-01
7.072804814436380871e-01
6.119788976810504044e-01
3.995929639375922493e-01
4.260906166916254012e-01
3.851475719549228849e-01
1.761895151194809161e-01
-8.980620558056345848e-02
-9.572860626767748515e-02
1.833119423812294702e-01
1.929676325460331215e-02
5.386554126196387016e-02
-9.495296195213800972e-02
-7.059828779131906984e-01
-7.895572061363754779e-01
-9.190177489507865838e-01
-1.436822820978678639e+00
-1.311561210033520997e+00
-1.959371823101975441e+00
-1.729876010470227987e+00
-4.239419938423696355e-01
3.458282329817849998e-01
3.409881403116050147e-01
4.561378342035226630e-01
3.277111025850396042e-01
2.507771619503600946e-01
5.733110813902313474e-01
6.793376175219487667e-01
5.418752473491179611e-01
3.017823560479132028e-01
5.334512190738428528e-01
1.814975910909238377e-01
3.998459100659332854e-01
-1.083303718292875084e-01
2.103442575426098249e-02
5.812424048241559005e-01
3.669905286706665049e-01
1.366079824391125963e-01
-4.922599161880955587e-01
-2.043126590876853388e-01
8.312274175845976720e-02
5.233193688146378086e-01
4.757821861384691209e-01
5.599149533288558800e-01
5.531991745393275428e-01
4.200753815839334271e-01
3.417210884991523367e-01
5.589544938390570428e-01
3.434795864567566914e-01
1.590431625275178507e-01
-1.151150251900001642e+00
-1.061371146025552381e+00
-8.457230808649397469e-01
-1.212423810489614784e+00
-1.163421131816964049e+00
-1.228140177719219128e+00
-8.366551124714933785e-01
-1.305712793123494198e+00
-1.006734914059378871e+00
-9.345600305016662501e-01
-1.046481172328618703e+00
-1.367444560257006003e+00
-1.450869826160737563e+00
-1.314921368611338348e+00
-1.451238279390828501e+00
-1.134183154609671895e+00
-1.257666258641746193e+00
-1.776619994035711914e+00
-1.911550812477462502e+00
-2.076973641302084950e+00
-1.882456238294189399e+00
-1.098599691827386593e+00
-1.029787395852880039e+00
-9.207090485158220261e-01
-9.398407850429184585e-01
-1.014005648932280845e+00
-1.126817082358690048e+00
-1.472312046485023895e+00
-1.156413175668321358e+00
-1.506626835001394271e+00
-1.142316817830631104e+00
-9.717798104190484842e-01
-1.177227292019186189e+00
-9.850880136940753928e-01
-9.806046835334512046e-01
-1.038056144712390161e+00
-1.239348973449535540e+00
-1.146641373813114706e+00
-1.100700215864462095e+00
-9.579889662741926104e-01
-7.009369667105188606e-01
-7.362494406859990681e-01
-8.506759918609705373e-01
-9.329556089957903309e-01
-8.615750919021337717e-01
-1.017523534838219446e+00
-8.651395048108403429e-01
-8.123014175774924128e-01
-8.719343060447705129e-01
-8.700110334155715108e-01
-7.905997664937854941e-01
-9.402668568610993427e-01
-9.094511263575643101e-01
-8.608395834225793797e-01
-1.363252053900689376e+00
-1.341529706736192873e+00
-1.049900502827382009e+00
-8.471158203469808523e-01
-7.627165336304686516e-01
-8.001900848778197295e-01
-9.416431069083358585e-01
-8.775374881221366108e-01
-1.020712117432602595e+00
-9.320792091385223799e-01
-8.296987154396159303e-01
-7.967236547500711197e-01
-1.543710346541374623e+00
-9.764915598866317215e-01
-8.593255583945446086e-01
-9.223419628353541899e-01
-1.007685979486630190e+00
-1.181267429474418540e+00
-1.474520411580124479e+00
-1.384698270508868401e+00
-1.113540109611460993e+00
-1.018053930286903608e+00
-8.697737376756451422e-01
-7.204795852899085196e-01
-8.942448648399465849e-01
-9.756288703854255617e-01
-9.983740732933575890e-01
-8.236161726613830947e-01
-9.931785584846569703e-01
-1.173644727661061093e+00
-1.022785240974781518e+00
-1.208652483357103957e+00
-1.060981285715312250e+00
-8.444649653346867346e-01
-7.172818310479851522e-01
-8.763876435235551376e-01
-1.119683013551584283e+00
-8.880329782268663319e-01
-1.094120472238388375e+00
-9.635586641302995581e-01
-1.343132360052772034e+00
-1.049188903587083832e+00
-1.023057565878734865e+00
-9.749907869916024650e-01
-1.301080931116714412e+00
-1.056280724678062333e+00
-8.878035877485718208e-01
-8.667054701597715072e-01
-1.010988770787348612e+00
-9.853488773680123547e-01
-1.376377120530223541e+00
-1.553585427222177850e+00
-2.324074680311912999e+00
-8.691451054622798544e-01
-8.386904513220438950e-01
-9.042387651819161487e-01
-8.922227038166693491e-01
-9.159649733134188621e-01
-1.253598901868482551e+00
-2.105373965123050084e+00
-1.564338821166545657e+00
-2.283549551717274806e+00
-1.047675135140778035e+00
-1.129284916840659347e+00
-1.151282970135227401e+00
-9.091394626590676431e-01
-9.176250974640861591e-01
-1.032880229065157751e+00
-9.935159193155798096e-01
-1.109068227976933274e+00
-1.092120829627926115e+00
-9.433816848815070877e-01
-1.040184068343500190e+00
-9.014306242249406909e-01
-1.104889117111357510e+00
-1.035026561994685679e+00
-1.030508100560826534e+00
-1.193899576660619744e+00
-1.055949332927032414e+00
-9.563022222608742462e-01
-1.378091881953369402e+00
-1.605464487520113170e+00
-1.731474188175315954e+00
-1.627346721539727481e+00
-1.704435988001041125e+00
-1.468274720039885350e+00
-1.171579580730103931e+00
-9.924065581337522257e-01
-8.529101605993021362e-01
-1.116510215216905078e+00
-9.598803608623758254e-01
-9.014498259034445793e-01
-1.044012628999723358e+00
-9.734699125341464976e-01
-9.732895233980227712e-01
-9.358020273940518274e-01
-1.230416667098993555e+00
-1.267729815014922101e+00
-1.060502575198229103e+00
-9.938039484109993937e-01
-1.128806406761236447e+00
-1.069915338950512718e+00
-1.201748126034018815e+00
-1.595444500461115744e+00
-1.498852009728142809e+00
-1.179817497410111882e+00
-9.702661120968537611e-01
-1.119862935696257722e+00
-1.440624860783790595e+00
-1.267114809534049202e+00
-8.708376825304988689e-01
-9.058431442819737667e-01
-1.087621173355660442e+00
-8.788184497614974777e-01
-1.457111818465723241e+00
-9.491044574054390282e-01
-7.596469708598415638e-01
-7.815466379931050867e-01
-5.680518110798637998e-01
-7.402226087315972869e-01
-7.379650125232399827e-01
-9.443115778064452570e-01
-8.453966458461725786e-01
-1.150991434882167930e+00
-1.292504573170967008e+00
-1.177998967475392345e+00
-1.139150923133691151e+00
-1.228527858652019189e+00
-1.291011612586848489e+00
-1.325912156687428123e+00
-1.282435781497194061e+00
-1.526324662507503982e+00
-1.228770422705796284e+00
-9.698260638029367886e-01
-9.017510823753999150e-01
-1.180280470028803874e+00
-1.195808180170679913e+00
-9.914924333584709260e-01
-1.035951517014374046e+00
-1.267699304943343375e+00
-8.935204187873753146e-01
-8.019143822364593888e-01
-1.079854609546710531e+00
-8.254629862061932943e-01
-1.291810756674137695e+00
-8.294644647086905076e-01
-8.921999034245393645e-01
-7.927172784345647427e-01
-9.519637901324911056e-01
-9.563898606601767272e-01
-1.360288582164299598e+00
-9.164055539110248505e-01
-1.001723067191567340e+00
-1.109819244100008984e+00
-9.494984958792316299e-01
-7.885454467370279774e-01
-1.062371204911854994e+00
-1.272484068072610608e+00
-1.131373896108955668e+00
-1.767664146986418938e+00
-1.645960230560061355e+00
-2.038701862632358974e+00
-1.140868993829743161e+00
-9.746618862137639283e-01
-1.380595082674381580e+00
-9.434848084835402160e-01
-1.093503201169320649e+00
-8.519764063283037370e-01
-7.622800203762494231e-01
-6.090067623124052476e-01
-8.766648741891089891e-01
-9.092546814874894467e-01
-7.121676554166642692e-01
-1.045668164157467661e+00
-1.038334418210509646e+00
-1.036308302889100252e+00
-1.035272517353043487e+00
-1.020042291863250350e+00
-9.625130038208626893e-01
-9.338133772718564263e-01
-1.274274117819200747e+00
-1.144462321222195822e+00
-1.084886275846597581e+00
-1.138112991422301157e+00
-1.210743537111747647e+00
-6.606494849329468400e-01
-1.144422526156319675e+00
-1.157117808225607503e+00
-1.066486135705380311e+00
-1.269721370497371327e+00
-1.222773760522583908e+00
-1.210098221747924585e+00
-1.144379075815171509e+00
-1.127149742052258485e+00
-1.482793521617310484e+00
-1.197804706038028355e+00
-1.681170159973047529e+00
-1.294956844417732844e+00
-1.255353425363197273e+00
-1.192255746342983036e+00
-6.805317008151731129e-01
-1.200228334872184055e+00
-1.283942949542108858e+00
-7.151380132637262799e-01
-1.266818050947354335e+00
-1.254752848868046167e+00
-1.347975187653625451e+00
-8.414312172449508465e-01
-1.243467260921854445e+00
-1.294744330309962832e+00
-2.046427747800295904e+00
-2.078813705579611426e+00
-1.321080369135688048e+00
-1.224936682828923873e+00
-8.111697062202478659e-01
-9.705259265504707633e-01
-1.637540254175956278e+00
-1.491766955403825978e+00
-9.847385706853513110e-01
-7.973397964920831971e-01
-6.811584015254277258e-01
-8.019368439972154317e-01
-7.407462580021541010e-01
-8.506881931359215887e-01
-9.320972247417542711e-01
-7.652066328061912781e-01
-9.601384346924816127e-01
-9.819837139169033113e-01
-8.864342225641147488e-01
-8.897213226872935365e-01
-1.122525284005571944e+00
-8.866518190095795671e-01
-9.363331115569444307e-01
-9.001838850774408485e-01
-8.898364547192055829e-01
-1.199268045053685672e+00
-1.248860078170455967e+00
-1.061273276355182871e+00
-7.838206997500470896e-01
-1.105075834382300171e+00
-6.522956870180746103e-01
-1.927590104658081449e+00
-2.025770141191024276e+00
-2.657001338561010950e+00
-2.447077877468897711e+00
-1.477138790436599569e+00
-1.050476837831068488e+00
-1.000961236238823160e+00
-9.409759372364979724e-01
-5.181827649008114989e-01
-5.758850561846027283e-01
-5.345089147702697385e-01
-3.215163305305390740e-01
-1.663858632592809805e-01
-1.527691335004414674e-01
-1.330601975169112550e-01
-3.012886388321352471e-01
-3.514991805977976669e-01
-1.348502881933481223e+00
-1.462556883327714052e+00
-1.724084664768972708e+00
-2.034324346303637121e+00
-1.568406088657724018e+00
-1.222361205495639203e+00
-9.526449453974106252e-01
-1.646356134789575210e+00
-1.144624084804047648e+00
-6.660556453480125372e-01
-3.230292889080236263e-01
-1.250668118663310624e-01
3.465525636588796116e-02
-2.419908016586141686e-01
-1.380070768461070518e-01
-5.504704514679026328e-01
-4.215304071941938235e-01
-2.882101875623387932e-01
4.591137253407003294e-01
3.182200650715716894e-01
2.313924040910936841e-01
2.362929345789900257e-02
-6.962691298728377332e-01
3.619815771662762693e-01
4.645803551699075884e-01
9.758063197928368293e-01
1.047431726908723659e+00
1.033033440251571511e+00
8.588000816780612112e-01
9.701785967262437360e-01
1.059281000170730902e+00
1.071202105251387815e+00
1.190087505220412289e+00
1.183372134274324416e+00
9.249305588846317150e-01
1.238924114883187322e+00
1.182567035380571951e+00
1.148654394933164014e+00
1.161295783424313388e+00
1.371816637720518095e+00
1.347682628276543948e+00
1.340176240062033397e+00
1.472991128581125242e+00
1.434806030939842270e+00
1.178076869216163836e+00
1.295720932822602700e+00
1.390157853428915846e+00
9.324641083175272405e-01
1.182984831418718352e+00
1.180221796093820164e+00
1.288055150605145416e+00
1.194511024238090524e+00
1.411317647594395819e+00
1.292705096442023471e+00
1.386671644121431068e+00
1.121312513537231270e+00
7.974241855154881042e-01
2.352866188118295232e-01
-1.429945989001012885e+00
-1.786197460508185397e+00
-1.228019010783575782e+00
-1.621170095326296856e+00
-9.277333341342224315e-01
-5.420721564937344139e-01
1.722716685910404000e-02
-9.604926183433085130e-02
6.258878529529086909e-02
2.335405899430314514e-01
4.203392844087596170e-01
6.583564208760775971e-01
2.526332720780379362e-02
1.989541421557112499e-01
-2.995776040714470678e-01
7.394194087991289022e-02
3.788334686568036735e-01
-6.207133383858731701e-01
-9.783723513680333550e-01
-2.591705267157543013e-01
6.816019221193037048e-01
7.086906630726481637e-01
2.478438366707774176e-01
6.339468246882259406e-01
3.808724919425394151e-01
8.051134030229908367e-01
8.976625062960176260e-01
9.978779364861040113e-01
1.054518565829043242e+00
4.357091604826011655e-01
9.025214303665770599e-01
1.121699077405633460e+00
1.058722905214528387e+00
6.932708375935211498e-01
6.102864457754749727e-01
6.890790775611048691e-01
7.539219268326580181e-01
8.484310290155427925e-01
7.799074776173985368e-01
1.102063627587872574e+00
9.584522481427338869e-01
1.196118620999776949e+00
1.221891437769244693e+00
1.164847816942957914e+00
8.147430656701530882e-01
8.398298496715497219e-01
7.768117405367981343e-01
-9.337996536976304052e-01
-7.528304136276234848e-01
-5.196711855696183324e-01
-3.168320430199068616e-01
-3.883492682709044352e-01
-2.451289370508588292e-02
2.651116897516920257e-01
1.084709524112581064e-01
1.053340813091371952e+00
6.558799954154294065e-01
1.039707114707135061e+00
1.308321999477102704e+00
1.300512715139313213e+00
6.548349985112303928e-01
5.859890237381458755e-01
3.808408816686868481e-01
-5.929347314471143937e-01
-8.256079926977015759e-01
-2.204387854172251693e+00
-2.096105651388886937e+00
-9.064070253870745164e-01
-1.889273558482238657e+00
-1.733070841352119640e+00
-9.996958718994347626e-01
-6.440501319545445247e-01
-1.201071566550208747e+00
-2.329112429770329395e+00
-1.450759128216988936e+00
-7.233872151413998086e-01
-5.331982517730495807e-01
-5.309428841124742143e-02
1.929033671926946580e-01
-1.237090649722950991e-01
-7.281994042464451367e-01
-7.978509990584151668e-01
-1.318010494042939074e-01
4.554968901000780446e-01
6.457973455343414271e-01
6.109770151915038250e-01
7.129464783656821458e-01
6.072748411694741666e-01
7.038906647533905714e-01
7.754010417940244704e-01
3.193802887187775497e-01
5.055183505419845735e-01
-9.053870360316548793e-02
3.848143886687061532e-01
4.833217265041376276e-01
2.733746417168103626e-01
5.904079208318582239e-01
6.245869314343761580e-01
8.873153093178257622e-01
2.333915982513357912e-01
7.489535635626487498e-01
5.980287506762175243e-01
5.351724438970000275e-01
1.424870264323537805e-01
2.759150753875885820e-01
9.675639442717882954e-02
1.199798799131087945e-01
-1.030320487076184927e-01
-1.349925472547023997e+00
-1.018030062683495052e+00
-1.168566310330467317e+00
-1.923251594991292279e+00
-1.159794177533962856e+00
-8.714500164782393865e-01
-5.179626095140632547e-01
-2.014877909759617225e+00
-8.969416875824237634e-01
-7.724316434340919857e-01
-1.527289512738277066e+00
-5.101662705963150302e-01
-1.849971900407026137e-01
-3.923555402569642858e-01
-4.230789611347397505e-01
-7.572234694576702729e-01
-7.407712698403250418e-01
-6.275424544856390840e-02
-6.815984616235049032e-01
-8.259275622847253029e-01
-1.033563644268134185e+00
-1.315064020517850318e+00
-1.216087868909516034e+00
-8.304888640407468436e-01
-1.723408891935190423e+00
-9.853337245635260810e-01
-1.416642011786890532e+00
-1.256093964943489238e+00
-9.185523957013939922e-02
9.502666036288918150e-01
9.180155452050499099e-01
1.181789655450032672e+00
9.598829708193090671e-01
9.197378211686025873e-01
-3.018389999758753772e-01
-7.446872075559172188e-01
-8.132186956018632173e-01
2.197697012663415439e-01
8.470307302469554100e-01
7.686741303750475041e-01
-1.311196538529485034e+00
-9.364227739484011492e-02
3.994417568228265658e-01
3.634268303830732738e-01
1.027692179169454656e+00
9.845175228699305503e-01
1.188201523916100344e+00
9.778456325927001869e-01
8.837208250454824388e-01
7.975057661826415734e-01
5.356193280373349186e-01
8.141692320614650757e-01
7.633789640584915936e-01
7.180383112067642015e-01
-3.443637557009880390e-01
-3.605243841215913791e-01
2.934378915085408268e-01
6.135358518762823454e-01
4.711863617953995220e-01
-7.290224719349474025e-01
-2.052229738319842678e+00
-1.103504920261520139e+00
-9.838078228210276333e-01
-6.747117860966261871e-01
-2.494485730857882722e-01
6.700116544332447577e-02
-6.370184581810620639e-01
-2.670070319747693266e-01
-3.400066510383257246e-01
-2.815357958600978594e-01
-7.703597455182427112e-01
1.291678664833768309e-01
4.223980671948254773e-01
4.144410503337874196e-01
5.006286790607780146e-01
7.197466447201358308e-01
6.474435775853658592e-01
5.085042366735581520e-01
4.131169088252387711e-01
-9.952488355196346115e-01
-3.325617342483894179e-01
-1.345780413328814040e+00
-1.781261373582641694e+00
-1.972320911108051300e+00
-7.129534264954235923e-01
-1.350698097433432610e+00
-2.287067207352054266e-01
7.139929464077833243e-01
9.498024078513442880e-01
9.280147539049807826e-01
5.453757878010173643e-01
7.032134558745384290e-01
-3.687915831281127765e-01
5.952064421975075126e-01
7.069916354309876416e-01
3.172304023599781808e-01
-9.326749968164769200e-01
-6.924744050919674487e-01
2.130535375861464242e-01
-3.760097836524458614e-01
-1.798718232979697573e+00
-6.536030477558866236e-01
-1.018881917858851960e+00
-4.649977373820494142e-01
3.876182469064605174e-01
1.053319120320221680e+00
1.009091248073140212e+00
4.912912230019384485e-01
-7.804440345869438911e-01
-5.318228590307502168e-01
3.749709199318678188e-01
9.737429287793530897e-02
-1.617003209125383645e+00
-3.675122388854273336e-01
-2.827960375728559850e-01
-9.833291896006945976e-01
2.892495502447868239e-01
1.208420436623324490e-01
-7.524895249908883921e-01
-1.725357600815056625e+00
-2.276416281778714801e+00
-1.589677081883892118e+00
-8.573419443584803235e-01
-9.136214856240278959e-01
-7.508157824706739314e-01
-3.925245326751183317e-01
-3.687659978784468273e-01
-3.298879137890669555e-01
-4.411451361022747375e-01
-2.863906555222587302e-01
-7.737842146381350705e-01
-2.925120023550090709e-01
-3.111080322386872710e-01
-2.553506062868524454e-02
1.064493116696535631e-02
-2.535336805551166584e-01
-5.265992839019488780e-01
-4.952155972242985316e-01
-3.988175792757825411e-01
-1.429476479478917872e+00
-5.615499946529853847e-01
-7.217197455316910482e-01
-7.527354146304371385e-01
-4.442110946260912074e-01
-7.208600480166147406e-01
-7.869520793528866909e-01
-4.377797297834267187e-01
2.841816838633723363e-01
8.269832857809199522e-01
8.454290311260188595e-01
5.864075639337784640e-01
5.444449195365402838e-01
-2.816058747586250854e-01
-4.835130763194673831e-01
-4.270812920874604290e-01
-7.331869541406075275e-01
-8.098011695125933995e-01
7.611329781285547380e-02
2.466234261925798199e-01
-1.702583220305822417e-02
-5.402903481059224688e-01
-6.377971033548150981e-01
-1.453228520172750837e+00
-2.150953665531824655e+00
-1.901222740364134189e+00
-1.894268207347436839e+00
-1.854807323290438736e+00
