2.719416396166857708e-01
2.608227163861279174e-01
-1.363120752614053501e-02
2.446845217425839547e-01
2.390186842177347004e-01
1.664667100219371643e-01
4.604858829814987425e-02
2.653947753439812179e-02
2.402742127030936536e-02
3.696747220390979027e-01
-5.505320556353398009e-01
-7.275443218562718251e-01
-5.696473017639709646e-02
-1.693869605080743426e-02
-1.397234918840920548e-01
1.884458279497585043e-01
3.996204783220043688e-01
3.229925546731624575e-01
4.289620655648759828e-01
6.348515198120660008e-01
4.734374937366575553e-01
5.135959297446305305e-01
7.755353512928536697e-01
7.786652554925180825e-01
6.874863660250201125e-01
6.503603034929562599e-01
8.030333597051593220e-01
5.125492960981670176e-01
5.430679954751673755e-01
1.801721431484672731e-01
1.217894491101962351e-01
3.645194971406824358e-01
2.556641902304936931e-01
3.674457397126826841e-01
5.773920014151320279e-01
3.583470183305223489e-01
5.395682667628191043e-01
3.096731722253173724e-01
3.236658516745278824e-01
5.134636744001936925e-01
4.398756103630137582e-01
7.315835790856520804e-01
6.190283496633990357e-01
3.752747839194841561e-01
2.668685568227752714e-01
6.487053870648839052e-03
3.612525428616058520e-01
4.735474942523493769e-01
4.864876089504606704e-01
3.303944720970534710e-01
2.797582394308010256e-01
2.213431941847245066e-01
-1.777983277507716453e-01
6.186084190394036675e-01
3.523837956596649335e-01
4.110006168764837597e-01
4.531375514456050246e-01
7.987806833655557159e-02
5.254899038536593459e-01
3.447639402301749811e-01
6.024143872112113218e-01
1.072534649146489154e-02
4.462961635618639678e-02
-4.916591704445964078e-02
1.725004171542366682e-01
-5.869517848153248812e-02
1.097383904097709029e-01
-1.897244148305249067e-01
-2.949149639176962268e-01
-1.659746425960563210e-01
5.642322286575264523e-02
-1.725481311557732766e-01
-3.747618174895685217e-02
-7.992851409256827855e-02
3.509630014834452250e-01
-2.345864935869641232e-01
2.043708310071810086e-01
4.844163390195866392e-01
6.234645925745091466e-01
4.556685940730265671e-01
6.101651218072472460e-01
7.309178566926497478e-01
7.187908121174639842e-01
3.333310728541249435e-01
7.124389027743982528e-01
8.798000142214040808e-01
9.749047525991082486e-01
1.015946602276204702e+00
8.945253619025116398e-01
8.900220682388947369e-01
1.000941359329368119e+00
6.666254593860316824e-01
6.340454051492924181e-01
8.367021089825540381e-01
6.902882077230787505e-02
2.308767299956690222e-01
5.138112973201539591e-01
7.175087221888840627e-01
7.187994789765843606e-01
5.580842590188599406e-01
5.675422738433087977e-01
7.661885992625413477e-01
8.642283310990300782e-01
5.759221731440320458e-01
5.780122215009956266e-01
7.829724299428614254e-01
1.014801006279076434e+00
1.026770700215369425e+00
9.974841029845609164e-01
9.490613309160017552e-01
8.770577447573976171e-01
8.407229151166736303e-01
1.034077858525107141e+00
-2.462472161800345338e-01
-4.060390815566751743e-01
-2.212161694185174332e-01
-2.453510664534830077e-01
-1.738583445789239901e-01
-1.182274309931367617e-01
-1.353383862208529242e-02
1.376244750966076347e-01
-1.439428953887534057e-01
-1.817017883325405259e-01
9.184244238213153111e-02
1.355304925182962139e-01
1.869532437406652980e-01
3.486980957763410882e-01
5.579517119698271799e-01
5.681532634991964814e-01
4.747812731672622077e-01
1.013929255201680979e+00
8.770856907992063967e-01
1.127080120699377686e+00
9.156447175015383078e-01
1.026186977215388874e+00
1.040389564950166434e+00
6.431362692527582414e-01
5.262463696476328279e-01
1.105017231269449063e+00
6.606229068181931341e-01
9.611926963580179617e-01
-8.098116187895882945e-01
-1.065636601932388627e+00
1.671118622384328845e-01
5.422432693893505240e-01
-1.030757243073384011e+00
5.825009800601406162e-01
1.733479033700055238e-01
2.367254556099243068e-01
-2.143906618707424716e+00
-2.433675380574276126e+00
-1.189015323655683742e+00
-9.499673635798060456e-01
-1.485851517558934631e+00
-1.224778358008840051e+00
-1.300993662308805199e+00
-1.465412847084719417e+00
-1.218904410799984017e+00
-1.559211485899711924e+00
-1.265854957522471125e+00
-1.885662415050061602e+00
-1.602285234528317837e+00
-2.919872379986737654e-01
-1.409917622993855646e-01
-7.926074291877485689e-02
1.745835118882958503e-01
5.779761207979675630e-01
5.423260545550784295e-01
6.817817709274364146e-01
7.693501750921654114e-01
8.882711766203087445e-01
8.333711405614558920e-01
3.391653501035145069e-01
8.794630168903461165e-01
9.797441157987064608e-01
6.434022955571456759e-01
7.963178756418967108e-01
9.256155480252269419e-01
4.755514861303368201e-01
8.772525811760440995e-01
5.980003606425210450e-01
9.094555994679707212e-01
1.036355179532921555e+00
-1.976398364621937687e-01
6.049713838808518096e-01
5.863932499100701357e-01
6.374248600294865064e-01
1.443880111640616359e-01
4.381842042282008132e-01
4.074163239703945116e-01
5.543922020372199500e-01
7.406838121119052598e-01
7.151261888141767775e-01
6.620032373377205959e-01
5.142306523053188361e-01
2.576122791071847051e-01
-8.365041247986258754e-02
1.226371857155369588e-01
-8.338118617250389608e-01
8.526953706888729112e-02
-3.963465335420526814e-01
6.730631207882678546e-02
1.438964156107382097e-01
-4.540387107475088446e-01
-2.922750324535595690e-01
-4.790523484402314791e-02
-1.317622293185415627e-01
-1.382797124047608073e-01
-2.877327060005596682e-01
3.162546571850333166e-02
-1.237092836946332541e+00
-9.151829784610719942e-01
-3.298341771381305687e-01
1.878296915460093142e-01
-1.810632513270275246e-01
3.990489835795761331e-01
3.811903589289955541e-01
2.700404355800573031e-01
3.470912572217163539e-01
5.769729330451313087e-01
5.284580447878176601e-01
8.269043352381280076e-01
-1.846333202127105055e-01
-2.340747748922729521e+00
-5.581934147340280594e-01
3.028155960966386062e-01
2.322880433499670272e-01
8.175861177160755888e-01
3.779372504354903683e-01
3.417915991924988517e-02
-1.884560790277659825e-01
-1.237178360904949592e+00
-1.945545561912334964e+00
-1.574982426794120816e+00
-1.262494293496531750e+00
-6.071452108198216457e-01
-8.800516961836030161e-01
-1.460011208784257608e-01
2.757398572262016734e-03
1.745088131518772456e-01
1.915364469101069334e-01
3.113362732151836454e-01
-3.927981010981268506e-01
-1.156553969212155808e+00
-1.610970704766535810e+00
-1.263777196322460217e+00
-1.026828200040689199e+00
-2.653460140538982381e-01
-7.618152358748963016e-01
-6.723673914317110367e-02
3.485777226931073280e-01
4.463664963833188226e-01
3.601509093090525526e-02
3.137423142541574950e-01
-7.158641025070819897e-01
6.618465829929742750e-02
2.291949196989416238e-01
3.169830459855489391e-01
-4.830432415835421711e-01
8.705602687468862178e-02
2.983051869598349337e-01
4.267621506890897365e-01
8.987428814156990242e-01
2.996712751178217116e-01
-3.492975901112897047e-02
7.089502578163903168e-01
1.015086045886506971e+00
5.190787913353156480e-01
4.254568982249711251e-01
-4.546346529596363706e-02
3.838485959900834743e-01
-3.473805968165185054e-01
-6.443534372897111173e-02
-9.197554090392114079e-03
-3.475051840882097953e-01
-6.275413364519769610e-01
1.301754871500372390e-01
-4.085824314499230114e-01
-1.065920732560473816e+00
-1.086670362763235698e+00
-4.502024058657190797e-01
-9.998994616870070518e-01
-9.164713932147817710e-01
-1.138194859227407152e+00
-5.515805128142410307e-01
-1.079166485597307545e+00
-4.443032492472418493e-01
-7.696209756428205873e-02
-6.657493324135733970e-02
-1.583762115130840531e+00
-2.798366806258091311e-01
-7.150123549868186990e-01
2.406247249533639276e-01
3.748234022959754941e-01
5.390912924719188509e-02
3.442062061087354241e-01
4.856545002217887985e-01
6.727697836658562691e-01
7.184071106666101159e-01
8.067731738622929694e-01
4.373528717981940983e-01
5.605345567878080582e-01
6.668501837149613809e-02
-6.835685336867358686e-01
-1.721904180487852765e+00
-2.200495014469702859e+00
-1.589065837185470453e+00
-2.305679389162977433e+00
-4.304209663446776357e-01
-2.471987966524667790e+00
-1.616268560079651584e+00
-6.521886655660439347e-01
-7.133517560755037179e-01
-1.871621900571123764e-01
2.747044831172125723e-01
2.120889617203669530e-01
4.579853892645248115e-01
3.125288307934490084e-01
4.984537303948032294e-01
2.013625834267882275e-01
-1.729802785078385363e-01
1.041108437024581279e-01
4.506121753404758179e-01
5.200674974941731366e-01
8.076046258690962043e-01
3.050561834857709043e-01
-1.840323207120922344e+00
-9.083800405129736077e-01
-3.493602970330689228e-01
-2.319666637870465120e+00
-2.772469191211279771e-01
-2.353603500862289921e-01
2.661498637842711901e-01
1.512452412570867988e-01
-1.802292724025050252e-01
-1.421672050628014494e-01
-1.162561948296977204e-01
9.926844346561145005e-02
4.802517978355927419e-01
1.957354255875627946e-01
2.445940106482444587e-01
5.166303226344174521e-02
4.693323701031513751e-01
7.385027063501896638e-01
4.120720472653069955e-01
6.059743575557838824e-01
7.656130323351574285e-01
4.913716344778233935e-01
5.742845337532698213e-01
4.265565429793546914e-01
3.764534600793640884e-01
6.583025770639344687e-02
3.701280486553734650e-01
4.416086155658212054e-01
-6.839559264571075659e-01
-2.707241954792635186e-01
-3.147344693166888030e-01
-2.778239012187505574e-01
-1.058913078724476875e-01
7.422509132424828238e-01
7.008959104376714100e-01
-4.583865347133023738e-01
1.563927231414271590e-01
5.026847486125924913e-01
9.625605610954540703e-02
5.882807563431011744e-01
5.845370256879868220e-01
4.248683827707926963e-01
-2.637006969382158991e-02
7.018577948643242026e-01
1.436807047373323432e+00
2.670954515984541033e-01
3.396724256244700868e-01
7.897340354320218081e-01
5.662679249570178319e-01
8.510344491742573014e-01
7.191931676444004440e-01
9.069548259372512966e-01
8.383708836078805904e-01
5.050498154561825631e-03
-4.928865608410403221e-01
2.175085421432997601e-01
3.854641661850282119e-01
5.832543020477746198e-01
6.306101911543138261e-01
1.640378848684130308e-01
6.510587745896790901e-01
9.604824753666327819e-01
4.582769009718795084e-01
7.226267814373297238e-01
6.540094025853698811e-01
1.506355388498567816e-01
1.695905516679015734e-01
2.785173167488422807e-01
6.593574059439618607e-01
-1.041292078244222319e+00
-5.231175696531376040e-02
6.689526445053262105e-01
5.857212349431352161e-01
3.127691264842389351e-01
-5.923640998460037721e-02
-9.866620204140325034e-01
-3.571891193950433308e-01
1.665830003833417838e-01
5.454296656450315917e-01
-2.237925003997737194e-01
1.123857783153181661e-01
9.491967690634910138e-02
-1.837148485960506950e-01
-1.692382215985575700e+00
-1.662109708838677813e+00
-3.027115484815398050e-01
-1.595374662592096426e-01
3.613631987563775683e-01
1.505817762827846018e-01
-3.018379791346750829e-01
-4.315728828464802935e-02
1.179602879537237220e-02
-3.891232569181232726e-01
-1.701151613487175807e+00
-4.387664624116846546e-01
8.573063354086760124e-02
9.688717409413895310e-02
-1.389339733325406279e+00
-1.346858572780174068e+00
-1.525949376871725160e+00
-1.200970259194871659e+00
-6.343994289446069912e-01
-3.829864020475701736e-01
-1.069744621536736773e+00
-1.530911696159432900e+00
-1.747695591933208448e+00
-1.549670080348571899e+00
-8.461782661594456911e-01
-4.454690309687624472e-01
2.300965430315967120e-01
1.636939003485636257e-01
-7.547830121460911978e-02
-3.748944059149283414e-01
-7.296631340656861697e-01
1.024751407979948986e-01
-7.690595047914358107e-01
-9.055307580610194584e-01
-1.336202035682214073e-01
-1.299573808971278728e-02
2.768982063289811002e-01
2.593371626699325083e-01
-6.562342343031245528e-01
-1.803778520800195517e-01
2.589523048131339711e-01
6.984275397162892363e-01
5.916307134944771562e-01
6.593866788053224237e-01
8.847438270459502263e-01
5.112891412784380529e-01
4.878189218153505813e-01
2.578077808126200687e-01
6.062988779593800892e-01
6.946625833182628051e-01
2.308195959345568926e-01
-1.116745410632460134e+00
-1.910841259183179819e+00
-1.292507165973546757e+00
-1.043154273343337213e+00
-1.779163251508544485e+00
-1.337441709625561748e+00
-4.015814588386733552e-01
-8.547944693233633373e-01
-6.333095707847929967e-01
-6.369762490499385477e-01
-6.682160351932628917e-01
-2.117257045490581469e+00
-9.847493497665761319e-01
-3.518841451552289779e-01
-2.081053145902928003e-01
-2.032173295792538970e-01
-1.210867543354208209e+00
-1.292301117519943698e+00
-6.915948198128258895e-01
-1.123588266183179307e+00
-8.379936131964342838e-01
-4.639092898765244666e-01
-8.489257606488629371e-01
-2.455730694837817918e+00
-1.073732443885647259e+00
2.351755273629116127e-01
4.753655953106173948e-01
1.424036019374948780e-01
-2.061827886459338399e-01
2.829925930487267594e-01
-2.815451983173716255e-01
8.013498141374460204e-02
3.863650074280909896e-01
4.012454616017966380e-01
5.832340354879926858e-01
7.883045161114237143e-01
4.603183344891405016e-01
7.289532784406307364e-01
4.630979642675119301e-01
4.985670681197512666e-01
7.737243198561973845e-01
9.818164199048627291e-03
-1.323401025989272117e+00
-7.591116452960301464e-01
-4.076308940682368265e-01
-1.347932234977497479e-01
-2.374061385970945570e-01
-7.142001530048608382e-01
-5.597318252980676423e-01
2.425952057220468194e-01
-2.228083640433380641e-01
4.804434274593182841e-01
5.870759679435866296e-01
-4.358441338024125478e-01
5.044721735899042603e-01
6.018336764440623821e-01
8.855593893936442029e-01
1.197402516508073500e+00
9.437148280395153410e-01
7.118845521413278421e-01
7.075575986921865956e-01
7.213111863394419121e-01
3.120111592749384433e-01
-1.935083883163783991e-01
-1.866316990587915337e+00
-1.082151018520349339e+00
2.008638913717550045e-01
4.714709706417481438e-01
-1.739611395368794389e+00
-8.075220696123531772e-01
-6.189599369079524793e-01
-9.482503670260658546e-02
5.272418168432790875e-01
3.693380058426528056e-01
-1.684978973827225834e+00
-2.302744489481591383e+00
-6.378203936751893899e-01
-1.589591266946922765e+00
-8.851074458625914909e-01
-1.641336679360090312e+00
-2.271641888387517572e+00
-8.785234353830970733e-01
-6.879382577216525130e-01
-7.956107923260292702e-01
-2.307495278340969680e-01
2.526453166286585228e-01
3.913186164436937009e-01
-1.402336164891521408e-01
4.608758077869761771e-01
2.930930927474111325e-01
-1.606609260794922278e+00
-5.124540589294854787e-01
-1.013269246898844816e-01
-1.488727495734739892e-01
-6.152066856678962692e-01
-1.736755424227173217e+00
-2.300955411868951472e+00
-2.007114211862143005e+00
-1.040017901278599499e+00
-6.356394590881411233e-01
-5.103525313252337270e-01
-3.247385393420749167e-01
-2.153178089181249089e+00
-1.212562733977888163e+00
-4.356839938046766503e-01
-2.461846523705312206e-01
2.155234033255128412e-01
4.031383738874699807e-01
1.414570782436126162e-01
-1.323798389436049217e+00
-9.190756117807455938e-01
-2.352028787056587369e-02
2.971162943372635534e-01
3.248098719754301533e-01
3.423347607271284843e-01
-2.616864785277150940e-01
1.943287062261924159e-01
1.863279037121156334e-01
2.627199432556681299e-02
2.501995475485909240e-02
-3.950182967501981723e-01
-7.935726880680834538e-01
-1.538484281451445668e+00
-2.208679272632390500e+00
-1.615543147093790655e+00
-9.563108953884682517e-01
-3.674709725395722826e-01
-1.321801439120851240e+00
-1.953512127024291445e+00
-1.139399931460990389e+00
-1.523086202019670488e+00
-1.823121882988890885e+00
-7.119707985459030608e-01
-1.077856615305833765e+00
-1.505164809011424909e+00
8.494508636384982825e-02
-1.147493494542367376e+00
-4.056879576860773495e-01
-4.213342979702752178e-01
-1.038266016865338592e+00
9.212870171261534902e-02
-2.530357541091704521e-01
2.302533099699693442e-01
5.473826984713301425e-01
8.261467602235280649e-01
2.537640964057547577e-01
-2.376752463643754254e-01
-1.158239633723640249e+00
-4.792276387165500529e-01
-8.475946166763506651e-02
3.285453180628854497e-01
-1.232011545474381436e-01
-4.037006931982159430e-01
-6.938292185568819548e-01
-2.257600368734619778e+00
-1.116532393624984243e+00
-1.378738803637841404e+00
-1.517765149966157967e+00
-1.098236190414307867e+00
-1.523831044640566290e+00
-1.996280178599033617e+00
-1.856272331497036854e+00
-1.479362126960211965e+00
-9.275926358712713871e-01
-6.933773932050684152e-01
-1.682459960265159316e+00
-1.081355645110507080e+00
-2.153633697703832617e+00
-1.669917283384299900e+00
-2.145100148627378189e+00
-9.360712818741981911e-01
-7.277822408602614424e-01
-6.605412971811790435e-01
-8.213487592800554626e-01
-1.310077580318676604e+00
-2.458862357781273489e-01
1.507090141859309396e-01
3.159894386111322673e-01
5.172905206232275566e-01
3.666214746581763495e-01
4.558299942892670709e-01
4.030285897907666670e-01
2.799113277552558454e-01
3.255625170441024396e-01
-3.593879919005441570e-01
-2.091829811456547006e+00
-1.659320858359443207e+00
-9.951318518244489653e-01
-1.339613928796183906e+00
-1.021599489366335156e+00
-8.540465507265869727e-01
-5.718090749809784379e-01
-1.108669654185796549e+00
-9.071886200905597830e-01
-9.217884071163898740e-01
-1.521876666372071529e+00
-2.195479943995698680e+00
-1.848711326300359614e+00
-1.359860375781289488e+00
-1.815829018605281397e-01
-2.177593739014936081e-01
2.373982108947904346e-01
3.688297956656383381e-02
3.611954988261179000e-01
3.718443684334039046e-01
-8.229788814412197784e-01
1.023202719776933473e-01
1.517879930154093088e-02
3.014378266967784326e-01
2.026454228502462818e-01
4.905479058396683412e-01
-2.734956072156706497e-02
2.851256389464507657e-01
4.711408881933473736e-01
-4.527695026041957636e-03
2.651159301388025802e-01
4.272414807514273161e-01
4.653119253753622009e-01
-7.219705997303839107e-01
-2.214472151266477506e-01
2.332241531199801821e-01
3.376637326738962108e-01
4.890593091897793565e-01
4.706308423630720661e-01
6.008323091713520248e-02
-1.712220614744843772e-01
-3.893955817967302835e-01
1.229577509143897213e-01
1.764394287944411055e-01
-5.400782262714555471e-02
4.044809265158395561e-01
3.085143015369271047e-01
-6.441261496259399477e-01
-6.296970138943326356e-01
-1.794862496719480616e+00
7.897987857303908829e-03
-6.840522511594406829e-01
1.949219020013498449e-01
1.359948558175391731e-01
1.050783987707919059e-01
-7.054465365954446510e-01
-3.978130382955546440e-01
-8.301154095458210813e-01
-1.242181350940163576e-01
-3.385902519374922592e-01
1.155345865176677159e-02
2.793644272287410524e-01
4.800633957695830123e-01
4.076736758312428099e-01
4.367095459286458592e-01
4.268013317573677301e-01
1.683555482517252733e-01
1.801256982522042582e-01
1.091086870949942583e-01
3.133908401745214012e-01
3.360268924314111505e-01
6.572271730588702399e-01
2.224599902228118764e-01
-1.816190623035668361e-01
2.005386845004490937e-01
4.543779131323077425e-01
1.612960073895207957e-01
2.253194324773888091e-01
6.340912261820766394e-02
4.978903237667796078e-01
-1.120631755638406973e-01
1.773725198329857977e-01
2.830942388731683690e-01
2.319739844919897487e-01
-1.110793607760291790e+00
-1.650796732515268650e-01
-4.379121060256127573e-01
1.030865836472027453e-01
-5.009988928881811687e-03
1.193416012785884495e-01
-4.968372115925493576e-02
1.042226919747404335e-01
3.092269761203021716e-02
-1.353976168814692294e-01
-2.975889382865899435e-01
-2.479742026118513520e-01
-1.372243565390596665e+00
-4.381007735147886273e-02
4.456072274296487001e-01
3.499304775738595330e-01
-3.997068533046653216e-01
-4.299676640841108011e-01
-7.619090368461117757e-01
-2.330361788612457796e-01
-1.137232291934312384e-01
2.665217622336577552e-01
-4.483475496035935204e-02
1.607679057623478680e-01
-7.319428253288701169e-01
-2.067889442107050169e+00
-1.639097466684858562e+00
-5.769261125248664746e-01
1.572430296395211646e-01
6.072861161985054074e-02
3.354964261805133963e-01
1.381431892374825887e-01
-2.688749540966768603e-02
-1.421306294563183803e-01
9.808335316895980260e-02
1.491738684575894258e-01
1.548987488525674083e-01
-5.668367712025265126e-01
-1.163147616984812505e+00
-4.471747412200196004e-01
-1.989270173945931752e-01
-1.997180141449282076e-01
4.820381448569663330e-02
-4.578667494656084302e-02
6.503597201711149023e-02
6.475260496906637409e-02
-2.375240483720392426e+00
-2.064946792461431091e+00
-1.636212779717310495e+00
-4.126720258384827256e-01
-1.308923425829548459e-01
-3.038070955632563575e-01
3.414391716229389639e-01
4.164673780450901530e-01
4.105501606497204969e-01
1.502237973754405320e-01
-1.117141284160586417e-01
-5.774305461824535968e-01
-1.683463926931813848e-01
-7.902466379327945933e-01
-1.555745584477559396e+00
-9.242513673085142045e-01
-1.633736277530339454e+00
-1.323922531152480042e+00
-7.801250341883769757e-01
-1.774742776239125686e+00
-1.675806018478861681e+00
-1.146577610480851162e+00
-2.137565969078265571e+00
-1.678916264795842661e+00
-3.539693360375070208e-01
5.619416058246792106e-02
2.060783626040618988e-01
3.492357332753491250e-01
2.051286413448575874e-01
1.227899110498678337e-01
-8.468162009130247858e-01
-7.456305692589861867e-01
-3.529713908007017786e-02
-2.538967891159261692e-01
-2.900397801209015358e-01
-1.207860210599812634e+00
-1.418982132483502356e+00
-2.518033182201817599e-01
2.506591465473921865e-01
5.236324787814486958e-01
5.471172856972169596e-01
2.481570105771549739e-01
4.597132871187004644e-01
7.058386181821544314e-01
8.529334627113854816e-01
5.530748760191203095e-01
2.508509135196863027e-01
5.437230203718230737e-01
6.062603907188827135e-01
5.871498311895360089e-01
6.704515067108070270e-02
4.550174667273274021e-01
5.290934122440899001e-01
4.196730052356364982e-01
3.835768703802848179e-01
3.687633724637071064e-01
3.187318494976286720e-01
4.220271684438794413e-01
5.037229227636261797e-01
2.176476187404207119e-01
5.764614032457062720e-01
-3.309852071398420442e-02
3.061181462188033442e-01
2.492790083605575802e-01
7.842971398465241328e-02
3.313728261682133969e-01
5.494366884866135337e-01
3.925498141523732776e-01
1.686947272943455090e-01
-3.481945406240903318e-01
-2.022940159511102398e-01
-4.581522927056200789e-01
-9.249695732747096333e-01
-2.104356116311135505e+00
-1.426200065531282757e+00
-7.032047786814282775e-01
-1.078401435246400419e+00
-2.333182740674929700e+00
-9.462177084602871879e-01
1.820615540981667113e-01
-2.717623745737281216e-02
2.774079647301320728e-01
3.564987029532247775e-01
2.811675395036338787e-01
3.108878227648420034e-01
-1.286203089458799020e+00
-9.811856022221308038e-01
-3.129527589386897346e-01
-3.065270117210316947e-01
-9.355805453765636548e-02
1.015291435306583390e-01
-7.865427071581340135e-01
-1.489353582226525252e-01
5.328983160193426216e-02
-9.408052248250710070e-01
-2.232926934269725106e+00
-9.728026762172562458e-01
2.289207233403919295e-01
1.864917909780078042e-01
2.285081062728920309e-01
6.463061474943398999e-01
6.000811305251341210e-01
8.064851990565211071e-02
-1.536258561976250325e+00
-8.044208582372088800e-01
-1.985868846287341394e-01
-1.152980537971376007e+00
-3.395683822881931935e-01
-2.460315919753396086e-03
-3.381467807740451414e-02
2.600560819360248632e-01
2.841875032673524815e-01
1.943065627267645812e-01
3.910299135359564526e-01
4.241486165117562823e-01
5.529124080434566491e-01
-4.493832995088480053e-02
4.171162464618212162e-01
1.451216132046368179e-01
1.765431989583763628e-01
-1.602550546495397632e-01
2.703176289334687787e-01
-4.672685690496070077e-02
-1.319344369314614074e+00
-1.894523654063124507e+00
-2.171554511480363381e+00
-7.736922260572353105e-01
-1.314347815124268681e+00
3.799873615205107136e-02
-3.479377427488730135e-01
2.099760888542216986e-01
-5.389969363842298661e-02
1.239309035447106744e-01
-6.729398147869908309e-02
1.096776027552365390e-01
-2.625764252623586162e-03
1.137302157199918257e-01
-1.038215193272041148e+00
-3.126967262311566853e-01
-2.605571643416191296e-01
-6.157597918512716095e-01
-2.263759113893401675e+00
-1.088819764755477149e+00
-3.312126455975530903e-01
-5.305082694052628556e-01
-3.530231324936797255e-01
-1.603960286831314974e+00
-1.741172136166603490e+00
-1.468539921729623554e+00
-3.415261403401945728e-01
-3.493499091717103266e-01
-1.501080270773176295e-01
5.113774675703325334e-02
6.274570503361563689e-02
1.524021083718650749e-01
-3.708368582222152515e-03
2.849348167660967213e-01
4.180221207216844870e-01
-9.878191907464514143e-01
-5.232696463444123092e-01
-7.051095666711292009e-02
1.955992904854825520e-01
2.481705992684907491e-01
-1.914306931014734536e-01
-3.193838901642748751e-01
-4.110880534990821178e-01
-1.906237040791408377e-01
-3.128733511420574986e-01
1.202636451740966145e-02
-1.903458249040371753e-01
-7.778444636283257108e-01
-3.148508213006979695e-01
-1.538851100292121798e-01
2.634905352555057534e-01
6.619050191172105579e-01
5.744448995250546197e-01
6.505642782420291148e-01
5.547715425188047833e-01
6.243316536219940538e-01
5.729695032175275982e-01
1.335669942823011491e-01
6.802111070499239354e-02
9.127941369033285013e-02
-5.047591451221632441e-01
2.053800328323419910e-02
-1.977262772444708314e-02
3.589353591459483739e-01
5.001315226728635377e-01
3.512583482277079061e-01
-1.006771159053166276e+00
-1.210527037694534958e+00
-2.181991847791418526e-01
-1.145413693786498488e+00
-1.280119044395810146e+00
-4.284092121677927079e-01
-6.632992844478829975e-01
-5.180238765844086268e-01
-1.150164397376702702e-01
-2.450936272820142259e-02
3.296990854635330898e-02
-3.846458513475126129e-01
-3.745098248499790228e-01
5.430214862093412087e-01
-4.681894751299082169e-01
-1.786207501802062891e+00
-1.707432150969803608e+00
-2.075548264583314262e-01
2.497154174847396879e-01
2.790784260007334594e-01
2.254863701996919212e-01
4.455072130357872751e-01
5.368329279733932147e-01
4.986664859768127345e-01
-3.621021629630735705e-01
-1.106924194349473867e+00
-1.693897118608661545e-01
2.340453967415152270e-01
9.058427542864615212e-03
2.168936304074754046e-02
-5.106770871837738035e-01
-3.292396337990818878e-01
-2.896715871312821045e-01
3.427010924396590164e-01
3.482627363047640645e-01
1.503944493686120987e-01
5.634126881964700573e-01
4.180654675284291577e-01
5.015946345225799075e-01
-4.418736968459255343e-02
-9.363579708741676111e-02
7.483008812923072628e-02
2.236680086548960000e-01
2.879952244585786691e-01
-9.837500972357528239e-02
5.549457863553018955e-01
4.191666061660064002e-02
5.973000639638073039e-01
6.233380054406503223e-01
7.132662332584512876e-01
6.982631470490957559e-01
6.825629300709845637e-01
8.791302575729884605e-01
-6.063499427812567566e-01
5.189509480352156867e-01
5.689641020616734712e-01
3.346604305665033530e-01
7.715564901886072177e-04
1.641032346202000447e-01
3.812624205939745825e-01
7.966559797707904733e-02
-1.165734323704553932e-01
-2.188845513256380548e-01
2.099987230864987509e-01
-1.915335444199700365e+00
-1.256022062462351485e+00
-3.568418148302112125e-01
-2.829857644081406609e-01
7.699755234772227841e-02
3.260740816160282440e-01
5.373280068459930225e-01
-3.890628055408214547e-01
-2.112428605219448308e+00
-7.453240723741217932e-01
-1.312933964424734867e+00
-1.529446954371842082e+00
-5.856915514565412817e-01
3.931182606983820160e-01
6.182567838710810726e-01
3.605235043178964816e-01
2.358340202926635099e-01
-8.060876760338692160e-01
-2.394788160179970107e-02
2.111879056680440736e-01
3.402943313217925425e-01
1.683507998305728559e-01
5.847783643362931549e-01
5.135539006823466313e-01
3.612446519659384125e-01
9.118596084796535758e-03
1.715715838285616635e-01
-1.166901918560427687e+00
1.906848977562546343e-01
3.995119185023204844e-01
-1.126632220195075418e-01
-6.969009609949524675e-01
2.115457165090679215e-01
3.845982768330682422e-01
2.393670260930661209e-01
-7.156144121796642610e-01
-1.005789222087141166e+00
4.242258602610630147e-01
6.734413509826073785e-01
-7.551418795515112414e-01
-5.168312247514690316e-01
3.029037654692179893e-01
5.128327184654987159e-01
5.103505001585411094e-01
4.366880564218511562e-01
-7.776347157421755751e-01
-3.012319228149050732e-01
1.938871471352262774e-02
-2.121165655533808203e-01
-1.613775946720150234e+00
-3.145999094227839854e-01
-2.086066446297851207e-01
4.106036952266608475e-01
-3.633721003198172456e-02
-5.546672075471510421e-01
-2.840655011409054520e-01
-9.431400170247095094e-02
3.478477092037497997e-01
6.069200679596674641e-01
5.229580436612409899e-01
5.753532701555068574e-01
1.114990358568075823e+00
-1.957973181684072861e-01
3.571594691115385634e-01
-7.480963036858102599e-01
8.173009994104289688e-02
-2.215982093205708103e-01
6.836835017929639990e-01
4.913392908939877013e-01
-4.810267336422241469e-01
1.824887585793550371e-01
2.862870993942029374e-01
1.197434695249802450e-01
3.740018891858844508e-01
-1.376455135834453447e-01
6.812920319265577396e-01
8.510520186457731784e-01
-8.014613502845563398e-02
-4.724349600086438228e-01
-1.103174453399052402e+00
-1.195344860597658654e+00
-7.008987929706923525e-01
-7.133293329123993054e-01
-1.569636078449562211e-01
-5.584623901890850561e-03
2.281747846157151371e-01
4.159723688803537711e-01
3.549462082642055455e-02
-2.747152857574169937e-01
2.842440998431610688e-01
2.894104275752552580e-01
-1.451026144988896149e-01
4.458910615236112984e-01
-1.266248394412783085e-01
5.519345127861917666e-01
2.738670087613307991e-01
4.555430108907433939e-01
-2.194130234966112925e-01
-4.136457948814134533e-01
2.116760562398204426e-01
1.217418346135606261e-01
2.652198955600422736e-01
-1.216410783626483971e-01
-1.956586016428449593e-01
-7.218040274571127513e-02
3.345559185958534854e-01
4.171626889215438450e-01
6.578478009742819710e-01
4.943424476494465702e-01
2.673169257603027482e-01
4.521837873650150774e-01
6.728696754576755090e-01
8.436247969923733603e-01
3.873863631679624886e-01
5.121401309744535446e-01
-1.771437439576774686e+00
6.240793312175568069e-02
-9.722474391664425175e-01
-8.678570596031184858e-02
2.765307200539846577e-01
5.779062493486041285e-01
-2.658850545742121319e-01
-6.367588851879810719e-01
-6.280356547463405992e-01
-6.516272496060938613e-01
1.505635373393790499e-01
-2.017470228105153751e-01
1.142255611206004634e-01
1.863708030872172350e-01
-1.873510313860530241e-01
-3.753293262196416569e-01
4.988133561950603562e-02
1.072694412731759611e-01
4.111750222490370699e-02
4.191883405350638747e-01
2.242798343456582078e-01
1.000521572218361577e+00
1.066579081561771503e+00
9.202251087622840275e-01
7.873744406774046967e-01
-1.815274293007843875e-01
-2.659679368545141420e-01
-2.844875046123157003e-01
-3.314386976104322785e-02
-2.026675398528628991e-01
4.141062866539875764e-01
5.736026501232979191e-01
7.904474547319398914e-01
1.066739015369423615e+00
9.120339094893658016e-01
9.779444688898972782e-01
5.063564194588294765e-01
6.759757024171783035e-01
4.981216323912454613e-01
5.632798496165112301e-01
2.078587121833982143e-01
6.356773509061049987e-01
1.454876129875894430e-01
3.840676309369094876e-01
3.899783354045881500e-01
-5.553756511547878194e-01
-8.348129324937075824e-02
8.031256704526984480e-02
-2.910801086992922948e-01
-3.204118124377761112e-01
-3.190949091414045924e-01
-1.516587598884447941e-01
-4.752944738286025705e-01
-2.766617240903506136e-01
2.719005171972716309e-02
1.210377622939466102e-01
6.574615281330484229e-02
-1.818292458754024871e-02
-1.404334654797869397e-01
-8.543094920917551627e-02
-1.618132046379619493e-01
-8.576843474759723307e-01
-1.292477458974971904e+00
-9.757782627187614466e-01
-7.049843811962716034e-01
-4.957374849565824859e-01
-4.928509013439325570e-01
-4.003108424188838721e-01
-3.333232959333333190e-01
-1.959563947331549039e-01
3.850850160091659480e-02
1.204277097595045920e-01
2.159961710464369244e-01
1.955865279404021828e-01
1.829060086414081854e-01
1.023710865020197730e-01
-9.094180852671636742e-03
-1.826560708756824192e-01
-1.400395092243188894e-02
-3.626055874610994434e-01
3.477341159958191041e-01
4.465571550559621627e-01
5.430870002458536572e-01
5.674570608512218284e-01
4.935353863928562124e-01
3.440963260365969001e-01
4.305955308415223559e-01
3.410189404721409301e-01
5.981640882916229307e-01
5.930280761645659870e-01
3.283390505887593402e-01
3.148989171570887313e-01
1.781594117566708546e-01
1.434636432777777471e-01
-1.160748603149049374e-01
-1.439729782925642798e-01
4.044695365916559787e-02
-8.834713847967726186e-02
-7.816611279710629009e-03
4.221498628546564019e-02
-5.098735951843739178e-01
-6.241269234319927195e-01
-6.377904150589805976e-01
-1.056695212942392326e+00
-1.032152804784365330e+00
-1.754209627833186680e+00
-1.780673786631068234e+00
-5.408171901453742159e-01
2.191790367978456444e-01
1.493704344869133671e-01
3.643647135814893079e-01
2.900943040718451660e-01
1.119787314238489817e-01
4.863019141889737273e-01
6.922269141343149190e-01
4.626198452831542518e-01
2.177664884405121626e-01
4.316607598884738550e-01
9.803732097243193777e-02
2.966308583625641426e-01
-1.301338233194810345e-01
1.246720077544361330e-04
4.387244920402951220e-01
2.915090360232325262e-01
9.612566723540301797e-03
-2.916388415643468290e-01
-2.023152452617738295e-01
1.988384615491748941e-01
5.322874303629003823e-01
5.130949404695459570e-01
6.325448311737353890e-01
5.364531338174479691e-01
4.947080184860982444e-01
3.445558973768498845e-01
5.303011470666021410e-01
4.577870862917827188e-01
1.760391147291647806e-01
-1.923540426797606839e+00
-2.016366387678270033e+00
-1.595955217227231993e+00
-1.981678604954597134e+00
-2.011175769414308867e+00
-1.954473276027832718e+00
-1.858589199108414469e+00
-1.945511105928787510e+00
-1.923865885864681102e+00
-1.847483775413314877e+00
-1.873350361615942150e+00
-1.911066152667683982e+00
-2.132322657090107931e+00
-1.825962194242172876e+00
-1.996241761017250482e+00
-1.949363033544480484e+00
-1.950574898988965744e+00
-2.172232324892932720e+00
-2.485419915262573110e+00
-2.627267523468532762e+00
-1.918708064826908588e+00
-1.881920359798946008e+00
-1.974337519003777519e+00
-1.912125143560342133e+00
-2.026741053968866169e+00
-1.944304166957759650e+00
-1.837097746536255682e+00
-1.876738503551940607e+00
-1.907586468750133823e+00
-2.116860577975741897e+00
-1.966544375381650500e+00
-1.957221200880783885e+00
-2.005365053733290104e+00
-1.964525241886725837e+00
-2.033908720086721189e+00
-1.957546092364644164e+00
-1.962730770626158083e+00
-1.971860212950687696e+00
-1.931175900827292624e+00
-1.852495065343772618e+00
-1.789121831581227395e+00
-1.783450806729444560e+00
-1.837884581259750183e+00
-1.880865670569205728e+00
-1.915253853900073411e+00
-1.934516319593960754e+00
-1.888146829360221934e+00
-1.884426969813231878e+00
-1.852892039482843201e+00
-1.810150473642333280e+00
-1.822410104424887045e+00
-1.945721641857223627e+00
-1.881631323600127415e+00
-1.867285843204328222e+00
-2.057596926382863511e+00
-2.001401185859962517e+00
-1.890786105266762274e+00
-1.832368479817169327e+00
-1.819576695568315694e+00
-1.771704308742917178e+00
-1.815406926996982140e+00
-1.850990580495549986e+00
-1.966670401876172036e+00
-1.965273237553130548e+00
-1.830320155825268635e+00
-1.754633773911143502e+00
-2.159393284717910255e+00
-1.821204657146527683e+00
-1.820042530443564566e+00
-1.879363766360838017e+00
-1.851651328122334350e+00
-1.869130466260469303e+00
-2.042286672972624118e+00
-2.112553936930289478e+00
-1.900681356389821275e+00
-1.836837364551105578e+00
-1.462049782705204359e+00
-1.688392916511026520e+00
-1.835551543836076993e+00
-1.822369958863144568e+00
-1.893836134896342838e+00
-1.866755078725218508e+00
-1.840970905919899536e+00
-1.936196245141223349e+00
-1.897916891648851578e+00
-1.772021439985682623e+00
-1.927862335417350081e+00
-1.783517368458465535e+00
-1.688888264797326899e+00
-1.905403373480611506e+00
-2.023588515625999840e+00
-1.847137840510952200e+00
-1.965340402150589583e+00
-1.859179483433067714e+00
-1.941784911334062613e+00
-1.863349588201752116e+00
-1.954666838300471055e+00
-1.861283200824507045e+00
-2.019430264079562054e+00
-1.854355720544364150e+00
-1.820522547938801416e+00
-1.782863103418934614e+00
-1.851109091811484753e+00
-2.049918868674764028e+00
-2.186395026606769321e+00
-2.376118053481452108e+00
-2.688944797362101014e+00
-2.066470377752448684e+00
-1.961871249730203770e+00
-1.910194865900128658e+00
-1.984225301351799420e+00
-1.946868923950000330e+00
-2.144659660283467328e+00
-2.359283521281021923e+00
-2.088030300875122425e+00
-2.353897291635153266e+00
-1.926292822883613809e+00
-2.002231214735386455e+00
-2.076444837839511504e+00
-1.891888045625981896e+00
-1.914072735797714975e+00
-2.045655704994547186e+00
-1.910574835104015046e+00
-2.013495238072725790e+00
-1.811835869188774373e+00
-1.929133794942264668e+00
-2.077460447998334736e+00
-1.826377007094404314e+00
-2.010222864758770989e+00
-2.048826769816480819e+00
-2.071838397091331885e+00
-2.081204460805357037e+00
-1.988889481090300837e+00
-2.040708350530667570e+00
-2.137943766776623455e+00
-2.142819405011745282e+00
-1.992746386151375004e+00
-1.995886870658116985e+00
-2.057601232684654224e+00
-1.680472659890844600e+00
-1.599256711379647866e+00
-1.864255582730834471e+00
-1.825995127025623388e+00
-1.792774761226624936e+00
-1.872725926004853880e+00
-1.792908606798370608e+00
-1.931848157529890919e+00
-1.679405892593671235e+00
-1.838700081126329877e+00
-1.875687167807785549e+00
-1.905692768025523343e+00
-2.152903553303297191e+00
-1.889931637850619017e+00
-1.880957409070701303e+00
-1.880157619756009701e+00
-1.929985548187057143e+00
-1.987465720379614220e+00
-2.044733098620460154e+00
-1.874895649803133502e+00
-1.860352292828446163e+00
-1.763212053481212571e+00
-1.502712819649309361e+00
-2.040626855526021188e+00
-1.698398397729975917e+00
-1.750082229477379014e+00
-1.497553419404952013e+00
-1.926036801632591278e+00
-1.444048488440509148e+00
-2.047705366788697301e+00
-1.885527265787885653e+00
-1.826511201262106088e+00
-1.770450180859053813e+00
-1.393141056778560705e+00
-1.867431596681200734e+00
-1.879578033392598213e+00
-1.975933957931117257e+00
-1.966105144895805790e+00
-1.997719139623719276e+00
-2.109757811752459578e+00
-1.990933831701248824e+00
-2.084327016491233309e+00
-2.127702817529786739e+00
-2.108215276547555916e+00
-2.048190107231107060e+00
-2.100013808376796742e+00
-2.135912836346201882e+00
-2.094609596238171889e+00
-2.007168912469404987e+00
-1.880327061999770955e+00
-2.026465638884913378e+00
-2.043746701098045015e+00
-1.951048285487173128e+00
-2.090504305518004369e+00
-2.008946526334463467e+00
-1.995395437341988876e+00
-1.996830473894415370e+00
-2.051975478671982156e+00
-1.813295292765908728e+00
-2.003943634448488886e+00
-1.910385602250839643e+00
-1.885789039948590373e+00
-1.904281143746475502e+00
-1.940884269967585007e+00
-1.959941882836744975e+00
-2.033687464260972355e+00
-1.936445911702006528e+00
-1.950466648918652179e+00
-2.065576941620675733e+00
-1.966020554381319396e+00
-1.899902001864175460e+00
-2.031207345484115301e+00
-2.039545090103165315e+00
-2.036353355813032451e+00
-2.111195421189860255e+00
-2.200564678345268366e+00
-2.269105479015905757e+00
-1.895414347420232737e+00
-1.544752800724596531e+00
-1.999506530967074092e+00
-1.964088707991560989e+00
-2.029422454125586750e+00
-1.996524214011841991e+00
-1.947340244404164755e+00
-1.842281647498019925e+00
-1.957858627938299234e+00
-1.960725766068819542e+00
-1.950816406184845864e+00
-2.009381200684559055e+00
-1.990694953920685073e+00
-2.067988671437662074e+00
-2.010403683559701893e+00
-2.005622584450065471e+00
-1.975388176503532156e+00
-2.081592624006546544e+00
-2.059927843544937076e+00
-2.066231602126992417e+00
-1.993410090299550630e+00
-1.989351479216102225e+00
-2.038887767977165755e+00
-1.988520924987369209e+00
-2.008994613833030130e+00
-2.026596122721515236e+00
-2.003581731204152394e+00
-2.012847823099654487e+00
-1.994139084795325978e+00
-1.999704452738250149e+00
-1.956095058996857539e+00
-2.072056044167054800e+00
-2.084226310735688426e+00
-2.096145765191890220e+00
-2.423225624389660826e+00
-1.934461147106180778e+00
-2.061257703269234298e+00
-2.070749987585498886e+00
-1.861998126640155293e+00
-2.064941312692191389e+00
-2.007530210175933583e+00
-1.929946650297442279e+00
-2.057412495570805966e+00
-2.085136602802359018e+00
-2.089170525715063675e+00
-1.879144367851040665e+00
-2.038164375152461183e+00
-2.182999377014002373e+00
-2.469407565451251507e+00
-2.453855831774032659e+00
-2.011911157886261847e+00
-2.084173735505334690e+00
-1.920534332318266202e+00
-1.901034881894203998e+00
-1.992102227398824921e+00
-2.087767089055950098e+00
-1.880575958390880986e+00
-1.804804973369494192e+00
-1.493815940937975650e+00
-1.743119586943641330e+00
-1.474619232642500721e+00
-1.814118607662093652e+00
-1.845695992845731270e+00
-1.701827514896097959e+00
-1.898662893282233810e+00
-1.911332093635096818e+00
-1.951903701440022898e+00
-1.894314239310635806e+00
-1.986597181434584636e+00
-2.028198704727963708e+00
-1.931005405076950066e+00
-1.964924111720642408e+00
-1.909507073507234365e+00
-1.994634420715382772e+00
-1.994634420715382772e+00
-2.022853739917072957e+00
-1.937322765363579169e+00
-2.047812829314833216e+00
-1.849985742401112798e+00
-2.248587886021566007e+00
-2.300745280276299987e+00
-2.464346113034430186e+00
-2.366246178726388205e+00
-1.970915062528559636e+00
-1.889886703750613295e+00
-1.747693181936691431e+00
-1.750746351393771993e+00
-1.521855065092427628e+00
-1.192488467984868405e+00
-1.143524904564616529e+00
-7.081911218249750117e-01
-6.515849072462069902e-01
-5.077240829166503877e-01
-4.860023926414567264e-01
-5.277562684698259288e-01
-6.344995291716657437e-01
-1.515544252207823961e+00
-1.650681178337189969e+00
-2.035729196901256532e+00
-2.337764264458770835e+00
-2.036328202042359869e+00
-1.385334423782246249e+00
-1.276185154244048992e+00
-2.094998130406096948e+00
-1.436965676375379308e+00
-1.070814214902975126e+00
-6.976959641978710547e-01
-4.493833897801942090e-01
-2.887305639463465523e-01
-4.782993792917190068e-01
-1.983194354640427925e-01
-3.031718202157012709e-01
-6.445833053225260567e-01
-2.223363610456390027e-01
2.498356766824240960e-01
1.091607399626804836e-01
1.831102788705574469e-01
-1.088804655738380145e-01
-7.984831460061421193e-01
2.281920058684304420e-01
3.453061265193191898e-01
7.431905472871795926e-01
8.176352787499577834e-01
7.436478251770242132e-01
4.533557139808166436e-01
8.403080189210316853e-01
9.476616919278153528e-01
8.891139934259523203e-01
1.147246751654623198e+00
1.080384173841796303e+00
6.514196138893315613e-01
1.153299502041384761e+00
1.043399467642438516e+00
1.046366090403013205e+00
1.024452794802201305e+00
1.182144021084571062e+00
1.371268064524056030e+00
1.372916302480849282e+00
1.636024733175990287e+00
1.423202593139388350e+00
1.307504049935731327e+00
1.432871886510266091e+00
1.336943131561422637e+00
9.051662568110180329e-01
9.607424532202296641e-01
1.079801158025766039e+00
1.267819141257078064e+00
9.820887655734605870e-01
1.377624569336323823e+00
1.232841730407730374e+00
1.631176328397003994e+00
1.219963497671918917e+00
9.845334061199784159e-01
-4.649027647267602384e-03
-1.177363200065782989e+00
-2.067768431032142917e+00
-1.526853274964601770e+00
-2.255190817899924483e+00
-1.792630746341567605e+00
-1.143673924905860506e+00
-3.969887292285492197e-01
-4.801716376410237186e-01
-1.442280829525208474e-01
-4.460871783079062985e-02
1.758515459426156780e-01
3.516923888690894340e-01
-1.181912943006135225e-01
7.699256563882769799e-02
-3.485932631024890038e-01
4.119605463482441110e-02
2.767184465921537218e-01
-5.755240328089439306e-01
-9.714015897371919284e-01
-2.116449192990677020e-01
4.960105444695249721e-01
4.898248606867758870e-01
2.024464736421450473e-01
4.481533287086111872e-01
3.675010341215383947e-01
8.753505463257882369e-01
8.845193988863293555e-01
1.042765563830372555e+00
1.093022821563362612e+00
5.158125587068876916e-01
9.458931757987154576e-01
1.321235667828615679e+00
1.146871694155389143e+00
8.468298322525154020e-01
7.292014973568015090e-01
7.966446154884181396e-01
7.885188845884080200e-01
8.728622926937180670e-01
9.664813554363231862e-01
9.722608428121672919e-01
9.743635646209976020e-01
9.823550524325544986e-01
1.114800386723447279e+00
1.065221216867020537e+00
8.905333337956528039e-01
8.888393196153389075e-01
7.162075076764827797e-01
-6.849969926106399543e-01
-8.998934901820107024e-01
-8.758688434782646581e-01
-2.042154709528575807e-01
-6.458901942286804365e-01
-1.584777751208313878e-01
1.519699984984725916e-01
2.770714406899128790e-02
8.917117597658226202e-01
5.809319150350843453e-01
8.612730232951490983e-01
1.258777622384687378e+00
1.203893627874610184e+00
6.365127175941868165e-01
6.442833944090236020e-01
4.236949391933358955e-01
-6.700706665113113081e-01
-9.530988918963413381e-01
-2.289509485172244840e+00
-2.270445406615769990e+00
-1.206973791461713130e+00
-2.203830056963882011e+00
-2.131193409928187510e+00
-1.748129076832027451e+00
-8.792246329659191284e-01
-1.376964481423370357e+00
-1.974585546241021117e+00
-1.777685690817715214e+00
-1.117246260264568747e+00
-6.764748843996414296e-01
-1.649589185026355265e-01
-3.355727639295708609e-01
-2.144774617827389929e-01
-7.324386901379177361e-01
-7.491952055981098146e-01
-3.226224908690165649e-01
4.002093011730483152e-01
6.491448439646964053e-01
6.648928055613760879e-01
6.575846065659137762e-01
5.935312277659839930e-01
6.931575711974413689e-01
8.652085456750367998e-01
2.682596404228149156e-01
4.243785881920049685e-01
-1.074121183200410085e-01
2.939338513211913750e-01
4.947181703781157180e-01
2.243081445963980847e-01
6.527694252668937436e-01
5.668011352179082030e-01
7.110896882910144878e-01
2.034934133604792417e-01
7.681870245772598471e-01
6.201900499012759083e-01
6.015813316828295676e-01
3.857458760748612159e-01
3.367820869907757753e-01
9.214039113398184155e-02
1.833819743579433725e-01
1.113462943955834672e-01
-1.673434129998105480e+00
-1.106126325070450944e+00
-1.506867049138293169e+00
-2.223135380446839005e+00
-1.615542232342879192e+00
-9.195237318821657402e-01
-6.239925880377646950e-01
-2.331938319863801290e+00
-7.999376782183583723e-01
-1.028712012596193048e+00
-1.804493379341549852e+00
-6.265307524043250975e-01
-4.730250560972912299e-01
-5.178814531247308839e-01
-5.189397844657294145e-01
-1.048899151654807849e+00
-8.021403626216189187e-01
-1.694082993610217247e-01
-8.267926157184911640e-01
-1.045522344634798984e+00
-1.619095895498628757e+00
-1.728364330943731098e+00
-1.670906465408340758e+00
-8.480079993399064486e-01
-2.018623365047169660e+00
-1.084271327573263610e+00
-1.752692386895406740e+00
-1.798638538068431103e+00
-1.917996003595096033e-01
8.402678955454282450e-01
8.048384431095394476e-01
1.013952219540958266e+00
8.618207835426323626e-01
7.120480930754321536e-01
-4.127364517184476944e-01
-1.033996057409926506e+00
-7.210874204452873970e-01
3.884974297519537267e-01
6.504407016684626841e-01
7.171147006730747009e-01
-1.332978499346854306e+00
-5.032162426593508875e-02
3.815184516495632727e-01
5.088013542599786332e-01
9.676728210651948103e-01
9.295654196342628683e-01
9.458490173789146915e-01
8.953204353090115086e-01
8.057404813776484209e-01
7.752109149397954369e-01
7.892233363913405686e-01
8.300897861590545990e-01
7.516355466971240684e-01
6.867540327590794247e-01
-7.042889530774006923e-01
-1.204066571270890340e-01
4.699927516926993842e-01
6.937485647632694041e-01
6.058464788438232551e-01
-5.768970913731177319e-01
-2.479617047615852332e+00
-1.855641227931350778e+00
-1.905252670842883855e+00
-1.324858654727156582e+00
-1.137225975589187588e+00
-3.093786869611852008e-01
-1.221481352439135248e+00
-6.641548587586491026e-01
-7.598714149606862200e-01
-6.539399678510405822e-01
-1.078530396678560876e+00
-3.953660176993682718e-02
1.138012848516200409e-01
2.092776550516887990e-02
4.382346367628043304e-01
5.413449488578161439e-01
5.626572568586468703e-01
6.186914214839656090e-01
2.632337321978297506e-01
-1.088010304893602509e+00
-5.978541877927653903e-02
-1.531877326842636666e+00
-1.954585947880409291e+00
-2.176200274588775851e+00
-6.731853697935293868e-01
-2.037662139422248053e+00
-1.938664242147763173e-01
6.528740097626131167e-01
8.570112629357877765e-01
7.983632566137498499e-01
5.408097505113885761e-01
6.677663177924727522e-01
-3.086024805253645420e-01
5.784524461344924262e-01
7.457899726090483350e-01
3.404030101993026913e-01
-8.811229404623014405e-01
-6.929522468950061187e-01
2.866497440030282284e-01
-2.779507468514200719e-01
-2.013739376812074600e+00
-7.838774546025815138e-01
-1.412753127297445621e+00
-3.122945356066601508e-01
3.939170163990896034e-01
1.060021230442707241e+00
8.461808672395220166e-01
2.930112982015075640e-01
-1.094709379848745279e+00
-2.922107988174743043e-01
4.567912297835741153e-01
-5.954808979209349346e-02
-2.048509169700232668e+00
-3.521740049680467943e-01
-2.872358951518841907e-01
-1.001559273256968474e+00
3.289692324587945582e-01
7.631143982830299044e-02
-1.270503739654183839e+00
-1.813429382590245886e+00
-2.393643287157230848e+00
-1.843390843194322226e+00
-1.128324680150381898e+00
-8.664940605819261288e-01
-1.408005869534472376e+00
-6.923011753221325337e-01
-7.127464842729499539e-01
-7.439980532590534379e-01
-7.422502715592338429e-01
-6.697508740604255495e-01
-9.977021875290467134e-01
-6.558502427670444002e-01
-5.437923388677711189e-01
-1.146343702703012390e-01
-1.931563766777251168e-01
-1.829938889125033163e-01
-5.957032406303701677e-01
-2.592502852526447077e-01
-6.271124659589043526e-01
-1.713821586892869453e+00
-4.997744379493407885e-01
-7.399907937407020908e-01
-8.051491254234535155e-01
-5.802120992143243727e-01
-8.736894149820626509e-01
-8.728314933312517621e-01
-6.231521084327912297e-01
2.086521503109611819e-01
7.391142194459013881e-01
6.306733053877634498e-01
4.899161537209568151e-01
6.816215734047784691e-01
-5.226601212905647442e-02
-3.515022367462979913e-01
-2.256863267840556464e-01
-8.134669495414650342e-01
-5.760851684262002781e-01
-9.168758329969893539e-02
1.078903991875925089e-01
-1.737509586468665920e-02
-4.546263256286974253e-01
-5.470456094026143745e-01
-1.446147698109940594e+00
-1.978365840195257075e+00
-1.953828288314500394e+00
-2.070163609536476823e+00
-1.787677464850553788e+00
