2.931506642593276202e-01
2.026213156760567347e-01
-4.258583959950709014e-02
1.223381105072081504e-01
3.730756087118999309e-01
2.040651793939035064e-01
-1.853229223175799079e-01
1.479779969623851443e-01
5.203345702887856271e-03
2.702480430565846192e-01
-6.505632897747316568e-01
-7.851865211973658720e-01
-4.831355548923860210e-01
9.260348547118454898e-02
-3.486061293987149368e-01
6.898286039645284973e-02
4.144138832018202101e-01
3.871071165325261076e-01
3.582452018352794143e-01
5.867489039654931737e-01
6.472194412418177389e-01
5.138051236245737563e-01
6.817267613503859014e-01
7.371790775329906120e-01
7.419317584694142820e-01
7.332387598494506387e-01
8.682370180135725590e-01
4.419102137630860350e-01
4.199550167266011824e-01
2.668268044152263263e-01
1.662092194447577498e-01
4.271765976253455999e-01
4.220615707439208109e-01
5.803239546864257248e-01
5.422134825075899389e-01
3.211628081890248732e-01
5.626903237873005503e-01
3.800223941960392815e-01
3.540496019934386562e-01
4.701838587497413346e-01
5.192204855378661499e-01
7.906723480434916240e-01
6.374784086324887245e-01
3.374068386045048773e-01
3.011105689621956238e-01
-9.749230066310874548e-03
3.474585857916305254e-01
5.144634372679418588e-01
5.503943456079161134e-01
4.246837475684462904e-01
2.419658077722647849e-01
1.624209820019778816e-01
-8.658270831667734535e-02
2.992603672717879526e-01
-1.138446496117547641e-02
2.648651326882766055e-01
2.418654988937279371e-01
1.317156035114195878e-01
6.408951518174922368e-01
6.028843084205244285e-01
6.570009263226768148e-01
1.723097380895530564e-02
-1.143190697363347941e-01
8.050437642124878140e-03
2.076710384183176605e-01
-1.714390874415379074e-01
-1.309785382450481539e-01
-3.842358608823659427e-01
-4.421955184784125970e-01
-5.121236197448351124e-01
-4.200557169830216458e-02
-3.905457791656617994e-01
-1.142902920319238680e-01
-1.239034544369174012e-01
4.051934503410733468e-01
-2.976245812932088453e-01
1.342753226386546872e-01
5.267455284349359390e-01
7.414637081437026600e-01
5.825463017706242752e-01
5.913025619131505595e-01
8.001494545065656050e-01
6.719331534598744771e-01
4.214872381247936617e-01
8.253705819588076364e-01
9.477873630238908831e-01
9.438004869290279597e-01
9.345567887824118847e-01
9.362125747190597203e-01
1.003259229421585408e+00
9.977883867086599912e-01
8.715183648875796107e-01
6.841103508738414218e-01
8.825246675460344248e-01
7.280838512114898298e-02
3.002565005749635030e-01
4.768826309011868769e-01
5.871245409908665280e-01
5.886954245282285392e-01
5.386281257454903493e-01
7.431260769937688693e-01
6.951712067209259160e-01
8.340195549124745922e-01
6.078044391958051795e-01
7.354613439846129364e-01
9.928237280240062024e-01
1.106822948694085040e+00
1.162583003662039260e+00
1.107752928287745631e+00
9.026337863864618560e-01
9.000126382511745016e-01
8.632835253143713583e-01
1.055840709674098266e+00
-1.491547856773809133e-01
-2.856933058753804433e-01
-3.924666918901493773e-01
-3.712004030347408334e-01
-4.071192544747834763e-01
-1.876195718429803094e-01
1.607182682232224380e-01
2.991832722931687671e-01
-3.817490321201226500e-02
-3.306038405392583424e-01
1.987607276040625204e-01
1.170597151420436494e-01
1.829471326960222521e-01
4.237662397148387883e-01
5.771439480858381321e-01
7.117820202262161722e-01
5.056878280516233781e-01
9.266386228770358002e-01
1.059824531125401315e+00
1.119490957703852985e+00
9.547359989518948709e-01
1.090266896083433634e+00
1.267224683629477378e+00
8.184608279968107469e-01
8.176087303400814132e-01
1.210077723532883898e+00
8.106635442976415362e-01
9.153321222677851532e-01
-8.217765760418789256e-01
-1.230010514579459535e+00
2.898870212197674490e-01
7.541360568030097689e-01
-1.286395935276023028e+00
6.139086116013624528e-01
3.119500284797721568e-01
6.177192821474759565e-01
-2.285117154556783881e+00
-2.480640531632969825e+00
-1.621372343997206311e+00
-1.058289874107390727e+00
-1.876673163855955284e+00
-1.502649469857910702e+00
-2.049470298908062649e+00
-2.156142776703035668e+00
-1.716322837862468864e+00
-1.383356556682105554e+00
-1.844881256903759814e+00
-2.597909806377180164e+00
-1.763876440332740048e+00
-7.159875287864552185e-01
-2.363571747871280326e-01
-1.032507595460187971e-01
2.891782246438145410e-01
5.845968143763122793e-01
5.220151587658679038e-01
7.852851511606070423e-01
7.976144880506879087e-01
1.034804243760603537e+00
7.533408724766478270e-01
4.514222820615617082e-01
9.781540256390789390e-01
1.168429375665078096e+00
9.751560549731602690e-01
9.101682814995891713e-01
1.201673207951347466e+00
5.260124574281120902e-01
8.540666220991648405e-01
6.781309829583282989e-01
9.005057262403427520e-01
9.500012211336756884e-01
-1.181970219469836852e-01
6.085218863357189090e-01
7.413503848291663756e-01
8.392334273869604955e-01
1.786584346812923954e-02
5.995516680893487882e-01
4.540675351259956805e-01
5.942963818773270290e-01
9.019042078385275385e-01
7.597604333615060046e-01
4.797688952815554186e-01
5.763660692000691643e-01
2.138258776770778080e-01
-1.856810141900936545e-02
3.565591641099261078e-01
-7.858235761335770064e-01
7.819364777139729827e-02
-3.410294255792581386e-01
4.290152661415309182e-02
2.227134508510069111e-01
-4.950281734549339951e-01
-5.581585145739529352e-01
3.283700658609901152e-02
-3.140129600036834501e-01
-2.183245989580371860e-01
-2.766470454264916001e-01
-5.111414778746322662e-01
-2.182082858650420842e+00
-1.109294101246796282e+00
-1.993852793407088764e-01
1.989892504834676057e-01
-5.183466973161152819e-02
2.553186396350064502e-01
3.117631212632040461e-01
3.202610093531413349e-01
4.144539445651069243e-01
3.227444652297394301e-01
6.567063509968793511e-01
8.671953270973511430e-01
-1.436274547935883494e-01
-2.647312776015396718e+00
-6.324707917074322561e-01
4.390361139397305212e-01
1.800978056636416413e-01
7.772602668862818032e-01
4.304201177869225736e-01
4.573237685313582407e-02
-3.711337930534766572e-02
-1.085699419972988800e+00
-1.995258434896132416e+00
-1.446524759527870962e+00
-9.341303695841981503e-01
-8.565838700086187973e-01
-8.289763763888053916e-01
-9.061053760062223739e-02
-5.897031766244905521e-02
-7.526195355872092319e-02
3.278371821336543146e-01
3.825109088890265019e-01
-5.962716640549450275e-01
-1.957756259438353741e+00
-2.183727547168392125e+00
-1.033513026800069623e+00
-1.041137036217172795e+00
-5.597697370857876997e-01
-7.867862094126231165e-01
-3.263581359293064588e-01
4.396116022166855486e-01
7.271411940464657109e-01
1.179183475900726641e-01
1.435203596174845497e-01
-1.082815504350018276e+00
-8.301815485031696640e-02
2.032398716157137741e-01
5.265181012324254839e-01
-5.197505170450007483e-01
1.402918181293953681e-01
2.301244327474917528e-01
3.602173349194878194e-01
7.143003708063794255e-01
1.655630363435914021e-01
-1.703184996559116426e-01
8.723027756921677422e-01
1.015623079943683615e+00
4.872909235405792350e-01
4.019570401459222619e-01
-3.620675251346282542e-01
2.979632184175005638e-01
-3.434147441716461913e-01
-5.323760081878066430e-02
-1.893038374818047376e-01
-3.412099685526284176e-01
-6.526968847595892020e-01
-1.325541492372105390e-01
-6.097027054848671579e-01
-7.712056944872580644e-01
-1.000970380705684448e+00
-5.600978727224014131e-01
-9.159054505956739645e-01
-8.002583801752328752e-01
-9.886122971484253563e-01
-7.917362184254902457e-01
-9.600305483802605844e-01
-6.398566448018682129e-01
-5.707354637383550700e-02
-7.286602713809124665e-02
-1.266611800415221811e+00
-5.828564228598229757e-01
-6.326389451329856861e-01
-1.114407788705120278e-01
5.294737918180497660e-01
-2.717970189459053588e-03
2.283505307174041044e-01
1.698505169051061081e-01
7.305545842997929196e-01
7.403579077127949715e-01
7.956970689870049851e-01
3.574528304889148522e-01
6.767074598946271058e-01
-4.771159500065950097e-03
-8.568046049923364604e-01
-1.502137766325403190e+00
-2.379773474827107105e+00
-9.981086505378168328e-01
-2.589176883746436175e+00
-3.969040848616846029e-01
-2.753174612119946740e+00
-1.861830288816503698e+00
-5.141214423465437777e-01
-6.504609430120900093e-01
-2.314076831938131629e-01
1.156301628991728003e-01
2.473563262715669231e-01
4.439705913366726042e-01
4.840977635683906266e-01
4.644481288489117343e-01
3.655010534423225321e-01
1.127714631815714547e-01
3.120120381906903995e-01
5.344703792174850809e-01
7.360416769092663625e-01
8.783619008080510993e-01
3.356332185356896702e-01
-2.405900735423346593e+00
-4.845116185174870305e-01
1.804366733410051049e-01
-2.515281027227375343e+00
-1.816600111146147722e-01
8.338770433421270611e-02
2.271973716799608745e-01
1.455471797436393988e-01
-1.866163497562176032e-01
-3.796772304029968903e-01
-1.976569791166333384e-02
3.033703009624743596e-01
4.673219160118584625e-01
2.549158914267489751e-01
2.597801159006964955e-01
1.417108677872372102e-01
5.954965524908422125e-01
8.473002484659792888e-01
4.985208846556035689e-01
7.719136022930171981e-01
8.178954070808357457e-01
3.552248597208670922e-01
4.830140936011000363e-01
3.996720468462995890e-01
3.264635596980178800e-01
-1.107750713549825183e-01
2.412947129896203524e-01
6.491130132426979893e-01
-7.011028984440677014e-01
-4.437430454080799058e-01
1.931494385716572282e-01
-4.973219738648220756e-01
-7.756605740984515163e-02
9.283181451634360259e-01
1.010632272446926994e+00
-4.597064623961151786e-01
1.322803725798347430e-01
5.897577423789627238e-01
3.380213126246042199e-01
8.758471955343375415e-01
7.659708943088808786e-01
4.249215765041044479e-01
-1.801408220479040409e-02
7.387796190783779693e-01
1.615308123736264090e+00
2.702897265123271886e-01
5.288856274959276016e-01
7.472012658072236801e-01
8.418773718377630111e-01
1.049226856462231350e+00
8.504430395966660061e-01
1.130995685812943297e+00
8.727930298899506667e-01
1.841535846178987135e-01
-2.436853905913485829e-01
3.274410917073555249e-01
5.699058715428368949e-01
7.461765605536188062e-01
7.720493016447040890e-01
3.354866316472885912e-01
6.466888980646586793e-01
9.256620908132582315e-01
7.649129264738744327e-01
7.852402656258782310e-01
7.717005984316520628e-01
4.309106931681507824e-01
6.200177043167949265e-01
5.391371757642517970e-01
7.398436239230825606e-01
-3.252192093325103617e-01
2.866576149857628653e-01
6.556245024881276473e-01
6.889755638068423282e-01
4.695317327774542471e-01
2.894721438241664932e-02
-7.796384237918836391e-01
-1.967193090098901531e-01
2.636057180202736605e-01
6.184919132589736801e-01
-2.448794255313426760e-01
1.271198568863761980e-01
-4.918998371496646760e-02
-2.066541968933237050e-01
-1.628668761336790505e+00
-1.430378004808949832e+00
-5.740209773328991405e-01
-1.558835196773070420e-01
2.626343739071282934e-01
-5.731394286363619001e-02
-3.133399355743206605e-01
-3.849984957807883745e-01
-1.846645458157377406e-01
-2.959622961152486020e-01
-2.043520745976386443e+00
-6.089590588716972119e-01
1.158759766187131557e-01
-6.493134827067506554e-02
-1.436497716485312104e+00
-1.224212385736801689e+00
-1.484986790888118691e+00
-1.057029406403724892e+00
-8.550184622868037820e-01
-7.019953794124598190e-01
-1.117905194720595796e+00
-1.454510623989770934e+00
-2.209558861971388399e+00
-1.798262796923251639e+00
-9.127139795344186846e-01
-4.564672239624058547e-01
-2.923235370915995210e-02
-3.007863576137401740e-01
-4.002140491146536916e-01
-7.604046257225817174e-01
-7.021022961247510574e-01
-4.811701887666892247e-02
-8.916658739439096149e-01
-8.342967380240582376e-01
-3.143974721208540046e-01
-4.921639964888261526e-02
5.698277339391439877e-01
2.008162415611631224e-01
-6.728587647027723939e-01
-2.306488626260441710e-01
3.652732222029785314e-01
7.218289760748034523e-01
8.417739726314922288e-01
8.916640443135136485e-01
8.030406103598008993e-01
7.408361058577854763e-01
8.421300822411088571e-01
3.593913412816801545e-01
7.488284980046797656e-01
4.480241353537256499e-01
3.199956097089556861e-01
-1.245925150792640990e+00
-2.018395408486661768e+00
-1.258318915738987798e+00
-1.203768294887672896e+00
-1.853550413988454215e+00
-8.334409185401343567e-01
-2.134501819070364625e-01
-9.351145372590002891e-01
-6.857929423330682006e-01
-6.852950326264390934e-01
-6.742418850343175896e-01
-2.150971576384392403e+00
-1.278585457430355676e+00
-6.761951188434091042e-01
-8.131498296137676385e-02
-3.266562877007112009e-01
-1.415323711510180882e+00
-1.231453344784546822e+00
-9.054508158856043876e-01
-1.798726989780610186e+00
-1.699733862840687726e+00
-1.125068873099030364e+00
-1.847076326196960938e+00
-2.343926629016939156e+00
-1.280751682719318163e+00
1.531256385803678177e-01
3.163179927601958985e-01
7.676915917257144673e-02
-2.918971771258598857e-01
2.913505989491397830e-01
-1.999228761354374939e-01
3.641248143016271276e-03
5.766723315873427680e-01
4.916561346983424619e-01
4.092812045101081875e-01
7.129411624039456719e-01
4.419916061664898588e-01
6.346052692055871303e-01
5.340253863987756144e-01
4.749623937257149708e-01
6.617184832407125850e-01
1.820168549637352640e-01
-2.106347770099969985e+00
-8.903197927247482601e-01
-4.527153398646499571e-01
-6.563127174276449372e-02
3.010325447545417199e-02
-9.881011823322253251e-01
-6.343396528071244544e-01
2.203393907560907972e-01
-2.060034550356839578e-01
5.527560809154953292e-01
8.361063316422193692e-01
-3.412894935807204710e-01
7.220743121940637055e-01
6.841598212882505914e-01
1.019707340395111128e+00
1.136902689956487134e+00
1.227137170625723916e+00
1.102282267554921980e+00
8.660040359375651420e-01
9.175229296098635912e-01
4.678371335386800611e-01
-4.042752581323836303e-01
-1.540090182277108033e+00
-8.810766215164875792e-01
2.259260394095655988e-01
6.855055117723851676e-01
-1.922966444828337007e+00
-6.504191382211933492e-01
-4.326710063221874125e-01
1.701051027782959357e-01
4.077821059609380017e-01
4.305276807572235853e-01
-1.928916870311548681e+00
-2.381610276625837130e+00
-4.304675540711109250e-01
-1.654177850729728227e+00
-7.757041444152660281e-01
-1.715788680506252550e+00
-2.651520827895361698e+00
-8.784110243686494846e-01
-3.707228725876217656e-01
-8.511175202360825587e-01
-2.355575249390876591e-01
3.782657903209598604e-01
3.898017464515209363e-01
-1.082592337181526032e-01
3.063900227405973453e-01
6.083553300268319530e-01
-1.425186724826509987e+00
-5.126140278865470856e-01
-5.587717296077684276e-02
-3.557386059439882064e-01
-5.023706622955718126e-01
-1.751548368076128792e+00
-2.275697169051782875e+00
-1.276532126463964856e+00
-7.162110549722575659e-01
-7.693426243527351494e-01
-3.280199939376929330e-01
-3.658420644885356787e-01
-2.026756880459364751e+00
-1.444957286820342857e+00
-3.737764974080457492e-01
-1.268793889214495096e-01
1.521661440809232435e-01
3.434280424152705291e-01
-2.005522822275339623e-01
-1.026233726101501764e+00
-8.208627551908030950e-01
1.814076631332058043e-01
5.004475062265830720e-01
2.798209858021566410e-01
4.433607940952602466e-01
-2.274945133925228569e-01
1.429730029134648472e-01
3.954359347751819354e-02
2.337961302008943754e-02
-1.941660158596999475e-01
-4.716596881583018375e-01
-1.171302241028743252e+00
-1.707780322158921393e+00
-2.342096886759597485e+00
-2.494522894203752728e+00
-1.273446736341886654e+00
-6.311657050339182229e-01
-1.298590033936291688e+00
-1.640984497814088172e+00
-1.211627648392073819e+00
-1.817587245446283140e+00
-2.016369880470634257e+00
-1.742158848177266517e+00
-1.697846526459494187e+00
-1.853925667320765580e+00
-9.494497691271444606e-02
-8.403668186994009970e-01
-2.324387096732624669e-01
-1.103324176953918434e-01
-8.822315002659336658e-01
2.967874981676841828e-01
1.010738899838778959e-01
3.087777949810039946e-01
8.859095984899335585e-01
1.050443083090114360e+00
4.499570616003764068e-01
-7.382564065911265128e-02
-1.160223384743127362e+00
-3.518469844794065993e-01
1.415531611708669701e-01
3.327166644850800825e-01
1.867233480110035149e-01
-4.213303623673962939e-01
-1.078788419630588358e+00
-2.070372762629332897e+00
-9.379480835988220910e-01
-1.125115242331480969e+00
-1.047325823701781733e+00
-1.071476751845021669e+00
-1.559497986077604148e+00
-2.106426752598407059e+00
-2.426615153490269350e+00
-1.593636653665775560e+00
-9.315051885333790471e-01
-9.914889079857566179e-01
-1.815354876778771054e+00
-1.412269607346230860e+00
-2.174536941576346027e+00
-1.803700927926443986e+00
-2.151595731518174404e+00
-1.080685600567063531e+00
-1.082033247854423452e+00
-9.661454903409124606e-01
-1.013379361017601843e+00
-1.671019396330933438e+00
-7.208466295219818631e-01
-1.709876674442659811e-02
3.721270425820374927e-01
4.241674007897924259e-01
3.071897061651433503e-01
4.089986815867013847e-01
3.715798740815183243e-01
2.595410225445939356e-01
3.952178009931499036e-01
-5.148027197078626216e-01
-2.782679202938261209e+00
-1.631232031911787006e+00
-5.137336203411231317e-01
-1.136049638425684849e+00
-9.708290140463704532e-01
-8.954086997316120788e-01
-2.428090063139112798e-01
-9.441790520450922264e-01
-1.187144666282402117e+00
-1.199287145889784911e+00
-1.519651894253542634e+00
-2.452108998238784920e+00
-2.332623951190076372e+00
-1.688820672193062533e+00
-5.914837699799139203e-01
-5.152444639391903225e-01
6.853756633875621174e-02
-1.305667762915096175e-01
3.251449115071138735e-02
1.553850344209402878e-01
-5.563407192167076909e-01
-9.294238715699054687e-02
-3.728802533617850967e-01
4.560872110950654479e-01
5.736310535260057131e-02
5.733955725554125138e-01
-2.305833790878911438e-01
4.987506915262196472e-01
6.014160093475882096e-01
-9.640511694998296632e-02
2.577206707181264322e-01
3.858170575803169799e-01
5.369103491901602299e-01
-4.660331524850193641e-01
-3.330269218876402010e-02
3.034621991913040717e-01
3.839326152498149791e-01
4.851597163915012390e-01
5.215550424224898451e-01
2.420004814941388860e-01
-2.430161293971564440e-01
-3.650509929366391182e-01
-1.447184440846803477e-01
-1.667391695820651110e-01
-2.355143453231735851e-01
3.459848188536689406e-01
5.501447345265406685e-01
-2.671062208685684447e-01
-4.871120688435042201e-01
-2.224926919065626674e+00
-2.450547715855261321e-01
-4.735041697349499645e-01
1.366263888855726860e-01
1.895035270923846049e-01
1.300073879216440964e-01
-7.512184837910163004e-01
-6.653700826416338865e-01
-7.707024776136646160e-01
-2.879310530407351298e-01
-4.615215389970754312e-01
-2.139362541015532859e-01
1.621857119595444818e-01
4.806292372039253635e-01
3.976952913047454574e-01
3.198311271336297668e-01
3.941238387321633341e-01
1.829687645175332444e-01
2.892224343169766398e-01
6.174756332863885061e-02
3.217162061754784141e-01
3.461405077334553382e-01
5.197961155794911248e-01
3.162014750644739358e-01
-2.180452035097999453e-01
2.604273948091983537e-01
4.375053845955871323e-01
3.322139881410855478e-01
2.265511146248225527e-01
9.279619939247052765e-03
4.692255776895811192e-01
-1.369496994511499866e-01
7.118494369192891746e-02
2.984671467035642789e-01
2.594803329048915863e-01
-9.004494139168484068e-01
-2.892169892617186266e-01
-2.165571582859956434e-01
3.782906708596302237e-02
1.362498952144643449e-01
-1.249731124176136320e-02
7.274995973272503635e-02
1.960939381539603954e-01
-3.506272215334954589e-02
-4.212914227057552585e-01
-6.228979819834223886e-01
-3.666146414505888074e-01
-1.249365247139410329e+00
-1.792049353764011421e-01
5.395747780779482916e-01
4.831226166333331684e-01
-2.892818869682152183e-01
-3.744694846253486809e-01
-7.549957293183531259e-01
-4.242315004419309754e-01
-1.250845005828059575e-01
1.361188408832295638e-01
3.152742932198684955e-02
1.618584004867488768e-01
-4.119444151891691330e-01
-2.371241973158079830e+00
-1.746331595526155800e+00
-6.961201617890039328e-01
-2.893978817572847098e-02
6.771576674753826408e-02
4.891244442644457902e-01
1.639449297717694987e-01
-2.112483769251788379e-01
-2.058907877474632220e-01
4.678082524125824065e-02
2.376363630694625362e-01
1.869810605669543768e-01
-5.042449058515964255e-01
-1.433952367084548651e+00
-2.221622869867303784e-01
-2.888138735125811429e-01
1.742738733964389886e-01
1.612099854127628518e-01
-2.914851047007748774e-01
-1.778527386097577823e-01
-2.356581379133035892e-01
-1.999883296197010329e+00
-2.422295359879715004e+00
-1.531673042120698769e+00
-1.838654620298998399e-01
3.614387998335063384e-02
-2.297497044067446648e-01
3.221358143795053919e-01
3.982913138715911683e-01
5.301690611981264567e-01
1.767441610204277258e-01
-4.046122822383428908e-01
-5.307267279604778176e-01
-2.429746308711598357e-01
-6.726671109792633496e-01
-1.949668108084594342e+00
-1.073735735708137851e+00
-9.860458457514744701e-01
-9.982507566947291799e-01
-1.481181020049681107e+00
-2.040581033773850361e+00
-1.577820359364023872e+00
-1.812003700695517194e+00
-2.369770590583242686e+00
-1.337527595899828059e+00
-4.002029792393393404e-01
2.036844723873836027e-01
1.739336172272808179e-01
3.342941569517278722e-01
2.955356523627920007e-01
2.003116916297523753e-01
-6.751265735437403936e-01
-6.899036642404059450e-01
-1.297121415924316623e-01
3.142033256334510888e-02
-2.398781844908519367e-01
-1.326289042160998966e+00
-8.779483919738670927e-01
-1.457510350632476581e-01
2.943990147815311875e-01
5.379732097531975121e-01
5.469295766991711938e-01
3.256507134607418696e-01
5.824404082033139973e-01
8.460185174747071324e-01
1.033693803925303856e+00
8.833886608341332547e-01
4.997072634051941686e-01
7.556804875406440969e-01
8.835093275300029969e-01
9.844933149748977819e-01
1.972029578951543793e-01
4.087384384150168914e-01
5.460909783300281761e-01
5.407632759894610563e-01
4.461397562583113152e-01
3.455972045089667488e-01
2.443381815222011311e-01
4.954181942349609180e-01
4.376248419279989421e-01
2.466553726227324050e-01
6.465077651534613112e-01
-3.156720149338744508e-02
2.569957714034001306e-01
2.212748231622896911e-01
1.547775118530639038e-01
4.371222484457875646e-01
5.902023230149229249e-01
5.609689799675708910e-01
2.039765538008008194e-01
-3.480076541018495284e-01
-3.214941443024021961e-02
-4.938516562834411316e-01
-1.762922619329702290e+00
-2.414558715356953655e+00
-1.431922406508358669e+00
-1.314899408996202945e+00
-1.793180876619383080e+00
-2.560772448750628261e+00
-9.822399381569653087e-01
-1.012938589854328331e-01
-3.215550951109569233e-01
1.618302908130540563e-01
3.617998611589330893e-01
3.143386662887410754e-01
2.406707605289208352e-01
-7.893259779788650565e-01
-8.010500385028862524e-01
-1.188692361052479524e-01
2.160154181217273719e-02
-2.924821080324509492e-01
-1.440006126796748998e-01
-5.459877436218995017e-01
5.205239771933815179e-02
1.008013766694472457e-01
-7.181169767257998826e-01
-1.901488509690131723e+00
-9.643305816900650251e-01
3.768886745281603834e-01
1.929949142275073359e-01
2.622708100097977946e-01
4.793651949777114618e-01
7.557536507548510141e-01
2.695093884848501764e-01
-1.268336987416017525e+00
-5.182326885920007786e-01
1.132951195063681624e-02
-1.409615078209658368e+00
-2.365939892721686810e-01
2.306511247830912437e-01
-1.068089373146334509e-02
3.155898039597607729e-01
3.167060252684635868e-01
3.446492605864304171e-01
4.232468165270521498e-01
3.822218371987802787e-01
2.270510289446053265e-01
1.218821805531498659e-01
4.700300580994478672e-01
6.206530587331992449e-02
1.771609427066018760e-01
-1.791867250038985948e-01
2.337184473201560087e-01
2.732350817829333756e-01
-1.229111776954854518e+00
-2.338109553584308387e+00
-2.517794728735533116e+00
-1.037720535648746889e+00
-1.333023342755758511e+00
-2.713834921594023841e-01
-8.860292728323279632e-02
2.802923068217267333e-01
1.579713954176607538e-01
2.751683242811540642e-01
1.050570148310031593e-04
2.044435519195977047e-01
1.371083617659577536e-01
1.758739512901337232e-01
-9.079477440484748918e-01
-3.691489134574409414e-01
-3.290677833369354821e-01
-9.903769164071223319e-01
-2.299510815006443387e+00
-8.205805892071352803e-01
-1.180093192258688112e-01
-7.925392705407615646e-01
-5.367878552100663336e-01
-1.783792063053375010e+00
-2.473448472667445053e+00
-1.399680169933269935e+00
-3.006753616886553848e-01
-3.994022638737282360e-01
-9.035452412240403686e-02
-2.835483922061031170e-01
-2.124750608045797851e-01
-2.084711801402444331e-01
1.528705081979931935e-01
1.945001677793646577e-01
1.400000508190108184e-01
-9.350525452954877581e-01
-3.308009596891500759e-01
2.544987571756255340e-01
2.049566596149210995e-01
3.043077846084437654e-01
-2.432566078207812343e-01
-2.030383062621975709e-01
-1.862074752899226526e-01
-4.161233421746567407e-01
-1.699173657875512888e-01
-2.803277997947885569e-01
-4.516663307242793635e-01
-5.828792557403484897e-01
-1.922532464444970668e-01
-1.916215399767137728e-01
3.385881728662031853e-01
7.099953439778636799e-01
8.602766803305391674e-01
7.372768368510633774e-01
7.172903153412124588e-01
8.274677693910448273e-01
5.473101081015171454e-01
2.468568357162798377e-01
8.863328411830517783e-02
1.105119263240116889e-01
-6.510688764332779321e-01
2.564207101646329146e-01
1.701104306667895472e-01
2.283647224345671800e-01
5.650654689507738082e-01
5.644418607642630592e-01
-1.321414247375718221e+00
-1.729027251286052058e+00
1.331204594048851497e-02
-1.183979317935211384e+00
-1.244538125064681866e+00
-4.954927510571536797e-01
-8.885461267405044827e-01
-6.315688880045630116e-01
-2.162522923122141005e-01
-1.069079883564789529e-01
-2.619100642847044247e-01
-3.304390870806951930e-01
-4.246153521453671642e-01
-1.829576465253765771e-01
-1.350207366137657239e+00
-2.407925408937450662e+00
-1.417439875015077622e+00
-1.919289469128947212e-01
2.512108140297052428e-01
2.213492197708544773e-01
4.104767918038603192e-01
4.097384962897825389e-01
5.238782660297632843e-01
4.746938730351916713e-01
-2.208556107278121794e-01
-1.172752326824391567e+00
-1.844071612975194119e-01
4.049298483856078046e-01
3.661206731549057625e-01
2.048935637412328536e-01
-6.633920693925509093e-01
-2.803410688296332776e-01
-2.789307634276710912e-01
1.494755459709170564e-01
3.533986301481715220e-01
1.886033278048500073e-01
5.033200725026767408e-01
3.091528288418082249e-01
2.966502318205157529e-01
-1.022541558946282181e-01
-3.341019549825237078e-01
-1.474020074966645444e-01
-1.839174380534324416e-01
-1.045378790800817331e-01
-2.338016393278435218e-02
4.190821757781389434e-01
1.268413723936041848e-01
4.838955386111208345e-01
8.565785590129879612e-01
1.205519100760851448e+00
7.629326013087217584e-01
1.203487665326490097e+00
1.172283205503938941e+00
-4.425859828035709764e-01
6.628852801812309403e-01
5.255398554187420412e-01
6.038467012339251427e-01
4.847011277665542184e-01
1.593300948299997410e-01
4.147645774159215426e-01
2.023922598129378192e-01
-1.316129377875550899e-01
-2.464959522995377184e-01
1.204058359190438576e-01
-2.411912252212467411e+00
-1.584954585675279581e+00
-2.843546195742934768e-01
-1.356425690529323158e-01
3.006803744446295279e-01
2.811385355448038914e-01
5.456917297137667822e-01
-8.032476232205969513e-01
-2.338969529438926109e+00
-6.802297279592990353e-01
-1.304928037467535162e+00
-1.280133688349960330e+00
-4.959911620623119188e-01
2.701319248574892140e-01
5.417424934421800620e-01
4.809878502806421707e-01
3.403884088969508226e-01
-5.307331427501519316e-01
-3.236394045359872879e-02
3.459095178375450885e-01
2.229367126138079302e-01
1.246835543490955739e-01
4.998641301644787815e-01
7.494605146108173077e-01
3.254354284100862693e-01
-2.535152265075157896e-01
2.677046967165565561e-01
-1.014479903607182987e+00
7.036521668087503123e-02
2.168381138088988080e-01
-3.365419682584613187e-02
-4.778711006991623877e-01
4.468245258927308061e-01
5.196841256584789903e-01
3.267879361013850126e-01
-5.835952151679898448e-01
-1.112658792075589265e+00
4.475225879279062235e-01
8.247268404762936322e-01
-1.782187024042933554e-01
-3.820798583353530731e-01
3.253568796836611710e-01
4.589731165117436062e-01
7.041919786090010680e-01
5.643599707061451864e-01
-5.248297754827042638e-01
-2.594116562190534880e-01
-1.994831021899014234e-01
-7.152455910389772520e-02
-1.531128028328459845e+00
-2.340810697088323289e-01
-3.118477919031738543e-01
2.809180765559742832e-01
1.318233713922371819e-01
-4.390525600088217018e-01
-6.281918116732485569e-01
-1.686005691783850347e-01
4.819880661848146008e-01
4.894260974370736039e-01
4.532499931786134195e-01
8.588785146457940112e-01
1.149981757090767109e+00
-2.881109527848086382e-01
2.891802230373767824e-01
-2.577170989083573671e-01
1.708531135896183828e-01
-3.286433403783536322e-01
7.096008734950070007e-01
5.792256185604868213e-01
-3.635399601273257009e-01
3.199601339137906342e-01
3.504384824478251059e-01
1.448454157221251148e-01
3.272475642193464207e-01
-2.002936095118935944e-01
7.590394673355962407e-01
1.083350469455604870e+00
1.130977323499238046e-01
-4.845468313615390876e-01
-8.765785182625928096e-01
-8.905277135035075675e-01
-5.460743943232241326e-01
-5.943082339717640217e-01
4.047806816743098474e-02
7.142263039164904737e-02
2.807666705103298854e-01
2.591507438826243792e-01
1.133262648641134886e-02
-4.367949395626612996e-01
3.496520926799899232e-01
2.390466018122484881e-01
-1.038968778887013333e-01
2.816811368286966100e-01
4.720848770966235702e-02
6.132301781433741050e-01
2.082286944618555180e-01
7.951560830522641510e-01
-1.875864050823995988e-01
-4.383499315300508625e-01
2.215120468495554162e-01
1.879725655379487770e-01
2.338964217717993399e-01
-2.117544200122123133e-01
-3.480349462539119032e-01
-7.832864736750812240e-02
4.048078840318564131e-01
2.969351997523125841e-01
6.438769504453358827e-01
6.238973497894448883e-01
3.902950173857102079e-01
6.943004016621862062e-01
7.424337104632663387e-01
1.044182810275027462e+00
6.692322511118476980e-01
6.965384528823188592e-01
-8.960717675590219589e-01
2.478278142172604323e-02
-6.645456696273267516e-01
-9.446307144879964590e-02
3.587293931781985190e-01
5.041922407604244594e-01
-1.340397419820963387e-01
-3.678268947354204066e-01
-1.168222121694069138e+00
-5.044607939449342604e-01
2.838881038554216460e-02
-6.120722247105552655e-02
2.075992767484939605e-01
2.470888125155233095e-01
-1.560162611084552620e-01
-1.642221739391698798e-01
4.019636434863896324e-02
2.464914159168750118e-01
-1.691856838013214293e-01
4.968709127783678126e-01
2.461124672474494512e-01
1.140071872715549883e+00
1.071287077390377096e+00
1.065554944272799620e+00
9.898215681001341082e-01
-1.578954275643824345e-01
-2.867213192407466749e-01
-1.974238010614526306e-01
3.707188173631693201e-02
-2.247498632800535856e-01
4.743377326347155698e-01
6.712106269988831198e-01
1.085455833143152526e+00
1.205527457001253078e+00
1.142158255516295462e+00
1.116123353309296240e+00
5.968708439965125789e-01
9.742757358704867698e-01
9.456367115569168647e-01
8.093008768003348008e-01
4.173080535772930588e-01
4.781675412039212980e-01
3.090943812827595116e-01
3.002301342955281949e-01
5.678881068165139157e-01
-5.653041439259006706e-01
-1.910753553855724374e-01
2.142723779077759794e-01
-4.223813432145331337e-01
-4.319824821874353460e-01
-5.500291429068366877e-01
-2.419311664684583862e-01
-7.243764377814465583e-01
-1.625815516634333546e-01
-1.923623802299133378e-01
2.437943005058800794e-01
1.220651003790389905e-01
-2.469374360877570895e-01
-1.479686902981336982e-01
1.002994218281099692e-01
-3.885569918687002966e-01
-1.230721858956394632e+00
-1.655997417556791307e+00
-1.098756476174817198e+00
-7.784872843048216140e-01
-4.334848143821874999e-01
-3.501598658908637862e-01
-3.959129278077458403e-01
-3.022724560564704621e-01
-2.990841457849999219e-01
-2.540402637876653102e-01
-6.726836174249394007e-02
1.153716985585526503e-02
2.159040282864604088e-01
-1.741142342082253325e-01
-2.301642515600558700e-02
-5.600947598081344736e-02
-2.354718304996221423e-01
-3.309548457633083030e-01
-6.915084618530562555e-01
3.556941842621510474e-01
5.405597020112837825e-01
5.976409431661964256e-01
6.240472418122314791e-01
4.532111420811006375e-01
2.900586509179272077e-01
4.824045067175167789e-01
5.147647200984754035e-01
7.058945407674287464e-01
8.885930014704604973e-01
5.999696345264758923e-01
5.661297970335698038e-01
5.950637342317464107e-01
3.308243750158699203e-01
-7.671252264458712500e-02
-3.294002425303669268e-01
1.494948781845829022e-01
-3.926939302115895480e-01
-1.872242785654817387e-01
-1.463003083142081495e-01
-1.175658254618133558e+00
-7.471355053669794799e-01
-1.665778231547945465e+00
-1.724452580397779711e+00
-1.711814877780540645e+00
-2.036718399982035965e+00
-1.766272910326355472e+00
-5.729193944738406596e-01
1.910545199621665746e-01
3.690871171053914379e-01
3.992783345442451615e-01
3.580261969319368798e-01
4.120195145031320672e-01
6.732838988984544137e-01
8.370515033280775397e-01
4.709475023190546894e-01
3.477123929095877752e-01
3.163452127962278482e-01
1.775566839681378684e-01
3.379324355053581752e-01
-2.419062287660020683e-01
-1.278410030575559408e-01
3.095230750078195037e-01
3.359080824047552261e-01
1.591901406670133134e-01
-6.278127270427732443e-01
-2.101624153641115100e-01
6.101671372744400107e-02
5.520494240889015636e-01
4.938330803225288723e-01
5.441186983905945684e-01
6.169898741008049692e-01
5.474541253860366607e-01
3.896197397863193634e-01
5.509862614031938444e-01
5.355286201324001016e-01
1.751740937422757716e-01
-1.977699492757517830e-01
1.951254847139273774e-01
-6.764365147591333560e-01
-2.177892915608415081e-01
-4.234898588999649882e-01
-3.147927665981895551e-01
-8.392826189988974450e-01
-5.715443812031471005e-01
-4.358647591165253354e-01
-9.061884923985619178e-01
-4.757733554029434653e-01
-1.202849381371793314e+00
-2.166125895279001234e+00
-1.467107720675765670e+00
-2.061383682303570719e+00
-1.647712075342500970e+00
-1.478372616681823182e+00
-2.507303230777244707e+00
-2.353437110078403727e+00
-2.412044250028149595e+00
-2.617533073192615412e+00
-1.979954384306535475e+00
-9.685146784940649178e-01
-8.156422126329253286e-02
-1.542145512162486742e+00
-7.014898820339745544e-01
-1.949495742256852182e+00
-1.915075481888131037e+00
-8.043042955184880327e-01
-2.329290340522464753e+00
-1.624603947363624235e+00
-1.181444419957822234e+00
-9.646059006969262203e-03
-4.243377637745431308e-01
-1.040916078000075462e+00
-8.413821099039103801e-01
-1.593753961596934055e+00
-1.576393940761154244e+00
-1.336963237470438770e+00
-7.496564415084896460e-01
-9.195370746064784884e-01
-4.355465892952922191e-01
-2.177726865020473412e-01
-3.236066397874151623e-01
-2.159102857234632966e-01
1.806442292999051458e-01
5.011184672399170426e-01
5.274759663357562189e-01
6.949285611048797162e-02
7.491100430548357225e-02
-1.060674812153575286e-01
-3.928448433206026547e-01
-1.056294150914313321e-03
-1.209051257122413792e-01
-1.872388433193332480e+00
-2.130636258743389355e+00
-1.014411368728798779e+00
-5.480614221926408680e-01
-5.989549575550845439e-01
-3.807476908807576055e-01
1.802577523083550293e-01
1.721788896889398512e-01
2.522535897735570520e-01
4.902257819966958641e-01
2.883528411775593825e-01
-8.272198827038910185e-01
-1.364875383156297861e+00
-4.055309883710345176e-01
-3.458597914432751802e-02
-9.584248168124466227e-01
-9.901384454652004674e-01
-1.286527769809038491e+00
-2.115895935358821145e+00
-2.167915728100031192e+00
-1.130109504376298979e+00
-1.203811985981129595e+00
-1.192250954783232286e+00
-9.456524890198139133e-01
-6.885936646493718838e-01
-4.298869862583192814e-01
1.817305338147888819e-02
-5.558612868360233161e-01
-8.027783552667137057e-01
-1.162070313599739224e+00
-8.470025460522957461e-01
-1.031572847301671869e+00
-2.154994624614418042e-01
-1.513199295153560553e-01
-8.449762550694757124e-01
-1.002690532696414588e-01
-1.121487996666008513e+00
-3.621955820557241079e-01
3.451141558996762004e-01
-9.751555241442720900e-01
-9.700546593267302953e-01
-7.168683557861509348e-01
-3.531041951775841237e-01
-7.943463004303370489e-01
-1.830944082916945437e+00
-1.097228387886402201e+00
-7.258948832520143446e-01
-8.861165578349525784e-01
-1.080281657868873868e+00
-6.228092152154321992e-01
-1.477519958795778798e+00
-1.969114655734826247e+00
-2.553500505515233776e+00
-7.913323132687046790e-01
-2.121556652640986251e-01
2.491217923700779768e-01
6.818717239748639525e-01
-1.186905700107396613e-02
-1.235047480869049030e+00
-2.402839085859111101e+00
-2.283938298867479677e+00
-2.732882225341741300e+00
-1.689176084633841501e+00
-1.713305010613786372e+00
-1.381430118021759412e+00
-1.511837956008883044e+00
-1.143706830095828408e+00
-1.979993831792011827e+00
-1.107740986384828874e+00
-2.194865459340698877e+00
-1.658915559993237698e+00
-3.860929814104736013e-01
1.003538010450066298e-01
-1.253107754475503988e-01
-4.370490782904093985e-01
7.435592632331014529e-02
-8.030733391059511339e-01
-4.676525504878065176e-01
-2.346616842109171264e-01
-6.907171065882916627e-01
-9.326096226193256733e-01
-1.177667163206957301e+00
-2.506458764084901869e+00
-2.216690079716949313e+00
-2.213000902608859732e+00
-2.392794328538064175e+00
-1.912145756418194509e+00
-1.030561261642577886e+00
-8.623933394695210142e-01
-6.458351849511171361e-01
-9.094188816586659119e-01
-7.564719461755657903e-01
-2.814361326486014558e-01
5.840489820002200960e-02
-1.266404702065846655e+00
-1.579933583334462543e+00
-1.869147809117859715e+00
-2.258387031611535978e+00
-1.286472300332970331e+00
-1.655637147736131354e+00
-2.236544591256289571e+00
-1.810068397106163518e+00
-2.198641122394944691e+00
-2.305970952948417363e+00
-2.155486890550154300e+00
-1.694924582174418548e+00
-1.496769322365954613e+00
-1.910534523493096826e+00
-2.232079445323337907e+00
-2.016923024256998875e+00
-1.478989716147124600e+00
-8.120512313342189703e-01
-6.873337286677801972e-01
-9.993312816787572883e-01
-1.751780237770910409e+00
-5.552828459855051468e-01
-5.761204768870031162e-02
-7.946711967937435117e-02
2.823808783817789714e-02
-2.992415882012845474e-01
2.495212480359454144e-01
5.082654266047014202e-01
-2.149772757804371270e-01
3.111579160950736500e-01
7.111264871101340423e-01
5.559921907682853215e-01
8.301191188198917548e-01
1.216616920658384560e+00
1.203495314174964692e+00
6.516197005363010275e-01
7.782764957029971731e-01
-3.328277885239231404e-01
3.974772363896317828e-01
-5.549471178883234046e-01
3.741023069101451770e-01
-2.883977543251500797e-01
-5.162989260841637125e-03
3.406160167921610804e-01
6.960898708277929448e-01
5.077266034188581134e-01
-4.995537212500384024e-03
-1.284349890392352256e-01
-8.905815439753304030e-01
-4.217647906696633253e-01
4.073902353166730661e-01
-6.184407451298664510e-02
1.542938862484118101e-01
-2.306504228463522321e-01
1.305842038995564669e-01
6.154871156807186772e-01
5.557755677975642072e-01
5.747353305318575467e-01
6.378100932591068695e-01
5.582529791058397084e-01
6.733006779938872643e-01
2.506272059766658789e-01
6.184497411023947011e-01
6.529872071756360752e-01
5.732119294397698406e-01
-7.858211536758560323e-01
-1.281599407476912145e+00
-1.860912078644188172e+00
-6.766779493178081140e-01
-9.763816019534713453e-01
-5.370069495957161543e-01
2.265466546806409742e-01
3.461402874078036707e-01
2.433895281364320817e-01
3.663199127221215545e-01
1.970566448525515602e-01
9.491768180034820812e-01
8.121909141469748628e-01
3.969141944959525548e-01
1.068247745988014641e+00
5.523359255254324252e-01
5.597888616626913727e-01
5.811148781807993213e-01
1.117270934823173523e+00
7.851619835930332414e-01
4.684416287913238386e-01
5.789934394631803816e-01
-5.561186817195276078e-01
1.005223488855905289e-01
4.971245198099191742e-01
5.313523302537280779e-01
3.512912064167578730e-01
4.021240608251901993e-01
1.895709550568792368e-01
3.226591691590895983e-01
2.886486097967931319e-01
3.422500051808131660e-01
3.184537024629246482e-01
7.173571619794730791e-01
9.950328936653708434e-01
-3.948680506865113737e-01
4.778494438996861438e-01
-1.168062572121089993e+00
-3.499504749163785955e-01
2.660309792462574596e-01
6.874690935492782096e-01
6.611116827641220217e-01
9.055939388443778881e-01
7.803011869846232518e-01
-1.010777357712324687e-01
3.231245501956717670e-01
1.110464033401561634e+00
1.214173827614723811e+00
6.510890587247153416e-01
-3.605908219682101845e-01
-8.966294517570601030e-01
-2.067589684898572866e+00
-2.164973580400875175e+00
-4.863322654982370485e-01
6.233268317038143103e-01
6.847989133306617848e-01
-9.754414486260779560e-01
-2.451449683124048207e+00
-1.895916474265763263e+00
-6.853323100639507892e-01
-6.079295762737202402e-01
-6.536880893507310830e-01
-4.549351433324816396e-01
-6.341059364606524973e-01
-2.175130954897830093e-01
2.454985208955384191e-01
1.822334906041328528e-01
2.432932245276019090e-01
2.863826679721985791e-01
3.770404013245315378e-01
6.548898367840760848e-01
2.934649309236552761e-01
5.029159080362195500e-01
8.773481627450380183e-01
9.069489699021363593e-01
9.517711215888893239e-01
1.173153427150430694e+00
1.277688516784167394e+00
1.132314342418241582e+00
4.577079486617433718e-02
7.612895637525620568e-04
1.278559839169282064e-01
-1.223357491504494687e+00
-1.905645198057165146e+00
-2.755754973766316063e+00
-2.672495350761839639e+00
-1.100191175885258721e+00
1.147320640690629168e-01
6.031685594280700169e-01
6.152659763106809176e-01
8.729687684709578344e-01
6.929491759860305633e-01
7.344395625819266638e-01
8.233188200108693122e-01
8.423169057496068257e-01
7.880371558805516763e-01
6.710360260597766358e-01
2.172327862557396627e-01
-1.052891961644314839e-01
-1.203617519375832723e+00
-1.870906803751330116e+00
-1.968091957608222975e+00
-1.891415189529403129e+00
-1.185706170527901504e+00
-9.288605477555205159e-01
-8.263903894896855729e-01
-2.148753558006822661e+00
-1.028509370600507955e+00
-3.732050097192716187e-01
1.312238840905002035e-01
6.861592340685975788e-01
5.454924129161878854e-01
2.088577576437267158e-01
2.228812861793592059e-01
-1.112058273572031630e-01
-1.708034924222640583e-01
3.985875665354383229e-02
3.653967459299704013e-01
5.091021837161763264e-01
5.792874427380182434e-01
1.871158294406643496e-01
-5.841512868448343054e-01
4.695839795051882648e-01
7.909144190319694623e-01
1.002602857847035178e+00
1.249638383283646403e+00
1.398581668345369566e+00
1.363983911964245177e+00
1.334039392129454438e+00
1.221058055045535884e+00
1.350033791713530551e+00
1.348114433925577726e+00
1.363562248786408748e+00
1.226331702187904549e+00
1.581297705340808379e+00
1.367704015800585537e+00
1.510161530851633183e+00
1.548687527443420198e+00
1.732300682946746662e+00
1.483456278281714447e+00
1.511039183226902560e+00
1.475894698043067610e+00
1.615110706561672105e+00
1.220069236625177300e+00
1.621436221214393569e+00
1.368675916328368380e+00
1.317731741153644665e+00
1.297517954933230966e+00
1.405319936160466021e+00
1.560830683580330724e+00
1.543496627209392402e+00
1.615477250056689407e+00
1.467439683328937372e+00
1.761492637915383241e+00
1.298889450967114501e+00
9.726970851030858345e-01
-1.832021617833006488e-01
-1.844193105829551538e+00
-2.637487493803487126e+00
-2.245186144028822106e+00
-2.638416452101733700e+00
1.268108450896736905e-01
5.816319365421299681e-01
6.017292919308209198e-01
3.242876493494559198e-01
6.033828587450319469e-01
7.926428288837330527e-01
6.878484023588062879e-01
9.017979212098958808e-01
2.877944346029708833e-01
2.421290805245010225e-01
3.472642175008904680e-02
5.014543314857431572e-02
3.776778099617166262e-01
-3.992943635156323556e-01
-5.206829194205861988e-01
-2.289610151776387895e-02
6.194134019512098632e-01
8.646155126763495069e-01
3.627143599583503297e-01
5.577591897407804256e-01
5.390454021928341444e-01
7.548632777226341739e-01
9.403467932476966551e-01
1.150034405489037681e+00
1.282250826534327537e+00
5.623232442982536439e-01
1.003519206620382631e+00
1.249214650914009184e+00
1.273877370117820096e+00
1.188254774055566898e+00
7.986359831365933415e-01
7.882564789776034253e-01
9.125512594215096085e-01
8.880171970666113079e-01
1.006249875581443964e+00
9.199741705296892169e-01
1.165355770726130613e+00
1.160539959495767937e+00
1.197462628557537823e+00
1.221157964061488688e+00
5.560417905384248405e-01
7.404312363693689170e-01
9.834641506645671605e-01
-1.712687303531065020e+00
-1.361263934529262309e+00
-1.084152046086806598e+00
-2.082711354968263817e-01
-8.454791057533921350e-01
1.609660061968122835e-01
4.623603678320570287e-01
1.323889982820501965e-01
8.068196650063164110e-01
8.663017238395361863e-01
1.041811687666117425e+00
1.328232020391824975e+00
1.394230937280305449e+00
1.113272373653928282e+00
6.616015255574797527e-01
4.754781671605736171e-01
-8.265248655670327516e-01
-1.795794392741588474e+00
-2.381887897168392332e+00
-2.125565924339749557e+00
4.042607306001558265e-02
-2.174281168342479642e+00
-2.215130093445052850e+00
-7.395710800929901074e-01
-6.237035977461394820e-01
-1.780965214362215887e+00
-2.706394516564747832e+00
-1.973618350447222891e+00
-1.185104260620927441e+00
-6.431512915085095816e-01
2.829613577469035704e-02
5.218422582906943191e-02
-3.164239241387951651e-01
-7.114016241699075982e-01
-6.016077706219602472e-01
-3.916832270413518266e-03
4.069678189309152150e-01
6.945699021858452449e-01
7.607592134924722194e-01
8.776069946001431310e-01
9.372049935663377962e-01
8.854631547366015321e-01
9.451102669824730240e-01
1.640604915135204511e-01
5.151612384945370993e-01
-4.042149764551731250e-01
2.136020917001660857e-01
4.047227582504923649e-01
2.517453341748951412e-01
3.227334764838244996e-01
7.813277656306539809e-01
7.752599438177495417e-01
3.413558368287100686e-01
9.285434035190753832e-01
8.041518198891683955e-01
7.546243340277016820e-01
1.558904554899216421e-01
3.284857680880086117e-01
4.151924808374857917e-02
1.918020978867977788e-01
3.420279337615640403e-01
-1.299578963207406845e+00
-9.266104509368501274e-01
-2.061760429308900466e+00
-2.298487489277441398e+00
-1.148319417370648354e+00
-8.359567877492866117e-01
-5.829351991383047160e-01
-2.346906109834758780e+00
-7.663297352615383584e-01
-1.018735594089623442e+00
-2.360778743737056207e+00
-2.880166158666399578e-01
-4.484643905650517737e-02
-3.836074151498405915e-01
-3.973926309161834314e-01
-9.325672750242066655e-01
-7.166323118566473305e-01
1.356934698302096620e-01
-9.031852958887005567e-01
-1.608714596272753816e+00
-2.005050262960534457e+00
-1.834331611846546473e+00
-1.717325512240717611e+00
-3.722976337712184391e-01
-2.583088727762754999e+00
-7.951539763170106800e-01
-2.049736771620715992e+00
-1.635955492795949651e+00
6.448098408247182611e-02
8.510520588662019437e-01
1.229951825533300847e+00
1.333251719636980637e+00
1.128898705135628733e+00
7.442094139228131455e-01
-3.816668321511809125e-01
-1.142890120137700638e+00
-5.579362053377560082e-01
3.015639211960272070e-01
6.828122792124954321e-01
8.620157171408502350e-01
-1.179556006507909371e+00
-3.425523579160435483e-01
5.104779376491133114e-01
6.846097585440624744e-01
9.585726431516916612e-01
1.008531198993120270e+00
8.929123696589110759e-01
1.113551006902789409e+00
8.127599443229903686e-01
1.066262525209572321e+00
9.428199415759845881e-01
7.285470551750299339e-01
6.949131526449482399e-01
8.306691824997126661e-01
-5.592484607506100769e-01
-3.154931778466049663e-01
3.467315597973312791e-01
8.995786404060537311e-01
2.325576440406318113e-01
-6.500539203758680662e-01
-2.772296091138997998e+00
-8.852560951334822459e-01
-5.085202581447308134e-02
-7.375648892467322471e-01
7.150654442328803206e-01
8.539857756643384201e-01
4.861057047809473342e-01
5.986712296152793544e-02
-8.251407980185276880e-02
-1.558090198571984997e-01
-7.100903844857053837e-01
1.588233671480993314e-01
7.088227028782482231e-01
8.913257059380870206e-01
5.119295407719041124e-01
5.146931720398922883e-01
5.650366153116463952e-01
8.021142374256196028e-01
4.676040061492873767e-01
-8.699268546823527570e-01
-3.524304913451628551e-01
-1.424048432336332715e+00
-2.266146297239521878e+00
-2.413282634160877738e+00
-7.797885413873851812e-01
-2.299676954732485790e+00
-5.452139907441174715e-01
4.627744137690245063e-01
9.168938256120944263e-01
8.231943504104169973e-01
4.235090733780097483e-01
5.994237188992387333e-01
-3.548910677031765215e-01
5.185414816197280174e-01
7.076528032989191086e-01
3.663285348893400295e-01
-1.353679530202929859e+00
-4.746066048162006501e-01
1.888588684939047913e-01
-2.296299070984306537e-02
-2.716541962267180921e+00
-4.996013348049766489e-01
-1.594853506732216042e+00
-2.908584285222066135e-01
4.988045620371929223e-01
1.206940459948640854e+00
1.063916473045577238e+00
7.323102786859684299e-01
-1.487439312759542220e+00
-3.609362053276859439e-01
4.325370882492580726e-01
-4.427063119526730706e-03
-2.346931789270617408e+00
-1.673817375420023068e-01
-3.768268954076786637e-01
-1.031564036513252347e+00
1.632075814056579144e-01
2.722153085452045929e-01
-1.872093639875371140e+00
-1.944850600006562402e+00
-2.521970149333294220e+00
-2.312451892311338408e+00
-7.975172335890480246e-01
-8.320165588287302683e-01
-5.079434797673201274e-01
-5.089611007437608858e-01
-6.087184349750871526e-01
-5.757092705222534024e-01
-5.594207566306570456e-01
-2.989280894603307120e-02
-5.074314259471882638e-01
1.566821798610729677e-01
1.595983108752707658e-01
5.953164029420304759e-01
5.076144345416461201e-01
2.444066106212488265e-01
-3.904954845819145204e-01
4.202492618272885005e-02
-5.651015048426264453e-01
-1.426012736496613087e+00
-2.997503627930310222e-01
-5.972641083573948517e-01
-6.914498216114488560e-01
-8.140735790367066571e-02
-9.474400048329507662e-01
-5.415120518276165251e-01
6.080362416941613446e-02
7.003470662253222789e-01
9.076410479368189899e-01
9.102349185981957191e-01
9.156131012067061370e-01
9.358271409123199991e-01
2.442050804797428476e-01
-9.806889408502626748e-02
-5.010465975188341942e-03
-3.674927461819175178e-01
-2.482213069292833196e-01
9.869661611502897336e-02
3.111462531715523672e-01
2.063551330068980338e-01
-3.672088707431209742e-01
-9.020630378291552565e-02
-2.013638804865002019e+00
-2.682018483488920246e+00
-2.649964338980569156e+00
-2.662522770128068927e+00
-2.730455838939762181e+00
