2.004231344990496932e-01
2.668059550152399595e-01
1.445982442751501673e-01
2.386864506172418909e-01
2.575713096843414984e-01
2.561520634411904584e-01
6.227751141566201243e-02
7.367472807186534189e-02
2.184772348345911386e-01
2.670183686651274035e-01
-6.197006457489412368e-02
-3.112924468522871302e-01
-3.117497609102432010e-02
3.122451978856183308e-01
-1.942394378308240910e-01
1.939618415444424038e-01
3.374323337711900295e-01
3.768227675380959596e-01
4.523153246406729222e-01
4.935631690660208237e-01
5.218147153277068462e-01
4.650632984172699547e-01
6.582473774409122180e-01
8.010896322653668911e-01
6.067141490784433433e-01
5.957273925931444447e-01
7.189325899300247347e-01
4.853157003376093459e-01
2.775857628310696157e-01
1.000475652051902309e-01
1.447484253036230295e-01
3.021370781205149902e-01
2.547914865842066945e-01
4.310693384458510469e-01
3.510430487145065892e-01
2.154293482139664206e-01
3.483842057422606442e-01
4.878844883140806554e-01
3.706537764111438871e-01
4.538461591796945083e-01
5.813631115069537447e-01
5.871219262994176180e-01
4.575375398051040876e-01
3.862330398257128317e-01
2.650478084031140380e-01
8.784877931434392773e-02
4.100460635341304227e-01
4.733787876646847748e-01
4.084834024745068737e-01
4.826735839216196311e-01
4.511096220149494185e-01
3.568098783035572041e-01
1.301296268993123451e-01
4.483250936953475652e-01
1.306192813525483831e-01
2.967004008945077764e-01
3.149163309817668011e-01
2.717633023072271725e-01
4.524070639433200869e-01
3.326253571718320590e-01
4.824942486414333098e-01
1.402849545644508089e-01
1.511208977405233411e-01
1.020750959786820844e-01
2.182085559136623110e-01
-9.819176410589275372e-02
5.555243167530196646e-02
-2.045284518237731053e-01
-3.417457956979043643e-01
-1.448789203162925698e-01
1.778402137864742993e-02
-3.642033591073895460e-02
1.162473231063278767e-01
1.838400876042891874e-01
3.640102555541786522e-01
6.071625632818658524e-02
2.314583122656924674e-01
3.518252677734480249e-01
4.291658571705526115e-01
4.566814529193822247e-01
4.101886209415286366e-01
4.693354244779850415e-01
5.488014926780271363e-01
5.131913407185846321e-01
6.187548827192703715e-01
5.721877304757936322e-01
6.065955115566126210e-01
8.362059759505591217e-01
7.578837956966449907e-01
8.562497053225324173e-01
8.996916160424872633e-01
7.261229728628894042e-01
6.771351866071475545e-01
5.218464865564941269e-01
4.346988834042115890e-01
3.235921705734575715e-01
4.162347965443171649e-01
4.100736302491353458e-01
4.819360925714579746e-01
3.219066854921481813e-01
4.114212886286704451e-01
5.465695062235870205e-01
5.707659497734525189e-01
5.068900438520874685e-01
4.736729830150427922e-01
5.362680125101237927e-01
6.554772942778757105e-01
6.158345119919128585e-01
8.021836560131880844e-01
5.907890711254213389e-01
6.000521059106909139e-01
4.921200801140463432e-01
5.810892682731505499e-01
-1.820215971875991934e-01
-4.056498298291636995e-01
-5.379091151219803635e-01
-3.834647183947099136e-01
-4.100700166891409482e-01
-2.363494415737941723e-01
3.309318140640687966e-02
2.497989899562723104e-01
1.253803298611101402e-01
1.170981955112599948e-01
2.406455555703556348e-01
2.325543895840954667e-01
2.680407692441243439e-01
3.764484837963100738e-01
4.086617316046267101e-01
5.346220607472595976e-01
3.207735438264708860e-01
9.689364667972457656e-01
1.090353324128129353e+00
9.467369791422297620e-01
9.096598138515783472e-01
8.237900616649935781e-01
1.149190542938365533e+00
1.186753803491755521e+00
6.634216675309472233e-01
7.797616688009030295e-01
5.694938782759861873e-01
1.079475804847459530e+00
-7.366383794753152969e-01
-1.113218300201942457e+00
5.649556967152448150e-01
7.551582930880729183e-01
-1.664519331584407791e+00
4.316279215669042157e-01
3.067726925684766126e-01
5.283348053176191161e-01
-2.578769919734103411e+00
-3.427073730953593689e+00
-1.498268296550140155e+00
-9.867805476457738312e-01
-1.034881460122840657e+00
-1.684844303575270263e+00
-2.459220599088351555e+00
-1.181714058170640236e+00
-1.108288277108791631e+00
-1.363432138823707396e+00
-1.971719970651075182e-01
-2.927686186173767524e+00
-1.397038707198440477e+00
-1.231231468184763034e-01
2.202035042545844312e-01
1.718199432611563215e-01
1.794235404366160136e-01
4.571731449029443617e-01
5.033476063664246158e-01
8.168773213680073919e-01
8.073897971949852703e-01
7.246518795296371662e-01
5.724340317965073144e-01
3.744632846983412811e-01
1.261960586830978892e+00
8.945928432296992305e-01
7.925030645299924181e-01
7.811862581650095283e-01
9.446012641938579257e-01
6.272584329096401179e-01
6.579449381978179634e-01
5.698210328064343688e-01
7.208477536523170137e-01
9.276607765966327079e-01
2.703584966085884056e-01
7.001251837155249014e-01
5.486980240378021012e-01
5.430991371307879456e-01
2.823669722470547594e-01
5.037303625215479030e-01
4.701813351895962612e-01
4.693252341004636730e-01
5.416632226537585471e-01
4.283835134853891669e-01
3.539650306136802871e-01
4.868969647614125318e-01
3.169477551340280641e-01
1.959502915572272075e-01
3.035399625661494016e-01
-7.010289866444578966e-01
1.454640603652932462e-01
1.682890615869134243e-01
2.114400047214286538e-01
2.273612187716973487e-01
-7.269836268896314735e-01
-1.382612921064155787e-01
7.799433123831453485e-02
-1.490325936348368407e-01
1.972470877126186184e-01
-1.654019636044465891e-01
-1.465549392511083404e+00
-1.739508324263427941e+00
-1.948042288552223500e+00
-6.506008020140749970e-01
4.953798131622544343e-01
-8.119660610775614185e-02
-7.211198473639895967e-02
3.157150389067467922e-01
2.971632933619673955e-01
3.763905737175549659e-01
2.797851560182787467e-01
6.400945910162447738e-01
7.964601896084297916e-01
-5.544124856860033201e-01
-2.515149523043433533e+00
-4.841372870278647933e-01
1.776140969072889542e+00
5.629015076520677008e-01
6.310435399924088085e-01
6.313391925395095416e-01
2.694546549680555403e-01
1.795327767627835081e-01
-1.084010534923026015e+00
-1.701022663897672871e+00
-2.142070725388440344e+00
-6.012434981728047578e-01
-2.840411737979188778e-01
-4.139917650539313709e-01
-4.387490697846779808e-02
1.944030578083973393e-01
1.853344696064928021e-01
5.098565875564754490e-01
2.672102304275050244e-01
-5.124525092426202022e-02
-1.872034294237979513e+00
-2.515102262444390391e+00
-1.752727270503124490e+00
-4.956957330549443541e-01
1.648748557674517556e-02
-4.033686623143884487e-01
-2.272073984421684734e-01
3.597689274624207290e-01
4.460866763273146907e-01
-3.011348320259843447e-04
8.189898940326259535e-02
-6.674633806596224073e-01
4.786695339207119870e-02
4.026880049856507160e-01
6.884049230846609468e-01
-4.646708792748684425e-01
1.428372542069380469e-01
2.809153009987744309e-01
3.326201788839143192e-01
1.105845070891614323e+00
-4.706989114204784275e-01
-2.752676622184933919e+00
6.333955420024545147e-01
1.079290057995370145e+00
3.499092769071597830e-01
1.692567663458097726e-01
-2.878941522995385749e-01
6.705539445774537644e-01
1.372402722201428726e-01
-1.991882662874966403e-02
-7.284093246039402558e-04
-7.829801004640533080e-01
-5.700174714677395116e-01
-1.564153759823639911e-01
-4.772988037352542956e-01
-9.170857454914422835e-01
-8.078335026260787810e-01
-5.953646531840210976e-01
-8.083468411839374035e-01
-9.026415734151453929e-01
-9.746331617214962773e-01
-4.866400336351725531e-01
-1.665997881906339018e+00
-3.306732705955701124e-01
-3.562744075444225778e-01
2.831141078069782102e-01
-1.132183513154066512e+00
-1.159784257189594991e-01
-2.371472245135671231e-01
-3.183812948428918488e-01
2.098046505645545512e-01
-9.744628178062542112e-03
7.096162313514645104e-02
1.028452185885922188e-01
3.583350151629813851e-01
4.571435058078405778e-01
5.616962116457511200e-01
2.539465527316365212e-01
3.241511157782908659e-01
1.182444217542453491e-01
-6.623962840931163498e-01
-8.768061918905696306e-01
-1.737287114575759794e+00
-1.186137004040131782e+00
-1.595823108202533147e+00
-9.007658716053618120e-02
-2.322142601956208363e+00
-6.286516640438992720e-01
-4.171412395578253940e-01
-4.685763876836139263e-01
1.815145405411796031e-01
2.068246635641186604e-01
2.651736314681994999e-01
5.120214252515082887e-01
4.914847756299329240e-01
3.598086284620981012e-01
3.794901776481435229e-01
4.254979904254158063e-02
1.701293663317537952e-02
3.025893730590761277e-01
4.276777961205048273e-01
2.062162270347480675e+00
4.273093027846508463e-01
-3.830900443345700790e+00
-1.574023357707066140e+00
-5.724464482276454547e-01
-1.591814623129498729e+00
-8.599509670484422053e-01
-1.084132235143361322e-01
-6.551453753274194547e-02
5.781865611718378650e-02
2.697232911145653333e-01
7.154400474533861853e-04
6.070302324393477278e-01
1.390826643732950618e+00
5.223927151836124105e-01
2.920645558334793446e-01
3.005921679696300641e-01
-2.170627545862108820e-01
9.103244806340811124e-01
6.063359105664852811e-01
2.915246555755161006e-01
6.196859435246845904e-02
7.630701378472215524e-01
1.759191345531172512e-01
5.922370303680208892e-01
6.459711304570885382e-01
2.734890048291007680e-01
-1.088101259220800809e+00
-1.242270375502921298e-01
1.242747535999259245e+00
3.181736041444349072e-01
-3.112219062396918701e-01
-6.382055092568925669e-01
-1.858766832548447434e-01
-9.555856634468562483e-03
1.335684539058447973e+00
8.503796066146216415e-01
-2.476180684254508657e-02
1.449990875837935123e-01
3.689933687994872979e-01
5.443164447285119278e-01
4.348358336227831078e-01
7.594014040008596478e-01
4.662386178433453598e-01
5.026204789247254445e-02
9.008057719042443789e-01
3.675012626962855578e+00
4.544831107860924924e-01
1.925237172097106875e+00
5.294066985178618179e-01
5.574386712335503979e-01
5.427405334672230630e-01
4.294185764132335548e-01
4.593518074680519869e-01
5.726494268358924833e-01
7.749309151270347140e-01
-3.109225920511174412e-01
8.838698636518482754e-03
4.923604584582941257e-01
5.544191583000293022e-01
4.271792802862672267e-01
1.786714836892945302e-01
6.571916270040509822e-01
7.980972255544800387e-01
6.798290985422044130e-01
4.149720782015823284e-01
6.741151973469764469e-01
2.573724780586853500e-01
8.640066681663678416e-01
6.451171051903689113e-01
2.636685140483380763e-01
-7.029874150966293200e-01
6.916439513387981908e-01
4.047138966804263993e-01
2.844216561457529879e-01
2.902497005405079156e-01
1.142441995075418604e-01
-1.365545469239497267e+00
-1.136211637660800022e-01
2.004898455364498566e-01
2.517696110674884635e-01
1.186342853168601552e-01
2.468138492264072281e-01
7.100692984324113999e-02
1.663505841370840344e-01
-7.384794184699101649e-01
-1.209138238896553252e+00
-3.028335232447956771e-01
1.013695293414406395e-01
-5.143487022368814499e-02
-9.648373970417190026e-02
-1.830022873940666539e-01
4.715742520333290888e-02
-4.397980339844604347e-01
-8.802285224711301481e-01
-1.903583068904363351e+00
-3.098778967309064325e-01
2.518955995204361087e-02
-7.642236251214518106e-03
-5.124754579910744123e-01
-4.692303038486356770e-01
-1.203502577312387078e+00
-9.725225073951695443e-01
-8.884211343536934091e-01
-1.099187856334150837e+00
-1.300797257220558389e+00
-2.389775681616581604e+00
-1.335636802584787564e+00
-1.240418036089204534e+00
-7.964723230408565779e-02
-1.772123984110070549e-01
9.095547114367910635e-02
-3.703476680650424346e-01
2.201891173113380840e-01
-9.395690298429899556e-01
2.579319483634028298e-01
-2.903824242548314061e-03
-3.319252948319542651e-01
-5.942677708457060337e-01
1.716498375893271700e-04
-5.087172894236047238e-03
4.461368960186598009e-01
2.104630532830855938e-01
-3.139203998066991685e-02
1.002385104681163264e-01
1.658648969382517102e-01
1.885793733031910779e-01
-2.073445596874362584e-02
2.533572619497635459e-01
3.597559303518360618e-01
7.537760066519052504e-01
4.595141105344726640e-01
1.853236558523402300e-02
5.332941848400203355e-01
6.096047381168316903e-01
1.288297601077947052e-01
-1.032528077978213332e+00
-3.459404819774835271e+00
-1.233401857411627889e+00
-1.401557414581232175e+00
-1.956591770541909359e+00
-9.336219200495616821e-01
4.778437436567395391e-02
-5.040013713621700475e-01
-2.207334716562410204e-01
-7.908016917241961208e-02
-3.254569224758194212e-01
-1.740531133410078812e+00
-5.591807081312567540e-01
-1.424722627154002552e-01
-2.060432466547086339e-01
-5.946970972038929659e-01
-4.787632316095126739e-01
-3.266685877995599285e-01
-3.903141136703815461e-01
-1.106998251588324989e+00
-2.501840465651158585e+00
-1.555153496827571091e+00
-1.956513892100933294e+00
-5.884906029687466678e+00
-1.481095814966764568e+00
1.456429256304271336e-01
3.098192041858295331e-01
2.777212600775669782e-01
-1.165745359418160487e-01
4.080430640511500950e-01
-1.531799405130712666e-01
1.764984539303332822e-01
3.857502157109111707e-01
4.077998836634491031e-01
5.262830755258639526e-01
5.209199707045948369e-01
4.421188486199245649e-01
6.376205255456064425e-01
3.219298797497898157e-01
3.524371254875481307e-01
7.222277793264195722e-01
-5.699365892775507536e-01
-1.562724523707605728e+00
-3.977446662937753064e-01
-9.500036165275360656e-02
1.410447628624411365e-01
3.085733529916748208e-02
-1.176539984202270794e+00
-3.855456413261941218e-01
3.054249031015310312e-01
-1.188675495259668424e-01
2.470395203940269624e-01
5.749719888572194515e-01
-1.481355511998737051e-01
4.995962620517002128e-01
3.919191605553269397e-01
7.830742787774833680e-01
8.614111851499695049e-01
2.740542061105295524e-01
6.553730845892526968e-01
5.305081707802420388e-01
4.614729469540806983e-01
6.745708848525373558e-01
3.277245348381637724e-01
-1.827838012052777295e+00
-8.440851697556488453e-01
6.748498263721713908e-01
1.437144810863616673e+00
-1.081130617946437500e+00
-7.421968333590969191e-01
-1.468770736474388494e-01
1.356273517170140386e-01
3.808514204550239035e-01
4.591323922322091411e-01
-1.192143345767376461e+00
-1.700420205248696304e+00
-2.429148386227065193e-01
-9.075966034157938456e-01
-7.486257319081872641e-01
-1.289892054373307895e+00
-2.965083766261507492e+00
-1.238943619035608901e+00
-5.856443100249859590e-01
-3.307650583944940492e-01
-1.797764957577680511e-01
2.653796798461507955e-01
6.189949581576681403e-01
-1.166439458752903113e-01
-9.170088088637329271e-02
6.677852441575520270e-01
-9.098569610386457729e-01
5.338404653699335700e-03
-2.837796374548891554e-01
-2.133611969492170690e-01
2.324067017441170391e-01
-1.883254094601799711e+00
-3.383532315843768234e+00
-1.156292275745578024e+00
-1.207974511925503647e+00
-3.971158665182327741e-01
-2.328358570808301553e-01
-1.537041511143255601e-02
-2.502810573562450625e+00
-6.667564186317935793e-01
-2.747443477961342140e-02
2.380837261339689148e-01
5.303581776357939592e-01
3.598463441649106809e-01
-2.570747507964910028e-02
-1.844908823648799157e+00
-5.887782913185102274e-01
5.241643806669598060e-01
5.122947290172986667e-01
2.194651277709366854e-01
7.407927150123332360e-01
5.885309225980054348e-01
6.668115784197787832e-01
2.324709306365935202e-02
-4.184338127414322650e-01
1.133366762903456060e-01
-8.112338686559161793e-02
-2.655833845502243995e-01
-2.116449089861480282e+00
-2.081041481663338910e+00
-2.779740748496778657e+00
-9.959307904037286718e-01
-6.647169425918819652e-02
-2.401082756204347746e+00
-1.835953437027075363e+00
-9.386347555360892159e-01
-2.195491197644288128e+00
-3.555913539593723360e+00
-3.975466336300587766e+00
-3.908605349716003818e+00
-1.803279999198672101e+00
-4.547390714860958805e-01
-1.501921592634119618e+00
-1.080549163349490360e+00
-4.327470263410337359e-01
-6.166812548066766819e-01
1.418279850702021394e-01
6.671030518166447543e-01
4.087487157708349916e-01
5.323379537060264344e-01
9.176897150543585902e-01
-3.182019824901430316e-01
-3.657637470187524720e-02
-2.243148521094571635e+00
-5.857106919994574667e-01
3.729224583492585232e-02
1.768818628862027509e-01
-2.244407580198798935e-01
-1.943286225235503761e-01
-6.649881143378379988e-01
-2.276128327628924808e+00
-1.077979946200127381e+00
-7.489584003125226985e-01
-1.084857425361388295e+00
-1.189734699119597172e+00
-1.716965335107833335e+00
-3.048576150970685905e+00
-5.712725164127188116e+00
-1.067464718380319422e+00
-3.427620940204046396e-01
-9.725302892199481075e-01
-2.418692238363292280e+00
-1.826360118750179229e+00
-2.821462491810133866e+00
-2.055310949941699050e+00
-1.868196134822244225e+00
-9.927877159016023079e-01
-9.132143291035192956e-01
-1.962018324969450056e+00
-2.725592898343395021e+00
-2.838504387025103437e+00
-2.854166131178896282e-01
8.817138673034860541e-02
3.311158774900168078e-01
2.859790227667037277e-01
3.413724059438136282e-01
2.707372230342267039e-01
5.403749095840414407e-01
1.669583943063784326e-01
1.574523972889518841e-02
2.336366549811536020e-02
-1.743638348969883456e+00
-1.237404696695604489e+00
-3.197930706952478164e-01
-9.622305054413762271e-01
-9.621189596494996721e-01
-8.196920725479743819e-01
-1.514818617979880377e+00
-1.399216047492786386e+00
-6.916021043611553232e-01
-1.206925543421921043e+00
-2.504237762752913543e+00
-3.955572759567031138e+00
-3.188892846871955289e+00
-2.487507820793149360e+00
3.519216006830807042e-01
4.188495528843406701e-01
9.233782705030617599e-01
8.168517537406030371e-01
3.879865550010152542e-01
3.547772734374180503e-01
-8.161573600249991678e-01
-1.757480187188566467e-01
-1.273061031669576182e-01
4.630302884156934917e-01
2.215622512844528380e-02
6.935058204227813050e-01
-5.328480771610222266e-02
4.650075830214580042e-01
3.652079256911433536e-01
1.688717921247868126e-01
2.360366317408840731e-01
2.549064881042234498e-01
3.158934528208140469e-01
-1.116581136408764663e-01
1.935719638600048031e-01
2.257240573704321907e-01
3.152837076247631543e-01
4.257261520527529930e-01
5.193359395228667186e-01
3.568714630302556312e-01
7.603543935819850885e-02
-4.897203030199554497e-01
-2.254452720593974613e-01
-4.467211298260513330e-01
-8.061325915446454493e-02
2.253901981053888226e-01
3.744765421926241067e-01
-5.107546814839986071e-02
-1.659854982325341677e-01
-2.083943502887751542e+00
-1.909006251004182753e-01
-4.315145416477674245e-01
4.359344308197585227e-01
1.515263310631775884e-02
-2.653863434863697468e-01
-1.002386945928259498e+00
-5.819615358745924283e-01
-4.388538241321294220e-01
1.160081579816703290e-01
-2.526371430477564184e-02
1.441583274278864513e-01
2.122533859460480343e-01
3.477021247574853535e-01
4.843408999246799906e-01
2.716267725949170209e-01
3.116719882181813173e-01
2.951411634655811689e-01
2.257631855716281666e-01
2.950744577681436165e-01
3.959319266609759858e-01
3.534747253873254391e-01
4.955417269647641176e-01
2.123285330733685750e-01
-1.097414175926476054e-01
2.572868431232930853e-01
3.169684205859772952e-01
2.134015554321156138e-01
1.392195855808196492e-01
1.569703254533520442e-01
2.979968175524116969e-01
6.842676442581407947e-02
9.827843880430883750e-02
1.189759120321028929e-01
1.133638725321568508e-01
-8.380588203492360666e-01
9.783785130667632668e-02
-1.519893181919081404e-01
4.201863714797379745e-02
2.327648646219897255e-01
4.785965262508578011e-01
1.945415908020182161e-01
-1.415521255001751522e-01
2.558174775613503149e-01
-3.252822419693827682e-01
-3.967276232871656538e-01
-1.526580032702818390e-01
-2.873532799206326982e-01
9.855758319416521585e-02
4.070231545647039484e-01
1.655242989422462674e-01
-4.238795882148602145e-01
-1.020342952386144031e-01
-7.655490418777297634e-01
-1.058150330510576609e-01
-1.173596733133674963e-02
1.064243233007430844e-01
1.276841997116944794e-01
2.379580948160751608e-01
1.253045175308261372e-01
-2.583287537471125273e+00
-9.911908334705232804e-01
-1.703847879498227580e-01
2.407579557653569124e-01
2.292316257350796305e-01
3.464326538588329840e-01
1.789217305158865567e-01
2.011459256789520367e-01
1.878153347612317170e-01
1.904942403313338306e-01
1.597831544761500466e-01
2.400853848160835746e-01
4.218235617530591286e-02
-2.991869794438830055e-01
-9.622519853929534239e-03
1.363771630354543019e-01
6.240948355752282128e-02
-1.303728065191811503e-02
1.572090494765693292e-01
-2.524768873404303893e-03
1.137320620690992490e-01
-1.300105695465490818e+00
-8.260492694095769028e-01
-4.750640846113536875e-01
-6.268739171688642031e-02
2.849072410550642087e-01
-5.343106320841700674e-02
2.311237059431456298e-01
3.245524323738915307e-01
3.253794265028774335e-01
2.225410007622113107e-01
-3.248388608140455047e-01
-2.291958473609589375e-01
-3.672920985427942653e-01
-4.119894025312867414e-01
-3.314668855426811334e+00
-1.095083453640415927e+00
-4.575668515476277176e-01
-6.240403982115012571e-01
3.589966662632096406e-01
-3.325487037879668595e+00
-1.634347181068081190e+00
-5.809698329961825003e+00
-3.392917757189186201e+00
-1.850379002422501973e+00
-3.243402237014763601e-01
2.546936228204544905e-01
4.071292935190782281e-01
4.580296431698379633e-01
2.703859233849041921e-01
6.715315288746626088e-02
-3.023401934967240856e-01
-1.552579380728996150e-01
1.023772863754922602e-01
-3.104914698915503535e-01
-5.231865296586639680e-01
-1.739392950413914285e+00
-4.371892810238157678e-01
1.902399391529961403e-01
2.845457848263052703e-01
5.128044144176449048e-01
2.218051661718896672e-01
1.546282051068684216e-01
2.666648395131271942e-01
3.270139021990392525e-01
5.479009193630299812e-01
4.573712618715697342e-01
2.983716359349608549e-01
3.869391258154560864e-01
4.107371592755143519e-01
4.893260068020257592e-01
2.221601128168765316e-01
3.429175328228378228e-01
3.544075178771761703e-01
3.410275399884939995e-01
3.414028966557112188e-01
2.183173013347197988e-01
1.425119967329190607e-01
4.551942228653808042e-01
4.945178692833177014e-01
4.148673291875245583e-01
5.924606394965510336e-01
2.718167439687957931e-01
3.264487710730457626e-01
2.797658034734823995e-01
2.861554596295168285e-01
3.398258931017243967e-01
5.085327071777030472e-01
5.922456087460579166e-01
3.520839617174985614e-01
9.839896647718332501e-02
6.258300746460948583e-02
-6.650107709245633991e-01
-1.055052644553392316e+00
-3.848830017164313611e-01
-8.332650080298917850e-01
-4.227377116572894056e-01
-1.571950908067332175e+00
-2.638220920632425859e+00
-2.088375009363743207e-01
5.259632163056462972e-02
-1.020104096399990223e-01
9.582084906511337263e-02
9.174753619958933570e-02
7.996385922222379317e-02
2.976072833630001857e-01
-2.471015328613399009e-01
-8.330006450146143493e-02
1.289809503168130866e-01
-4.778315602792404526e-03
-4.085769542738662552e-01
-3.295568541226361892e-01
-2.856888433238276570e-01
-7.462098065062333641e-02
-7.181467454478784873e-02
-2.323189415446703099e-01
-1.420758328995220809e+00
-1.379702692571060929e-01
5.081532800988067811e-01
2.012535446001266215e-01
2.680408187059593605e-01
3.521980998004778929e-01
4.496585257235257149e-01
1.213762798412793276e-01
-9.146020160139294308e-01
-1.921507452026793850e-03
2.292716009550699596e-01
-3.495745687451936035e-01
5.025912265092497000e-02
2.593425700739951933e-01
1.972857392569313528e-01
3.083539253556512594e-01
2.456044799701725678e-01
2.074659404775286431e-01
2.763660015888910193e-01
2.452306786999945698e-01
1.708466103148495174e-01
9.742976383237461624e-02
2.327899967559227679e-01
-1.966276629798235920e-02
1.514744860154575989e-01
4.450134502310096329e-02
8.422606192929441016e-02
7.772479827616571302e-02
-1.758186601179385078e-01
-1.725229612871351348e+00
-1.947800493095479091e+00
-7.512614654471438946e-01
-8.511215839864121335e-01
2.668986319244226468e-03
2.878267003281438363e-01
6.279898499951142021e-01
3.113200337532033291e-01
3.434068531357606924e-01
1.123426354135641236e-01
6.795548140961640837e-02
1.272268979581653026e-01
1.309012360358273730e-01
-3.269637407489301428e-01
1.215186329716205771e-02
-1.045507515933896681e-01
-3.555082725266404675e-01
-1.564606336078797399e+00
-4.322899846533082013e-01
-7.374004796484667779e-02
-5.180121668304913385e-01
-1.759059616340657994e-02
-1.156523435812050637e+00
-1.191920327840205518e+00
-7.780789370189993281e-01
-1.670544101488830036e-01
-5.735424056214231125e-01
2.447805272641409569e-02
-5.765243156013046821e-01
-7.963212411823694659e-01
1.639525822912913933e-01
-2.703133996879003575e-02
1.738015685364061036e-01
1.790649692403027293e+00
-7.386531137567338146e-01
-4.728663652787186700e-01
2.909835169365602714e-01
2.624501275253717236e-01
2.508753793650206343e-01
2.036864612914057737e-02
-7.000776665299319745e-01
-5.797434723213565899e-01
-6.129331960761252862e-02
-7.930298045687402819e-01
-1.037744938864534561e+00
-3.024070316433741801e-01
-4.617137754639631386e-01
2.874993367904765673e-01
1.018020388810995103e-01
3.341410369443734707e-01
8.091250182624500908e-01
4.199586935110887209e-01
8.412423357123877121e-01
4.439917297629144555e-01
4.608918924849547682e-01
4.423656398894872388e-01
-1.634826639622921629e-02
2.591526567991789265e-01
2.271487671779340300e-01
1.018670409358285178e-01
2.410525666244642262e-01
2.187177612371474511e-01
2.778348250032243727e-01
2.995669742223200926e-01
1.206497286776059497e+00
-1.170210394534458409e+00
-1.179362957370645448e+00
1.730649926664846738e-01
-7.880286449545597094e-01
-9.012576763583979300e-01
1.583055634634734088e-01
-4.118820033512165524e-01
-4.628114475189986643e-01
2.819876086572403739e-02
-5.107997346638981639e-02
-9.952459771927413268e-01
-5.736184699997939340e-01
-1.016106555469888706e+00
2.417391628356833355e-01
-7.692605647967756255e-01
-3.102563363999413237e+00
-1.183012741927695233e+00
-1.464113582590583773e-01
2.627829141817593639e-01
1.855316508053777569e-01
3.368009010231250988e-01
3.679328503689412444e-01
3.754752322939561293e-01
4.834829194128243413e-01
-1.057542538038967472e-01
-5.165893057019879109e-01
-3.764484097781667371e-02
1.252865817566020112e-01
6.354092941585121057e-02
1.988070409060641586e-01
-2.185050061636978347e-02
-4.237742093076218852e-02
8.334601187388560040e-02
2.803635025723297258e-02
3.231051145877348318e-01
2.623016041466778581e-01
3.101345296633226112e-01
3.006661528454723786e-01
1.452480411438277219e-01
-1.253152399018802043e-01
-7.597283118026265658e-03
-1.404538561068083280e-01
-3.765921711527258631e-01
1.821463949928991133e-01
8.007058979193071302e-04
4.900191302500945811e-01
-7.188293121185762580e-02
2.452350104545354126e-01
5.198180177786697609e-01
6.328380033861342735e-01
4.890198323676582248e-01
6.109491879820773130e-01
7.923646143172617951e-01
-1.196257092515394804e-01
5.691339852501430263e-01
7.200413932507744308e-01
6.528283996285686452e-01
7.511087393920392596e-01
-1.669899582845496555e-02
3.709343895743354436e-01
2.036386197538101184e-01
-3.713144264934381544e-02
-2.737641993559619125e-01
7.660303243521719985e-01
-2.114769693306497444e+00
-2.212877519269528470e+00
-1.264996423562785854e-01
-3.731321961788119923e-02
2.802505158847670153e-01
1.908302243423265487e-02
1.648677806301201421e-01
-4.126546191209792824e-01
-2.918200262219063923e+00
-7.090633408877815569e-01
-6.507351833026961963e-01
-7.644076932917687195e-01
-3.699113009409472075e-01
2.006082644071908172e-01
4.509500305427877054e-01
7.991511568278777400e-01
6.260503774919907727e-01
-1.529367906779207642e-01
2.665005722630581220e-02
3.939912217318827237e-01
3.031745698464518024e-01
3.557360352929530567e-01
4.802743050252568646e-01
4.426247535425373858e-01
3.464902166965003749e-01
-2.437442576093784008e-01
2.069984740064627071e-01
-5.325257139611718760e-01
5.200240447176845970e-01
6.910384331807611913e-01
4.132216593461789378e-01
-1.427575441296153325e-01
3.129034826667801972e-01
5.776581793225237238e-01
2.329444338876061338e-01
9.051850726629351307e-02
-1.302985328449325575e+00
2.684766884770928841e-01
8.265099364984032082e-01
-3.490356335472614702e-01
-1.232863097459171997e-01
-1.445376112779093725e-01
5.222775517554893998e-01
3.689144320053481252e-01
3.934931571345023915e-01
-7.008286402157632988e-01
-7.484706813993819985e-01
2.928514036079446492e-02
2.150323381699444369e-01
-1.843711181793124876e+00
-2.929285459456937857e-01
-2.759334753189542355e-01
9.343550460579608252e-02
-2.599145335178374983e-01
-8.201514403294314359e-01
-6.719180113104015195e-01
-5.324503849750417128e-02
1.297024413829604539e+00
2.238307239447806740e+00
1.355315662190456349e-01
6.102897109669870312e-01
1.927765805226933082e+00
2.401014200001662768e+00
3.949394498262849829e-01
-3.895003842079293732e-01
4.732611067897267154e-01
3.617249529989599588e-02
1.621391857635291922e+00
1.835260763404169770e+00
-1.527726721728118187e-01
3.990358940327801140e-02
4.090533877471469459e-01
1.603746318403437843e-01
3.082586729356870392e-01
1.680896497590492200e-01
1.080725674395827784e+00
1.470084429490136513e+00
2.583013115303815499e-01
-4.475226250118914950e-01
-7.800105845144362782e-01
-9.054840534816974706e-01
-6.003304814430991954e-01
-6.167582126264041786e-01
-1.927070017957260850e-02
1.448061190012112087e-01
2.918737561562758098e-01
3.326364058333340923e-01
1.422842597563574729e-01
-2.277168083483546712e-01
2.553389016437732084e-01
5.274870363630893011e-02
-1.812359056907117960e-01
2.442994438537031687e-01
-5.187650916741082252e-02
5.060536620570046384e-01
8.192832120152113151e-02
3.857113142832524488e-01
-8.052381249360949234e-01
-2.356541359900685140e-01
7.913055173761360250e-02
1.366559215252359794e-01
4.206386493060416676e-01
-2.833699290905298818e-01
8.856126118384399781e-02
-8.317104209847053786e-02
6.095948990881866481e-02
3.619533091492703192e-01
1.372746397853723765e+00
1.342193552924315414e+00
1.126685474951080401e+00
6.521609591450543419e-01
7.600145000209176382e-01
1.527628051218658189e+00
4.064292767446774590e+00
1.094643501616141767e+00
-5.401807715548923028e-01
7.171213836262671504e-02
-4.382627353382239632e-01
1.844951111356650797e-01
3.954556837990085283e-01
5.484793418092843709e-01
-3.763562016008486499e-01
-6.834888252467432590e-01
-5.781231207115751225e-01
-8.158451248505482756e-01
2.107538519371502939e-01
1.192289505012841533e-01
1.627842708002908145e-01
3.152455758137098774e-01
-1.737547137881012560e-02
1.021940994327421026e-01
6.801619735983832626e-02
-1.021583942459586281e-02
8.003497457575772245e-01
4.245519173572998017e-01
2.855278048484764519e-01
1.434357086085523703e+00
1.261674859909402313e+00
1.919536838057594785e+00
1.337282024073329856e+00
3.250103438373870834e-01
-2.412528648761803063e-01
-7.509878735266251049e-02
-5.698742066777182647e-01
-2.978727833855004392e-01
2.774796991783595734e-01
6.706466957036461007e-01
1.161840016419633415e+00
1.650413481796693782e+00
1.457685180711725925e+00
1.689858420516304527e+00
7.282591636671149615e-01
1.313006561528323290e+00
7.370807341446593552e-01
9.131426585659769835e-01
7.043136128206147761e-01
5.731492392564963012e-01
1.267584682698079390e-01
-1.370896396442963905e+00
1.229391898241289693e+00
1.685004807014887640e-01
8.614437162788546321e-02
4.206811962604425359e-01
-6.606623943027545298e-01
-5.169707429462322423e-01
-8.078131162503112694e-01
2.142815314740813271e-01
-1.066712378052314225e+00
3.829771424915030531e-01
1.293695346580091832e-01
7.025531641300917229e-01
1.893500520443841539e-01
3.893415611381145780e-01
2.833807710294578008e-01
4.224325533921858833e-01
8.270232648100821482e-01
-5.269100989264594581e-01
-1.542318607725880475e-01
-6.682315316339211275e-01
-5.155466978149079171e-01
-5.796599873855750040e-01
-1.699018729964104080e-01
1.759556377455092635e-01
-4.213501538849955819e-01
-3.083234797779665359e-01
2.244685340194504664e-01
2.514196844643593054e-01
5.613251880185613496e-01
2.892241810914463751e-01
2.274679758519194683e-01
-5.461625208938408749e-02
8.037180187987924551e-01
-8.719316387047792993e-02
-3.630363783385969767e-01
-6.008881071566012366e-01
3.647062553885197511e-01
7.239111638161117579e-01
5.137235223997465017e-01
4.882622714414399656e-01
5.192995641316887623e-01
2.678445939348420013e-01
6.329850412620112721e-01
6.809550081993931414e-01
6.181317446908987101e-01
6.840511274093792338e-01
9.173864848395141269e-01
7.008305354856423364e-01
6.020168219994603831e-01
3.938321016075865821e-01
-1.629503209826393961e-02
4.538443515801515726e-03
3.923928573118637408e-01
-1.977109989371308996e-01
7.134448049905794953e-02
2.977219858515463002e-01
-1.544701693883419047e-01
-1.196820009425435982e+00
-8.245119434270302694e-01
-1.911653449182469711e+00
-1.980543693573295183e+00
-4.329491188703956439e+00
-2.363032596198192614e+00
-1.236395887927380866e+00
-7.388058731016650116e-02
2.681837434244697116e-01
4.513653518519481489e-01
2.429121365867557558e-01
2.061728181832175877e-01
6.031457949728891155e-01
6.894506835218522367e-01
6.033021322288825150e-01
-4.462070215771546389e-02
3.705007327257905381e-01
1.855599953795521728e-01
4.681231367503951857e-01
7.685636179828067571e-02
-3.223977410233153096e-02
5.191030265588615356e-01
4.221337708667940447e-01
3.112559702280973117e-02
-4.560727280414928475e-01
-2.003235579606421624e-01
1.341832467025290410e-01
3.253930254957466128e-01
3.498956814889796485e-01
3.797459946281109278e-01
4.852472217302056245e-01
3.966824582305727431e-01
3.726751196380214681e-01
4.517011202280210025e-01
3.864757401180918261e-01
1.810374636953004657e-01
-9.483848344602512359e-01
-2.777989643630878636e+00
-3.756033256424532230e+00
-4.845765644739215561e-01
-4.351183503448611489e+00
-3.717970592862141377e+00
-1.578060047033681412e+00
-1.817401644945168648e+00
-4.097215606182363246e+00
-1.503832867176305266e+00
-3.301883001658723948e+00
-2.286174033329036792e+00
-1.923486926543155118e+00
-1.763844840178701467e+00
-1.739085883654917453e+00
-2.747306539894216471e+00
-5.212543631463407934e+00
-3.361420276636994497e+00
-5.474249266533433023e+00
-7.466123618175426024e+00
-7.773574353319954611e+00
-5.132254645075684074e+00
-6.762312003238023728e+00
-6.728209744677697834e+00
-3.593405684270840172e+00
-4.743931377121964665e+00
-2.107163005806983680e+00
-4.410872520021148269e+00
-7.840104790280541636e+00
-2.633251203738586899e+00
-3.856098876089750771e+00
-7.081167706576502852e+00
-6.165216056268665312e+00
-7.825285036428450525e+00
-7.352099146351840808e+00
-1.038398227147822084e+01
-4.593776152692954362e+00
-3.177593129086129231e+00
-4.432058248883763873e+00
-4.029321827870506745e+00
-1.369455823075995005e+00
-2.517792226334191863e+00
-3.187852177657611197e+00
-4.728793008057141201e+00
-4.639216840772714789e+00
-4.059632068576835451e+00
-1.704417239527962424e+00
-3.591888156063501647e+00
-1.435618514985983252e+00
-6.643502227033017959e-01
-2.456037349341443132e+00
-2.967189125243162362e+00
-2.782633979645967148e+00
-3.135126517730283613e+00
-2.453906146808479072e+00
-2.761058041316610367e+00
-4.360659277851214100e+00
-6.068443583031106314e+00
-2.198992867199458967e+00
-3.498143100604476086e+00
-4.835776963644987880e+00
-3.355800478371617324e+00
-5.717932989845190939e+00
-7.859468650320758698e+00
-5.932878764285056228e+00
-2.210354957212693261e+00
-1.796837970867610323e+00
-3.463411348378041321e+00
-5.588015827121562751e+00
-2.875821162251354313e+00
-2.187358876365542493e+00
-1.223769673453649842e+00
-1.444566310538143661e+00
-2.511369758145856501e+00
-4.153124635901490613e+00
-3.657853616932694063e+00
-2.456324761425608738e+00
-3.589242371002836052e+00
-3.514965153631440575e+00
-3.700445553919303965e+00
-4.135464403121448917e+00
-3.139593685845365467e+00
-2.619693443002698796e+00
-1.948583683804294253e+00
-3.187071994507621575e+00
-2.751127845921077064e+00
-3.989899893441183121e+00
-3.088742863656971593e+00
-2.882248083692691143e+00
-5.336612540494277468e+00
-3.419801102498728262e+00
-4.739191363520036226e+00
-3.217755639696739944e+00
-5.308779236810261537e-01
-3.328266423480095604e+00
-2.088334093534092162e+00
-3.076341169253815178e+00
-3.166418126686293188e+00
-3.364110415820051436e+00
-3.150315853414753064e+00
-2.662449280363507143e+00
-2.025192028856914739e+00
-3.961016599483602629e+00
-1.589582169989568250e+00
-4.179420657062395073e+00
-4.709356903553333140e+00
-4.801422405764482981e+00
-7.111236838079773470e+00
-7.025049982842130447e+00
-3.575953004669633728e+00
2.594070447433442173e+00
-9.283577619523355473e-01
-1.940284129474623587e+00
-2.288876129523565339e+00
-3.657541394086909037e+00
-3.942686265989415961e+00
-3.814006612079181568e+00
-3.997782505510703910e+00
-4.869498572103415412e+00
-2.272058829715739581e+00
-5.053697652551543129e+00
-2.466427110614857199e+00
-5.689790186979410969e+00
-4.821491485809783484e+00
-3.658770686100400571e+00
-5.591798697465158341e+00
-8.009528398719092834e+00
-4.912049378984818304e+00
-7.777889008667440152e+00
-5.133772528068424990e+00
-6.615335600278782202e+00
-6.446857389873748012e+00
-3.540467171477196917e+00
-3.982590566843686286e+00
-3.098920193686010460e+00
-2.792352494214160874e+00
-4.566173259915406568e+00
-3.994830040944067573e+00
-3.109350594805503576e+00
-2.570846713939565653e+00
-2.605648439958923479e+00
-3.583483190438378596e+00
-4.703418001926598535e+00
-3.642188080841342490e+00
-4.196222584082925700e+00
-4.917997534796504588e+00
-6.211669562045436521e+00
-4.134094426366976549e+00
-5.886713461688851012e+00
-7.159469276015488326e+00
-4.833190201794291596e+00
-5.406271191069535575e+00
-7.040324949434504376e+00
-5.967413036825464978e+00
-7.631990061280660598e+00
-6.639905223953707747e+00
-5.083080327062432069e+00
-3.337328887804690503e+00
-4.940444301306781583e+00
-6.717148016383603704e+00
-6.263503723491628428e+00
-3.280158942180988912e+00
-4.167911670198161112e+00
-4.256500585233005118e+00
-8.045722591758844189e+00
-7.185536281455359386e+00
-5.494609716351118500e+00
-3.634969614813349459e+00
-3.377923599123043186e+00
-5.709656310530000667e+00
-3.068197786913052116e+00
-3.665925942708418095e+00
-1.644829952833119613e+00
-4.929061762838948368e+00
-5.693133935128305012e+00
-8.391161726377035279e+00
-4.711177566208442080e+00
-7.192089105640338431e+00
-3.966174199967533287e+00
-9.736590509063441701e+00
-4.623305041480223920e+00
-7.880058414622215679e+00
-7.492007370576743153e-01
-6.560316081320637593e+00
-3.094155127047373277e+00
-3.894967174562363521e+00
-7.389649410078586556e+00
-3.923783250651479815e+00
-2.866159570087949859e+00
-2.579149622610759529e+00
-3.547722702117273030e+00
-5.424727696355410522e+00
-1.093119090259650861e+01
-6.737603419925195070e+00
-4.154154212187698647e+00
-3.568571976902969123e+00
-1.565343278230121316e+00
-2.126868290887427015e+00
-3.926085966039331243e+00
-3.003378151307607880e+00
-3.465860358794984997e+00
-3.852873153217205360e+00
-3.280884828218109117e+00
-6.995285289981540977e+00
-6.755214046663529537e+00
-7.184729382581453550e+00
-1.011072727117304026e+01
-2.794814086187505264e+00
-4.480226020876258985e+00
-5.805955768761010383e+00
-4.642050040962895530e+00
-5.310345473353030865e-01
-1.842835806331359905e+00
3.674979288362024143e-01
-1.105250703192010242e+00
-2.566664135841501881e+00
-3.800040965916708924e+00
-2.562382967873175765e+00
-3.623598381361268217e+00
-6.301807326177652158e+00
-8.114481779897518621e+00
-5.067019241395693818e+00
-1.436727948476974781e+01
-5.330604863490472134e+00
-8.010164614582853559e+00
-1.179216609499635382e+01
-3.308566058285875133e+00
-1.543845056313668751e+00
-2.000585210728893504e+00
-2.564760902144085808e+00
-6.887967242468235884e-01
-4.199020163848512510e+00
-2.643218593028004992e+00
-6.497528096376659512e+00
-9.072592871567872308e+00
-3.500141628913277625e+00
-5.105849129931985253e+00
-5.860654153810751055e+00
-8.492845523188560009e+00
-7.211493014655441236e+00
-7.312741502128654147e+00
-9.546161808737309684e+00
-9.088658289012558456e+00
-6.959607577745083873e+00
-5.598405328296832906e+00
-5.415241646676653531e+00
-7.274403597996516702e+00
-4.425668322870546234e+00
-5.748805928022255873e-01
-3.119367963999110760e+00
-5.123942851590570946e+00
-4.394572758074051677e+00
-7.810267427538466478e+00
-1.349388895487707352e+01
-1.645525857250114754e+01
-1.417563567930858071e+01
-1.236440947078337160e+01
-5.304960501609844670e+00
-7.065078695106305595e+00
-1.042605175014560182e+01
-8.782884685265319291e+00
-8.614448231489660657e+00
-3.771110794650442077e+00
-3.021761369764818905e+00
-2.588226284235771946e+00
-2.682737238214415232e+00
-4.364563058328761791e+00
-1.051462803382481681e+01
-9.604165857319747701e+00
-2.926401683271818488e+00
-3.259657163105404987e+00
-2.233030674640838154e+00
-1.406089139289626644e+00
-2.006093768613791628e+00
-2.332788020144560992e+00
-3.720281493874104672e+00
-2.211769325017491461e+00
-4.613077957950541652e+00
-1.328063838709528932e+00
-3.467560884888496453e+00
-3.091395826432259408e+00
-1.302253481429904935e+00
-3.135314365475709408e+00
-2.388056417480155513e+00
1.562297883522512532e+00
-4.795357866046426332e-01
-6.381833036486638022e+00
-3.115943932660582671e+00
-3.352742458118882940e+00
4.774855613162710455e+00
7.595669691195442219e+00
1.711625050772139556e+00
-4.136893725506588737e+00
-2.446377486841718962e+00
-2.522297643904160225e+00
-2.770374594123182099e+00
-2.448392147500654481e+00
-4.172065979808736280e+00
-5.231101390725677369e+00
-1.091704749478031422e+00
-2.344033287583139891e-01
2.225412760983865201e+00
7.858432813323064092e-01
2.838811310524234965e+00
6.471382678667105814e-01
3.545966367407351050e-01
4.775070676743704556e-01
-1.576164620872464894e+00
1.321196197593097477e+00
1.007641297013230908e-01
-1.917071509849503474e+00
-1.964527986974716534e+00
-1.239956736324397069e+00
-3.945255963851938663e+00
-5.175735406421560825e+00
-3.670057754670111638e+00
-2.202703874969018205e+00
-2.402346710992929957e+00
-2.752254808826902543e+00
-4.306953785675557533e+00
-1.978987012766636688e+00
-2.155546791452492172e+00
-8.350323371991106303e-01
-1.611874533752208349e-01
-1.927268414926370799e+00
-2.162657514183622176e+00
-1.434675487155986806e+00
-1.783700643641091599e+00
-1.520436952386401863e+00
-1.193508121185702597e+00
-1.633977817263288834e+00
-1.883459479167185258e+00
-3.002673225111176514e+00
-1.730062052552602037e+00
-3.484775306115821980e+00
5.623849993379279599e-01
7.102634937300793538e-01
2.294889736146423331e+00
4.994555702938991426e-01
2.195359406299310479e+00
2.409343044865976502e+00
4.029556803320708980e+00
3.537705445237230961e+00
4.761231724879768201e+00
2.770369099833771553e+00
2.218656573300419765e+00
3.766332287658423983e+00
2.775151441950592712e+00
1.404187281195363068e+00
2.162059208299949020e+00
4.036047670545824140e+00
2.949781192446820355e-01
4.935125097524013960e+00
6.687633071087255132e+00
6.680776105003321419e+00
5.504072272561676193e+00
2.620352222162217970e+00
4.661739894184014688e+00
3.703592253965842129e+00
3.386858546440939755e+00
2.454619590500208393e+00
1.524912583479822725e+00
1.324628952873162235e-01
4.000125649320505627e-01
6.182803003958916577e-01
5.419726483354155633e+00
2.497638285160620697e+00
1.265604975432458801e+01
1.418396619853708795e+00
6.470754634366386426e+00
5.828212746178626169e+00
-2.378388317859102319e+00
-2.093462207193558466e+00
-3.495532999687122722e+00
-4.289472455029732956e+00
-3.586553363946596740e+00
1.212642312182762083e+00
-7.109807055734402859e-01
-4.109871851770429685e-01
1.536806899532160431e-01
-5.922903010447855277e-01
3.151373889787238425e-01
-1.136026390757655324e+00
-1.372201504181682186e+00
-2.861961167281121821e+00
-1.444966374199592618e+00
-5.554319850365829758e-01
-2.307414104302374813e+00
4.780309662075544752e-01
-2.461076004029988162e+00
-1.325547927236002455e+00
1.828633716950953669e-01
-1.687343982445763446e+00
-4.024362275305763403e-01
-6.077380833332104437e-01
-7.204398344078855043e-01
1.130909928580126289e+00
1.380359326290949484e+00
2.281468874858923801e+00
1.330670479308266430e+00
2.268532427372574212e+00
4.355705883479832785e+00
2.510553330538292549e+00
7.621250943269526346e-01
4.804926626731962913e-01
6.387889273952028768e-01
1.297948230050663287e+00
5.970110419177928618e-01
5.497740386478213725e-01
2.479611424492937033e+00
2.086471304790990633e+00
1.533129637217429231e+00
1.504936426988714659e+00
1.909300387848154701e+00
3.790584175510467890e+00
2.798017467637619937e+00
2.059012759718055641e+00
7.758434800433693379e-01
-2.138501041141411818e+00
-1.203977104855791236e+00
-5.672043496815655228e-01
-1.833590625110967043e+00
3.793711080607768404e-01
6.675757472554209038e-01
9.230071182632069160e-01
2.208272895088108090e+00
2.538530640898726265e+00
3.310808772101446085e+00
3.493433245849144164e+00
2.988422435702113855e+00
6.478782216517769754e+00
7.461538721907602367e-01
4.770601220958697652e+00
-4.334964246943858512e+00
-1.685981440595442971e+00
-2.661074307434773356e+00
-2.265256279498298664e+00
-1.060388429644749442e+00
-3.424631543712059134e+00
-2.316419881810015458e+00
-2.267411887863022280e+00
-2.334946270355472642e+00
-3.699237364955943796e+00
-3.328288998758226036e+00
-3.445410880837451284e+00
-3.541934105966958235e+00
-3.242522361683274568e+00
-1.141956997072029578e+00
2.560820462860016189e-01
-1.223208086327362443e+00
-2.965139509104086191e+00
-2.373651736602705675e+00
4.549028913265471541e-01
1.365821647305684561e+00
2.141679610625243591e+00
3.554440087746728150e+00
2.828235578326967925e+00
3.186043007343515310e+00
2.750839952130619714e+00
3.491720347821715809e+00
-7.874811098286393918e-01
-1.432927803339915096e-01
-1.606501342747249428e+00
8.030352745140696413e-01
4.706982977483598063e-01
7.133635875208603760e-01
-3.237629995394170623e-01
6.906133566906140775e-01
5.906403496157117683e-01
-1.308779912847550353e+00
1.275807920009677465e+00
7.592438114698296658e-01
-8.770672158157188925e-01
-1.241897737594218176e+00
1.272835516769754427e-01
-3.688465103127364642e-01
-9.891593412287489340e-01
-6.151637270064873597e-01
-2.474619083410584341e+00
-2.338506525294568927e+00
-2.421041524025950853e+00
-1.797789003538467600e+00
-1.572163548197659244e+00
-2.606104757679817308e+00
-3.441606716565732249e+00
-2.151099628982828360e+00
-1.700428900556468115e+00
-1.471690619527140642e+00
-3.509084892285242230e+00
-1.814918894038993979e+00
-1.132652195454972421e+00
-1.776828733359697932e+00
-1.672160312666231663e+00
-3.180038023627161703e+00
-1.861015996029038888e+00
-1.366581353281836941e+00
-3.440262925369453662e+00
-3.259303303980646049e+00
-4.064824440191245003e+00
-4.628924564294469413e+00
-2.625304229018893043e+00
-3.388526744035882832e+00
-2.855115044699794158e+00
-1.891435534760158355e+00
-2.684076501453110275e+00
-2.484974110091928257e+00
-1.642213504800522195e+00
2.482004367862165495e+00
4.473121977059148158e+00
4.754233899027897614e+00
8.654634524128153039e-01
-5.236949778589812254e-01
-1.557427815660848314e+00
-1.841422593182986844e+00
-1.571815812475623630e+00
-3.522011191653741324e+00
9.647920001274581381e-01
1.111047724819673954e+00
-3.887249997848619909e+00
-1.393388504100159908e+00
-3.847821913544799410e-01
7.547518574870535346e-01
9.519152930690850667e-01
9.202712281453977461e-01
1.063754946992644612e+00
1.719444060049289069e+00
1.036838031330486576e+00
2.859348908297314917e+00
9.274987973332837754e-01
1.684058421899193192e+00
2.569502131429675096e+00
2.019523997492985057e+00
-6.332131135050476090e-01
2.881317464541791051e-01
5.627422578912333329e-01
2.420846533722007976e+00
4.267188322191548533e-01
-7.866969191102173298e-01
-4.923281145520501667e+00
-3.237217845840301589e+00
-1.708611531654395055e+00
-2.218744884572841247e+00
-7.330450419069443058e-01
2.603612255151237509e-01
-4.474417050499291393e-01
-2.357442526397925064e+00
-4.154984249594424917e+00
-3.968842507131129071e+00
-6.320113071897125678e+00
-3.455707087748433715e+00
-1.167009960939373592e+00
2.922903102387550134e-01
-1.215243196578281948e+00
1.434863441178141130e+00
4.020126821875324996e-01
-1.637802359813883557e-02
-4.777527610015985804e-03
-2.183318799142076383e+00
-3.172670005645930491e+00
-1.150164157866949477e+00
-3.149749258416278952e+00
-3.859870127812920604e+00
-2.455552018169289585e+00
-2.112590824799499334e+00
-8.161078801792673865e-01
-5.116994371775536177e-01
-5.517176497478522013e-01
7.785474639514261552e-02
-6.356888169429157909e-01
-7.495777769647116173e-02
-3.119058877568845478e+00
-7.328849278269493617e-01
1.091756384155893489e+00
-7.022746714794703138e-01
-6.828138887169358462e+00
-5.651622637831348328e-01
-1.213233431782070104e+00
-1.784967510750108399e+00
-2.718228972972900781e+00
-8.764374911332886153e-01
-3.109986739730207894e+00
-3.566150879816079589e-01
-5.161437234469805624e-01
2.537742759682471760e+00
1.084304057600825599e+00
-7.592845452714741539e-02
-2.516158942159955281e+00
-7.680240236656763475e-01
1.824762644606075179e+00
-2.408157742123872569e-01
-4.518373844166773345e+00
-3.195732814116150622e-01
-5.068517047536460485e-01
-1.349162796727913394e+00
4.960574648414094234e+00
1.730657817393741693e+00
-7.492336298066009093e+00
-9.061970516439394885e+00
-3.631597315885833233e+00
-3.196608837033029005e+00
-1.519225212027256466e+00
-3.901538908657884885e+00
-3.928358109587265279e+00
-2.465253493892036296e+00
-1.870501741036173282e+00
-1.484618071368708270e+00
-2.071077878968715424e+00
-1.178831881142847537e+00
-2.376045111879664606e+00
-7.872638551927755302e-01
-1.567876228557560037e+00
1.898006073099645641e-01
-2.546524826047314449e-01
-1.145175745197353878e+00
-1.211925128364530924e+00
-4.042860389955384437e-01
-1.255766471815827012e+00
-2.622376108758635027e+00
-8.201533928425077669e-01
-1.156268040742560954e+00
-1.371415769254219930e+00
-8.639041157083111599e-01
-1.059424200259330151e+00
-7.115176637667257609e-01
-3.489319502550843333e-01
6.059354671723253816e-01
1.051386758717873793e+00
2.440475663775033333e+00
7.342132523105602271e-01
5.982547536537519139e-01
-2.072766858506154275e+00
-3.937003143825976159e-01
-1.280148414925949441e+00
-1.228472990214508620e+00
-1.288792438055907708e+00
-4.907695753661012183e-03
-3.453585047586825163e-01
1.509653066431053681e-01
-3.828258514039131755e-01
-1.165465125819262759e+00
-3.546006533412693340e+00
-4.044926065079913258e+00
-4.660390990382793142e+00
-3.794143969959483886e+00
-2.769234483716695561e+00
