-7.224459289109286253e-02
-4.512705141685618981e-02
-2.160147423417886070e-01
-7.929026168309000200e-02
-4.339275486469407195e-02
-4.018901442030770044e-02
-1.666919220576370542e-01
1.452157892802435901e-02
-2.126895119992766592e-02
1.012521944503705917e-01
-2.231135243850387861e-01
-2.437278894285585529e-01
-9.065887458008575761e-02
2.225864460420976521e-01
-1.401283401808645079e-01
7.088405145129650364e-02
2.572966446391489193e-01
2.655531469301499747e-01
1.867895303672687524e-01
2.791263419604272933e-01
1.869035788612489757e-01
1.678888139801948398e-01
2.900943681678797015e-01
2.473417931256507440e-01
3.188014264457618152e-01
1.894671990393252958e-01
5.300028634703086716e-01
-2.368965222860258679e-02
4.218409732762418152e-02
-2.092322108347494103e-02
-1.450016495496254665e-01
1.815144249542738342e-01
7.299507014712802722e-02
1.381115655420932509e-01
2.416061478826744269e-01
5.756544899594895348e-02
2.288259803691949923e-01
4.785559262541605463e-02
1.055793341049904299e-01
3.105465570248738816e-02
1.099786591481437537e-01
4.031385021711516581e-01
6.744344423919323983e-02
-6.564672609160643324e-02
2.748249175881417594e-02
-1.064382665370770531e-01
-2.434518295952625699e-02
2.489584985827375530e-01
1.229244631729733417e-01
2.628139537413608506e-01
4.729241152997437636e-01
4.562344599107662768e-01
-6.676678034699962128e-02
2.213673754795139059e-01
3.872881514964349181e-02
1.403116269134057070e-01
6.896499450010229459e-02
-1.390994745360315532e-01
3.712830530591375577e-01
1.450224578232156558e-01
6.742568003753413031e-02
-1.739878757663636533e-01
-1.646713282001169842e-01
-1.722996678070716770e-01
2.150370827702147158e-02
-1.920181794366461192e-01
-8.349140162679241639e-02
-9.324350734275194119e-02
-2.168232771993652552e-01
-1.892169930431314429e-01
6.433896859725707351e-02
1.441023752569562388e-01
-7.900942738712291025e-02
-9.841044239282276118e-02
2.785234625361688865e-01
-1.367832525051332349e-01
5.700220916854381592e-02
1.934478270901307528e-01
2.338081672372505082e-01
2.871214120298849481e-01
3.152616921044600895e-01
3.940332015169928370e-01
3.784400988039771097e-01
1.631777631658988259e-01
3.811822885211650913e-01
4.426820660675179209e-01
6.018173307337111311e-01
4.597140618679719237e-01
3.881944522679136034e-01
3.757790453612142034e-01
4.910116758940950010e-01
1.993340278337669691e-01
2.820491600691674705e-01
2.266088059433687407e-01
-1.630705151201149450e-01
-4.014501843199552722e-02
2.596294973520171245e-01
3.997717096894662925e-01
4.589547535659508348e-01
5.516620523987181279e-01
6.171137305586165134e-01
4.330602876757484454e-01
4.134959774278399447e-01
1.636965972906987421e-01
3.813870229185540861e-01
4.162062950601895794e-01
6.867936744971312457e-01
4.631353423144582981e-01
5.749025910418750218e-01
3.573239707547779531e-01
3.543117067579829582e-01
4.297485248617075593e-01
4.463680080004038819e-01
-2.390203185831499821e-01
-2.871105599426061472e-01
-2.461908951576243232e-01
-2.494031946223679019e-01
-1.725900758352990616e-01
-2.011580947414295384e-01
-1.466717684704315072e-01
-7.057114206110909338e-02
-4.508875646258536651e-02
-1.929364507252450123e-01
1.201264171437796957e-01
-2.919455321939556924e-02
1.652693274217276187e-02
1.816342802930555056e-01
3.780108941927775579e-01
3.749375363577767128e-01
1.036452673532252122e-01
4.590797909731376691e-01
6.999259167059062037e-01
5.227933907446278283e-01
3.974294169641214847e-01
4.463309534803430179e-01
5.123821742180669769e-01
1.635540047357697535e-01
2.874331530764514531e-01
4.362529005608968280e-01
1.386852431897007687e-01
6.336792714231280765e-01
-2.944507472305951667e-01
-3.164164128137077481e-01
2.774522268485016818e-01
3.323905654474872406e-01
-3.381953342724134948e-01
3.737494627901993827e-01
1.201591204285161751e-01
2.413473863709100220e-01
-4.171483738189002421e-01
-4.374770358659062497e-01
-3.835875599671856873e-01
-2.690087520859595349e-01
-3.523149135106544150e-01
-1.887260369418086725e-01
-1.905248698524731887e-01
-3.738364001224545041e-01
-3.033583854515846667e-01
-2.393892672101165242e-01
-2.093205368721653692e-01
-4.044974890411525692e-01
-3.349558839662892251e-01
-1.542630833896114217e-01
-1.058281701844142608e-01
-1.832374241736932086e-01
2.112710836558689964e-02
1.285753362150517942e-01
3.409358289908618334e-01
4.251762700782641957e-01
3.843635208844308204e-01
6.332849739114776444e-01
2.091563500714834767e-01
1.746977300058009108e-01
6.615251981009999671e-01
4.696969957465360057e-01
1.295477975688086314e-01
4.420720581795852810e-01
4.798695316474235195e-01
-4.177540336143259481e-04
5.555228659238955480e-01
3.300102466853745975e-01
5.975435623312159716e-01
4.907272486070420880e-01
-2.331327309101260958e-01
1.581485884547690901e-01
1.269626613655058245e-01
1.630270493616996497e-01
-1.937444707337301342e-01
-2.749842053962470168e-02
-8.640364577892634124e-04
6.890372634351393799e-02
3.778289929054442498e-01
1.563047211002216441e-01
6.140449619589283259e-02
1.988496991131162295e-01
-2.403361828405614631e-02
-1.296412885847255669e-01
-6.113587479174897865e-03
-3.033823804342218877e-01
-1.569761734914698614e-01
-2.452781215617435562e-01
-1.055141637763072349e-01
2.004762813228077034e-01
-2.309399061910019924e-01
-1.185513377616977948e-01
-6.042471325395043502e-02
5.171747533415368414e-01
7.075232491954164260e-02
4.413396826535340711e-01
1.279920369018499038e+00
-1.170660097676299860e-01
-1.804492071656381702e-01
-9.120286704423591351e-02
9.612234172187550385e-02
-1.431145660624604798e-01
2.485099566417028338e-01
3.469813271546178246e-01
1.558508427218023851e-01
3.963763018616827116e-01
8.716692286982752336e-02
2.680516452867703903e-01
4.259343111193001352e-01
-2.135284851048489252e-01
-4.256938221737819883e-01
-1.363766643322220085e-01
3.672069113242657501e-01
-9.974845766152617976e-02
1.117945791826253643e-01
-9.965166949219567138e-02
-1.879503887407704132e-01
-2.546240907958325916e-01
-3.600509400126504778e-01
-4.173769962859860683e-01
-3.787204208810736605e-01
-3.325130424317816469e-01
-2.770785421967747464e-01
-3.166170260171144446e-01
-1.327813155077886553e-01
-2.157777783472442090e-02
6.449892730804185348e-02
4.755377080414091573e-02
9.096646442643407937e-02
-1.499593852076179790e-01
-3.531684409222692889e-01
-3.827723755741231915e-01
-3.632476743496518834e-01
-2.458282229865134116e-01
-1.674069323800227993e-01
-2.788204149421244504e-01
-2.154962508422099132e-01
1.418652816959581342e-02
1.673110607548480289e-01
-1.051571628115513524e-01
4.143170257702943893e-03
-3.485300850222765034e-01
-1.408848710135189863e-01
-1.309064981977034470e-01
1.647208085792531973e-01
-1.881778600142146596e-01
-2.146378033559243059e-02
7.245669979021274187e-02
5.339369293395757055e-02
4.865293592759033503e-01
3.851348986078551029e-02
-5.562679688279215107e-02
5.475760896757726481e-01
9.805274122720550878e-01
2.064907875008573646e-01
3.096327266997480621e-01
-9.306676848310241335e-02
3.836149165498831115e-01
-2.044457248042369502e-01
-5.412310363952937964e-02
-4.351638459223083899e-02
-2.425087412283393751e-01
-2.673981190124240515e-01
-9.059282754816960770e-02
-2.630632138208753856e-01
-3.135861191749607646e-01
-3.391777213969154881e-01
-1.397852569949756263e-01
-3.368579063333494439e-01
-3.087118571033569125e-01
-3.186177579506252466e-01
-2.704481330720773791e-01
-3.491156654457902575e-01
-1.864275964333554358e-01
-8.653269391364437624e-02
-1.489308052852766906e-02
-3.542082971710774908e-01
-5.324538532699635285e-02
-2.354040887087811007e-01
1.156444947466914730e-01
2.082511294014239844e-01
-1.075708774225068720e-01
1.312325031608508885e-01
7.704001464045973080e-02
4.192332468357078401e-01
4.836953846208337238e-01
4.362601637411389621e-01
-1.560284219293833763e-02
2.314927181719825811e-01
-6.426969756878170292e-02
-2.824859585244343663e-01
-3.615372588351826733e-01
-4.146151097350494474e-01
-3.626036250723649323e-01
-4.388144574517713892e-01
-2.222140830959607738e-01
-4.425247144049687664e-01
-3.605564099576957782e-01
-2.678853039513662271e-01
-3.122262434793277031e-01
-2.323434266842144824e-01
5.820714840833307591e-02
-2.461437703301544433e-02
2.307707834084717913e-01
6.920641202948329962e-02
8.722753345189138141e-02
2.746978653740256293e-02
-1.380038362462568946e-01
1.437991387906367713e-02
1.984379582279959253e-01
2.679445531699474747e-01
2.927641236384739276e-01
1.224329263485965935e-01
-4.221402913254115319e-01
-3.318215698793373636e-01
-2.533383557640216943e-01
-4.360649517221990568e-01
-2.704477120515781374e-01
-2.266293786656377041e-01
-1.505429891303606826e-01
1.003554619093894873e-01
2.005124425324756876e-01
-2.284035261499305913e-01
2.330422211747801287e-02
-7.486470228806241245e-02
5.892584528968625168e-02
-5.995164646985845502e-02
-5.873244516296316498e-02
-1.038474009400761067e-01
3.812939131422538042e-02
2.781935840320329811e-01
1.807525839915452570e-02
3.352996172568689648e-01
3.842213492831293431e-01
5.716317712335927670e-02
1.841399416590820959e-01
3.831748264233042489e-02
2.179527843086516148e-01
-1.244191768535596321e-01
1.246719898436556839e-01
2.543176888542542091e-01
-2.812392546307682650e-01
-1.410514234699115077e-01
-5.942436748561746862e-02
-2.463701038203243432e-01
-1.973709595932212624e-01
1.760433250019469709e-01
2.516394610744184801e-01
-3.007468187748756350e-01
-1.370592892110654715e-01
1.420633620210489667e-01
1.110533164832905317e-02
3.177568654801722348e-01
1.014003728588320774e-01
5.350593120458657648e-02
-1.390648326175950578e-01
3.383473493201074600e-01
1.789825957845756710e+00
-6.360754252086620042e-02
-1.391902906237624249e-02
4.002532861088882177e-01
3.419188276672986415e-01
3.660798999808611009e-01
3.721963292911978360e-01
5.942383084420976846e-01
4.167020042516575984e-01
-1.137695291093384631e-01
-2.383934743409915347e-01
-5.560836985102407537e-02
1.841303807447288721e-01
1.914190757874911775e-01
3.971102325844264591e-01
-8.713920226541277403e-02
2.653958152406109550e-01
4.531354877875004572e-01
1.064235249508039827e-01
2.659243807374972457e-01
3.219870215214482023e-01
-8.615865839317060626e-03
-8.766505999107054858e-03
1.165680850539363433e-02
2.818814624786494250e-01
-2.707184113769757206e-01
9.898865269873191597e-02
2.575001384728182741e-01
1.187664670064829675e-01
1.609060795462330384e-01
-7.196690204922073786e-02
-3.319492663589417303e-01
-1.605614523839925534e-01
9.019048054505662826e-02
3.059231748291338926e-01
-1.900387168637053259e-01
-1.474237111523080124e-02
-1.779630986844427110e-02
-5.557491040164941332e-02
-3.927062708178278849e-01
-3.549558284900340421e-01
-1.376289928624358505e-01
-1.397519827934793346e-01
3.964360392505850150e-02
5.672894435830000415e-02
2.723777121920426536e-01
8.481207373006527384e-02
-2.737281116251227830e-02
-2.256285710781302245e-01
-4.004244167529376064e-01
-1.239092422462993448e-01
-1.310528081758699503e-01
-1.513280752778324856e-01
-3.730150243971439017e-01
-3.685268881700390908e-01
-3.934001264118563990e-01
-3.300422850045948153e-01
-2.735570351247477161e-01
8.356408480036114916e-02
-1.211491225885911183e-01
-2.386474143915133517e-01
-3.362239682756704706e-01
-3.455206934229106963e-01
-1.540741503184870353e-01
-1.685840360123325166e-02
4.643102450083812505e-01
4.114950996704642705e-01
2.083189745240960900e-01
2.310474424719984876e-01
-7.606635005670464578e-02
1.961663866195223482e-01
-2.158423943674574741e-01
-1.911392728893630544e-01
-1.681036226013133961e-01
-7.654474755486612159e-02
2.807509802308827407e-01
6.076334967867069725e-02
-2.410866114030839336e-01
-1.284591853158595365e-01
1.765533812688621085e-01
3.681200773451032138e-01
6.052866128732827811e-01
7.788502656648661482e-01
5.121407654748546534e-01
5.124669600258059399e-01
3.016049711275710088e-01
2.546302402463491710e-01
5.075882581862630749e-01
4.829693081338163330e-01
2.010851327470141170e-01
-3.429263421334695638e-01
-3.905450504989113059e-01
-3.389860142665133136e-01
-3.394756519869669420e-01
-4.158459401630050234e-01
-3.743354809426091556e-01
-2.284309401596897882e-01
-3.595760015760883777e-01
-2.934263363223273968e-01
-2.989075698731474828e-01
-3.181879783571611719e-01
-4.222446013199942505e-01
-3.850587534344921403e-01
-2.240018646321986495e-01
-2.349318479238434454e-01
-1.313643895789430305e-01
-3.491499850061540178e-01
-2.850732842102124409e-01
-8.142725050981008961e-02
-1.136992377974796464e-01
1.753419786471971387e-02
1.094787221266855237e-01
-9.311082016321509114e-02
-4.108395240147508787e-01
-2.128956646177833922e-01
-3.153868242741497685e-02
5.464086607509233140e-02
-1.430657338528603661e-01
-1.734391636556934513e-01
1.115035950818441535e-01
-2.360099306962415711e-01
-1.184355121557875146e-01
1.625847712291008662e-01
-7.036955331570360350e-02
6.862681950769244921e-02
4.158188622347911423e-01
1.608414834722637909e-01
2.957803793049311736e-01
3.213756716668026980e-01
3.187069860958188228e-01
5.942927575552479080e-01
-1.220561037859091424e-02
-3.411367615811812248e-01
-2.070239819123759206e-01
-9.904166622814319920e-02
1.763140592933956086e-01
-4.256708076594117873e-03
-2.571355162636560499e-01
-2.107748777210488311e-01
2.831983637943887855e-01
-6.639606313916307512e-02
3.317509539269849483e-01
3.121439244340545871e-01
-1.452109125619028274e-01
2.672769801388660271e-01
1.675157693348374721e-01
4.932514453976852842e-01
7.295672997701239115e-01
8.064206159523321649e-01
3.848878653839725716e-01
4.295318222382030759e-01
5.083814799182037047e-01
2.043782623229660755e-01
-9.261067909675890775e-02
-3.883547466307060159e-01
-3.222642040084628956e-01
3.180713297337595113e-02
1.904849751503968625e-01
-3.927085587660290589e-01
-2.817481470716643455e-01
-2.536436251970378697e-01
-1.538926242815797929e-01
4.706210371718899665e-02
1.030599237316611738e-01
-3.975325147256227876e-01
-4.168345798362818044e-01
-2.149312327821699398e-01
-3.844089033742253969e-01
-2.559341347016186319e-01
-3.660980575146183247e-01
-4.323404559804947533e-01
-2.956472794898923340e-01
-2.411191569677285373e-01
-3.463634612248542299e-01
-1.936945750169435931e-01
-4.551221772814634248e-02
-1.095619733572777421e-01
-2.577682524775585238e-01
-1.133486346576628168e-01
-6.926767038718956160e-02
-3.946921871808869997e-01
-2.762478250639930355e-01
-2.210170683703807093e-01
-2.471911030640241425e-01
2.281242395390842281e-02
-2.760372391798108227e-01
-4.155534574123235236e-01
-2.965063157318335030e-01
-1.540651343355891045e-01
-2.549655675971072011e-01
-1.373906590858096632e-01
3.403271361840948250e-02
-3.555003017244015018e-01
-3.508950014541060702e-01
-9.237793973185737251e-02
2.070830612232844592e-01
1.090999375348746803e-01
1.626875393918031376e-02
-1.500542244715925566e-01
-3.266592648417250278e-01
-2.952010528277917434e-01
-9.927885473394887361e-02
-2.808640061394757081e-02
5.459212391594325808e-02
1.882030691155136548e-01
-2.066649582608898195e-01
-1.283741031503941032e-01
1.373273665506292707e-01
7.068419051612440107e-02
2.030630980595005131e-01
7.442577441513043013e-02
2.684327215932974520e-02
-2.249415294243357899e-01
-4.143969954631805397e-01
-3.970184310638557035e-01
-2.434304416700473483e-01
5.792420744481185935e-02
-8.251888719046640563e-02
-3.045914008081525015e-01
-3.017053791863165690e-01
-1.966390850557743208e-01
-2.496811042140140713e-01
4.457841276285234855e-02
1.804393357301409262e-01
-1.739900100726643473e-01
1.917026554156703311e-02
-3.381694768714645360e-01
-1.363192838568653698e-01
-1.863022471911316424e-01
-3.190804443135084045e-01
-2.351501488141283236e-02
-1.891829027827458543e-01
2.074498077285678033e-01
2.434234705901223705e-01
4.086438812230920314e-01
-2.073657204855444691e-02
-8.451542864134353739e-02
-3.464436713927492306e-01
-1.736232383292310999e-01
-3.909733194268516510e-02
4.903607486216188249e-02
1.009279529927544772e-01
-4.529998254382250344e-02
1.803337470938672915e-01
-4.425259651071959954e-01
-3.919709119505697670e-01
-4.184654335174239348e-01
-4.068463399495754196e-01
-3.753264493643512223e-01
-3.080239285530680937e-01
-3.297090991734821230e-01
-4.237649049523389277e-01
-3.097357947665337341e-01
-3.117608246215738399e-01
-3.139277127977709303e-01
-3.803715787078275623e-01
-3.333474680484973529e-01
-3.681944902403218034e-01
-3.625686969799512549e-01
-4.025888518542200534e-01
-2.326211874746435815e-01
-8.714243236093849321e-02
2.819646023004870328e-01
1.215872641036384039e-01
-2.371492818368082511e-01
-6.360666000049497448e-02
2.687321879803300506e-02
3.948422731306300282e-03
2.149625895881857041e-03
-7.078609737866531360e-02
3.572158728699470487e-02
-1.108059586260403684e-01
-8.382785172356932435e-02
6.030759566679733119e-02
-1.894018201340401664e-01
-3.952687541567712071e-01
-4.264325018982798587e-01
-3.893923557261191881e-01
-4.113465167347504226e-01
-3.598149733457410293e-01
-3.422135177289764574e-01
-2.798438964365567161e-01
-3.648166386151798224e-01
-3.314692384204997455e-01
-2.149167215567733547e-01
-2.257524547758382738e-01
-3.595899199791101619e-01
-3.319996484149986271e-01
-3.050005368736076194e-01
-9.536583691338157420e-02
-1.651100992586729821e-01
-2.497674403832206291e-02
-1.513583664598281975e-01
-2.146871904263503161e-02
-3.424265402176529527e-02
-2.966563320922663283e-01
-1.432712555312695146e-01
-1.275420677189227359e-01
-1.669113677991806988e-02
-1.477760495942240238e-01
6.836805286762959177e-02
-1.659431151148788586e-01
2.137654761339374820e-02
1.135808496666343981e-01
-1.272803145982927542e-01
1.077369022821594857e-02
7.046619276657350994e-02
6.462392747921219538e-02
-2.485159999294040412e-01
-1.932368423149690151e-01
-7.371884163437392168e-02
7.617064323632138922e-02
2.050932445540717408e-01
2.756443054829911254e-01
-3.881891501153605928e-02
2.051255684336189544e-01
-3.885042578999448049e-02
3.801653825887277849e-01
2.702554256945205458e-01
-7.024072877474096810e-02
2.260014669990398906e-01
-2.100993366946141139e-02
-2.344067328816101525e-01
-1.913000314265684287e-01
-3.870944272470054903e-01
-1.601564348132380466e-01
-2.473978564214107667e-01
-1.518575127793443391e-01
-1.313001142228340523e-01
-2.012462997664904996e-01
-3.142756020260940586e-01
-2.634351758275123578e-01
-3.288860112739114827e-01
-1.125025077883327618e-01
-2.608724525982772935e-01
-1.135431801830688592e-01
7.597876670584502445e-02
8.653502167744542284e-02
8.060273008337892620e-02
1.332467373003176636e-01
1.055058511458049075e-01
5.336018839749012699e-02
7.869063826927058525e-02
3.002886713814261199e-01
2.976805536630864335e-01
3.838175357410377186e-01
4.689470413587151221e-01
2.182636990501640728e-01
-1.193337943637732823e-01
1.815020856611571087e-01
2.387357030801797730e-01
-7.461009418844466445e-02
-9.026885994727257279e-02
-1.451696308037450089e-01
4.173884171298491985e-02
-2.335948410340833448e-01
-1.455394328412303873e-01
-6.355711519259549247e-02
-2.957015311511473898e-02
-3.150810166818819869e-01
-1.371621738602177842e-01
-1.054272806691669007e-01
1.092611887381487179e-01
9.061616644320213965e-02
1.862599211924521603e-01
1.356842981886930977e-01
2.387361589160961195e-01
1.376743918995408933e-01
7.465498154323291224e-02
-9.164584175984491488e-02
-5.260262743832405663e-02
-3.173331234370176390e-01
-1.273533815154049842e-01
1.909232665797394590e-01
-5.115654317413514951e-02
-2.312226646273171926e-01
2.858693792502293718e-01
7.013467160857000948e-02
2.620007968537743093e-01
2.056355848860235147e-01
2.438612542256426430e-01
-3.689522337089629067e-02
7.294824085756812515e-02
-1.774804996487023834e-01
-4.104544880033078047e-01
-3.713111878353793638e-01
-2.401511554865682907e-01
-5.935871078582055649e-02
-1.003724713589552731e-01
1.935605506379411977e-02
-6.046114770559868346e-02
-1.548843070527149424e-01
-2.162615937667388966e-01
-1.069127585593100949e-01
-1.477998675038710852e-02
-1.312584284444501259e-02
-2.644553657876591579e-01
-3.231308525163319456e-01
-5.783244982145163693e-02
-1.223831161318738592e-01
-1.653681620728530977e-02
7.438132001700548113e-02
7.358031709678414245e-03
3.427297523691563708e-02
7.655611818275098734e-02
-4.097413831531684369e-01
-4.019894126011772095e-01
-3.904134299773318606e-01
-1.753297996995951125e-01
-2.024581936461252729e-01
-2.822632641881170912e-01
-3.138408538604614550e-02
6.030889425990837438e-02
1.980508934342661842e-02
-8.345931954687019205e-02
-1.221379081533816580e-01
-1.745357443352189564e-01
6.631894826657847020e-02
-4.219143572859895830e-02
-2.268803385159745833e-01
-7.383690016678701173e-02
-2.277914306569887304e-01
-2.898667459077178821e-01
7.567471518003809905e-02
-2.718312276888383838e-01
-2.525208390542882375e-01
-1.506454593278984677e-01
-4.045826557316358763e-01
-3.152642824839573255e-01
-2.352922324019712241e-01
-1.228753499898933566e-01
-1.583048896891028900e-01
-4.237723308337737471e-02
-4.985135251972078185e-02
7.426499695451327376e-02
-2.411891048151590666e-01
-2.097545722935132972e-01
-6.796767768491907002e-02
-6.635814585806720789e-02
2.860996839693260574e-01
-1.701888369601460282e-01
-2.330626281808401978e-01
-2.163859260542438934e-02
1.964135405687084113e-02
1.763476815811417797e-01
1.353818732676580483e-01
3.436936535538459569e-02
2.154713251863528134e-01
2.569581793260269365e-01
4.353640903200939327e-01
1.912840547770754407e-01
6.500262120809008337e-02
2.980618867071640476e-01
2.679061647306084648e-01
2.705538832845173491e-01
-9.285220469437938107e-02
2.359519028452334855e-01
8.075106083751504293e-02
1.605588582378023599e-01
1.357028620533839991e-01
7.085146920794016534e-02
-8.036178919984166003e-02
1.075410225196044012e-01
1.910428624479786341e-01
4.165486474233537351e-03
2.361677017612084928e-01
-1.154850232111879205e-01
-3.241204265541858254e-02
3.444345845602692080e-02
-1.367457455839089508e-01
1.310964387598397840e-01
2.009053714046602490e-01
9.096918191395630959e-02
1.646596441683839673e-01
-1.119004529428544448e-01
-1.157146271803060067e-01
-8.371799382980882331e-03
-1.619691301476344769e-01
-3.678108286904744340e-01
-2.359564298788962844e-01
-2.228635284355079405e-02
-8.435274586078478354e-02
-3.970975461985447597e-01
-1.440031580456083704e-01
5.226118716008054665e-02
-1.237252740369672033e-01
1.405339485211193340e-02
6.047612753829012533e-02
-3.755966382031467043e-02
1.219163629727062492e-01
-2.846694514294161316e-01
-2.861381177701020073e-01
-4.559300218888295841e-02
-3.297784834334549497e-02
1.088811425902534991e-01
7.445664326259482380e-02
-1.921607083922262649e-01
-1.338659807043507399e-03
5.673985877261378263e-02
-3.032825416565517740e-01
-4.027032941694417278e-01
-3.501522301526766023e-01
-1.554585277400860610e-02
-1.083535230409631289e-01
-1.055531886992145396e-01
4.536542836577295290e-02
1.135499237679826745e-01
-1.221184058933903471e-01
-3.651649980493562042e-01
-2.504766840972575959e-01
-1.584943981414127512e-01
-3.724757039596643948e-01
-1.203545933234052012e-01
-1.005981093350677424e-02
-1.560243996215801565e-01
-3.230776275549518406e-03
-9.067091089092682576e-02
-6.177372099113215276e-02
1.578644071411183791e-01
-3.712600975634045009e-02
7.467448943249055393e-02
-1.392360096197368113e-01
5.319536003858382767e-02
-9.577263917917744340e-02
4.053240914652811444e-03
-1.144703898461505998e-01
-7.058112054667958768e-02
-4.036089187158192759e-02
-2.532285137295303690e-01
-3.404989236061926605e-01
-4.231171230724710686e-01
-3.205973676243792925e-01
-3.864719133961327935e-01
-8.183645678737988538e-02
-2.656511790948759555e-01
-2.100164654679363141e-01
-1.716816146679353006e-01
-1.821996813913740465e-01
-2.586908336982123302e-01
-5.621496780328189002e-02
-1.506517570408588691e-02
-5.740265904194558066e-02
-3.251230266791333978e-01
-1.790016023887645025e-01
-7.235672826603356533e-02
-2.116724899611036603e-01
-4.119590199026558208e-01
-2.351120109782930123e-01
-1.340081872547799202e-01
-2.719261756948336828e-01
-1.914527705042184946e-01
-3.883981860318470036e-01
-3.679637328639491223e-01
-3.117911079798315610e-01
-2.553267485115340296e-02
-7.541017528664140102e-02
1.782804670876886322e-02
2.177748307231860414e-01
3.007764751373198653e-01
3.353650823143787818e-01
1.959924377037768339e-01
2.411114300126634413e-01
5.288824898279552711e-01
-2.083178259723191539e-01
-1.066887891806213018e-01
9.459694790582573454e-02
5.923821477591812990e-01
3.996228805213329904e-01
3.559447418986975142e-01
2.411531146299278339e-01
5.286426038883834666e-01
8.239758887195238746e-01
3.505050700495367932e-01
3.933150155116815760e-01
-4.298040118285134659e-02
-1.979227654372128775e-01
-5.604342459280153843e-02
-1.670414271523884553e-01
2.225614205276810198e-01
3.404945475101751606e-01
2.594551468254006066e-01
4.966385299600561964e-02
3.867334100874598724e-01
3.355339001023066592e-01
2.704880831014481180e-01
-2.421002928271642762e-02
5.127430099562402255e-02
1.957158885988362629e-01
-1.634588621742247838e-01
1.029683979835902541e-01
2.884574316257160209e-02
1.072859692145399224e-01
2.730382471276412426e-01
3.324620566768430319e-01
-3.357138131259231884e-01
-3.472419254387988374e-01
-1.772667335918068909e-01
-3.492506483858213162e-01
-2.916515756483798461e-01
2.238215438422919146e-02
-1.705199308803839742e-01
-8.258654897688455510e-03
1.904595885534557942e-01
2.153264328818822460e-01
2.594639464368360127e-01
5.506166025973895373e-01
3.995203014449463241e-01
1.022382288439391829e+00
1.884541807802606606e-01
-3.473408253483857844e-01
-2.383807746256188798e-01
9.999573328817190632e-02
1.046327612120642181e-01
1.551477348459564531e-01
9.675829112486733496e-02
2.726875265397521453e-01
2.570446628501821262e-01
3.207062188044488282e-01
-1.039086228408331314e-01
-2.879444155888327694e-01
-6.677548958814893965e-02
2.912045661340992853e-01
1.243024768075406961e-01
3.989725867394743331e-01
3.348467344176235816e-01
3.349858297382378725e-01
2.721936705267558043e-02
2.624385147181349520e-01
1.841886119169504621e-01
1.884689081232134855e-01
4.285773861387158767e-01
1.010397855068008166e-01
-1.950971864008815837e-02
1.600341649663927779e-02
9.464330994342016190e-01
1.021706884030203488e+00
1.112004572119594581e+00
9.546050518935871310e-01
2.532389032716346744e-01
4.603864200728483569e-01
2.257130346133495724e-02
4.458897033533942844e-01
2.710937315524557523e-01
6.414012323120446002e-01
4.765060995498943130e-01
7.080949021526972142e-01
7.792431362694134389e-01
-2.280125301442094410e-01
4.059812990377592579e-01
1.037777375382935574e-01
5.942860419693185570e-02
-6.477266855563545978e-02
3.403326384226512680e-02
1.176638995053401748e-01
1.094833829545299730e-02
-1.522462368300916968e-01
-1.284857773908951173e-01
1.437815292300770320e-01
-4.206294958102509418e-01
-3.445041755908387904e-01
-1.989359231713840326e-01
-1.676718723197314631e-01
-1.163333472896809773e-01
1.667251088031309614e-01
1.050434010022156528e-01
1.392563741670478361e-01
-3.973235514520110367e-01
-1.428082264534191737e-01
-2.513525742662630069e-01
-2.505677081235437864e-01
-5.503776898928830486e-02
1.615170003091963569e-01
2.671114198375393878e-01
-1.460442598792000002e-02
-1.248511432580407532e-01
-3.439837328424832918e-01
-2.226796331783487126e-01
-6.663924076791183371e-02
-1.360147850177903517e-01
-4.541746789783551730e-02
6.628263061528039124e-02
1.532695130890291413e-01
1.419680408432067997e-01
-1.442904432430762718e-01
-8.643838571988743391e-02
-3.190229751920037327e-01
-1.199760014539508202e-02
5.067434832533157518e-02
-2.395940791223271082e-01
-3.075726881373515575e-01
-5.188234211181008693e-02
-1.856517908997584732e-02
-3.610628979706359543e-02
-3.339084244131108048e-01
-3.475682023520654806e-01
3.897533857420654169e-02
7.207806361207169665e-02
-3.286949844695550293e-01
-2.551803080829458947e-01
-3.009713164215782610e-02
-3.285860754241631820e-02
2.251526327087761681e-01
4.544237997252642547e-02
-3.171881789280850406e-01
-1.017260054331777797e-01
-1.638415212764429696e-01
-2.010972209440990421e-01
-3.553362361385099533e-01
-1.340165548261717521e-01
-1.363285322854101422e-01
8.370104022925584086e-02
8.211720441549719141e-02
1.779337477328647443e-01
5.058554548735426648e-01
7.441297313386119328e-02
4.378379057632603155e-01
3.260129830135370943e-01
2.033872406356050933e-01
3.656002085061060836e-01
1.033554491067078640e+00
-1.738139695314508959e-01
2.151462709108082905e-01
-3.229921278188014888e-01
2.458452501051849870e-02
-1.905703821507797602e-01
1.947623052284512823e-01
-5.281955232423751756e-02
-2.774649419570643927e-01
-7.115559329984560977e-02
-1.347289266406497821e-01
-1.593100577423787190e-01
3.395917697926392753e-02
-1.757504603935183263e-01
3.986311404905087397e-01
4.028659488729255944e-01
-2.264702186108935034e-01
-2.847654239337759075e-01
-3.867790477352033851e-01
-3.533972860126203264e-01
-2.627964198786438832e-01
-3.318634017230703837e-01
-1.060543355178198421e-01
-5.632217925173083062e-02
6.796341377900338987e-02
5.295060533467266239e-02
-1.486321233962095700e-01
-2.252184244546636960e-01
-2.480631561639329297e-02
-2.309038101146343447e-02
-2.206899390309850773e-01
7.620139774462852955e-02
-1.787958535204957622e-01
1.218936618250223702e-01
-9.184343356858404306e-02
7.651175585172653726e-02
-1.971790157375774011e-01
-2.794869611496938466e-01
-1.385528398479988210e-01
-4.375642054275896697e-02
-1.150874865726203566e-02
3.427440610721105285e-02
5.067448559679430531e-01
3.060292616254653986e-01
3.806886250388226145e-01
2.058890125473118449e-01
3.777825823969426233e-01
1.401857155503061225e-01
1.158885547093995161e-01
1.074196424868185673e-01
5.734938604182282518e-02
2.677464398528203171e-01
-6.588225351092047433e-02
6.028071103142962350e-04
-3.661848585773909148e-01
-1.004229717067599004e-01
-3.277990988931487881e-01
-1.651862900351042107e-01
-5.608968452386858816e-02
4.901180046862940731e-02
-4.371106064865010188e-02
1.878200039782709219e-01
4.320955910988999449e-02
1.028031021052637772e-01
1.222865612898068610e-01
3.231533290799242231e-01
2.887299489939954000e-02
-4.211202208309239303e-02
1.904391141359998985e-01
3.923317029386407251e-01
3.201468953959281105e-01
3.990006538532171465e-01
-7.774306973621863959e-02
4.381677708326477960e-01
1.378733280893006397e-01
5.437775191480136439e-01
5.329619195922234987e-01
6.126687464580959919e-01
2.818287410521762570e-01
-2.045201173018735830e-01
-2.652947728640792646e-01
-1.832772450322930347e-01
-1.942485236095623513e-01
-9.370800527575612326e-02
-6.807704540906178714e-03
1.027943883847182160e-01
4.548789562757954430e-01
4.623814191718872424e-01
6.053858602904316211e-01
1.869280239231079221e-01
3.874570628858092780e-02
1.817342838599287358e-01
2.009695211835008655e-01
2.896636183801936104e-01
7.619502994442806099e-03
3.992539875934759674e-01
1.076848949936808353e-01
7.699480058545549177e-02
1.653558313489618126e-01
-2.247240136023350987e-01
-4.206963018301324020e-02
1.809527321464937666e-02
-2.553077455172605426e-01
5.380871479541915470e-03
-1.081881672626665569e-01
-7.067570447243975984e-02
-2.607057483757229677e-01
-2.308908265324605136e-02
6.457053460461281702e-02
1.814680302613090879e-01
1.403654044861235572e-01
3.101429050172183066e-02
-1.256366027300092614e-01
2.366609671283398386e-02
9.251396201408912390e-03
-2.438589188404964581e-01
-3.212063269513406594e-01
-2.926763434072354730e-01
-2.862422366149616759e-01
-2.366260778371547802e-01
-8.553250376483401141e-02
-7.688476633577467911e-02
8.405550664903826963e-02
2.226600131789528980e-01
3.648790826080771099e-01
4.892530290728067666e-01
3.774901926074741842e-01
1.291080535342502555e-01
1.377509143858454133e-01
3.642000305673903648e-02
5.141322959568528361e-02
2.226991511470843843e-01
1.670948404884469163e-01
-1.038340096835760895e-01
2.541452231161330788e-01
2.180078560462980208e-01
4.152420996234772455e-01
5.286865252755394984e-01
2.034722935211588091e-01
1.828440502754119512e-02
1.983714891113245171e-01
8.091379063550330208e-02
2.733133705791037649e-01
1.654841026027717987e-01
-5.076390391932589230e-02
-2.736222415522582274e-02
-2.559128076360550619e-03
-2.907777673845429733e-02
-2.514912724875114636e-01
-2.252509434783773468e-01
-1.069117973148658307e-01
-1.616193679639584824e-01
-1.274143104753087674e-01
9.254793865158328359e-02
2.673767505417101731e-02
2.917121228443887437e-01
4.384669644272998212e-02
-1.509239415281697916e-01
-4.965322593184179345e-02
-2.507899252905113618e-01
-2.855412036494936467e-01
-2.107631078168546723e-01
-7.811704708026512289e-02
-5.295916614477103046e-02
1.619948601623893980e-02
-4.358381753257878355e-02
-5.712215756933641808e-02
1.579932139055987284e-01
2.519543185841280897e-01
6.906572088016682542e-02
-2.100656779781329142e-02
8.088181635773250555e-02
-2.616591935827922155e-02
4.737419344661497611e-02
-2.393636280669112493e-01
-1.272601417392628109e-01
-6.386543160819935228e-03
2.717646810567719839e-02
-7.037335715483661325e-02
-2.276042808828260544e-01
1.577323657423596037e-01
-9.207938335657694928e-03
3.535688440969103619e-01
2.681362693708602141e-01
3.908321353593962044e-01
3.690891982400437143e-01
2.239582372256175846e-01
1.680523338159776170e-01
2.341457205406575204e-01
2.365245106461009161e-01
1.913376437526517204e-01
-4.571586609797199663e-01
-4.571586616957379889e-01
-4.571586245862980236e-01
-4.571586572047743879e-01
-4.571586411385600290e-01
-4.571586547459035033e-01
-4.571584865230446937e-01
-4.571586386016708303e-01
-4.571586038544344088e-01
-4.571581923915460921e-01
-4.571585398838373671e-01
-4.571570993760473711e-01
-4.571513867730034875e-01
-4.571558467756343669e-01
-4.571569839146682468e-01
-4.571586081746250030e-01
-4.571586517892965440e-01
-4.571585259421065972e-01
-4.571584958380611741e-01
-4.571584532144679081e-01
-4.571581048846130035e-01
-4.571573010113695879e-01
-4.571586404045668850e-01
-4.571586470363522281e-01
-4.571560951925600635e-01
-4.571586107552013112e-01
-4.571566617443977854e-01
-4.571563382968829026e-01
-4.571585826098038541e-01
-4.571484245286942527e-01
-4.571576751725140442e-01
-4.571586524326738399e-01
-4.571586599256302064e-01
-4.571586531846177359e-01
-4.571586161104363999e-01
-4.571586463300391645e-01
-4.571578682275263539e-01
-4.571568324686385298e-01
-4.571583207473402521e-01
-4.571581056370103147e-01
-4.571567315495648764e-01
-4.571584314918097358e-01
-4.571586339004501398e-01
-4.571586387437370780e-01
-4.571586406999817997e-01
-4.571586398077590041e-01
-4.571586450826357062e-01
-4.571586377811324708e-01
-4.571585730212243126e-01
-4.571584013011461556e-01
-4.571582895544514802e-01
-4.571585166563091884e-01
-4.571586080879357361e-01
-4.571585326706064656e-01
-4.571350063523285101e-01
-4.570925213638468709e-01
-4.571563033303300272e-01
-4.571585907401844451e-01
-4.571576312000309450e-01
-4.571582727475419494e-01
-4.571586277453573710e-01
-4.571586368967281433e-01
-4.571586501879047471e-01
-4.571586482179337274e-01
-4.571586282236122512e-01
-4.571575546927421074e-01
-4.571485953441948302e-01
-4.571585173624356235e-01
-4.571585750813807469e-01
-4.571537676081756096e-01
-4.571500095856119716e-01
-4.571391200362455720e-01
-4.571021479909967988e-01
-4.570903981026122609e-01
-4.571514804235962681e-01
-4.571508421423645108e-01
-4.571494270741590094e-01
-4.571543893585106044e-01
-4.571575680648289897e-01
-4.571585370708511897e-01
-4.571586329036208540e-01
-4.571581603348019995e-01
-4.571573414204293528e-01
-4.571493944663457265e-01
-4.571573494139512528e-01
-4.571559025238871588e-01
-4.571584983390657997e-01
-4.571585641509678388e-01
-4.571577637160610386e-01
-4.571586065567215806e-01
-4.571556540526229284e-01
-4.571585550407983312e-01
-4.571586356877668789e-01
-4.571568246196984209e-01
-4.571553518711152786e-01
-4.571567906089055722e-01
-4.571580101677114039e-01
-4.571563065256325498e-01
-4.571299237882210931e-01
-4.571516108456837313e-01
-4.571566551377214127e-01
-4.571584788025306878e-01
-4.571584211912647078e-01
-4.571586415008220272e-01
-4.571586006228690047e-01
-4.571585646424518035e-01
-4.571553320022072042e-01
-4.571586080377884054e-01
-4.571586364563257066e-01
-4.571586528942465089e-01
-4.571586512668284752e-01
-4.571585031963486534e-01
-4.571550389959275762e-01
-4.571411407702675733e-01
-4.571586597025377730e-01
-4.571586390989835769e-01
-4.571586620431957182e-01
-4.571586620445684535e-01
-4.571586620446849714e-01
-4.571586620286255398e-01
-4.571586620415083457e-01
-4.571586619757741499e-01
-4.571586620058913364e-01
-4.571586580548170908e-01
-4.571586614557876516e-01
-4.571586620425748260e-01
-4.571586620443757187e-01
-4.571586620255642108e-01
-4.571586620366535070e-01
-4.571586620404126111e-01
-4.571586616789301005e-01
-4.571586620138368140e-01
-4.571586619590737866e-01
-4.571586614201721410e-01
-4.571586571607923477e-01
-4.571586492775486787e-01
-4.571583596939922667e-01
-4.571586495375358772e-01
-4.571584376010791595e-01
-4.571583288729819672e-01
-4.571586190956931639e-01
-4.571586616775787371e-01
-4.571586618408586267e-01
-4.571586619973966314e-01
-4.571586615215730842e-01
-4.571586619536739948e-01
-4.571586620402832146e-01
-4.571586619407015939e-01
-4.571586608335485025e-01
-4.571586577246909977e-01
-4.571586440070782298e-01
-4.571586420212162549e-01
-4.571586610729877487e-01
-4.571586564149702769e-01
-4.571586196797355339e-01
-4.571586407634912197e-01
-4.571585556669187089e-01
-4.571577831816110438e-01
-4.571584458367285997e-01
-4.571586134640123755e-01
-4.571586548430947583e-01
-4.571586185412482850e-01
-4.571582767851330442e-01
-4.571582535992449459e-01
-4.571586603662049497e-01
-4.571586613201895077e-01
-4.571586612319678000e-01
-4.571586536387334809e-01
-4.571585697663999026e-01
-4.571586615370576978e-01
-4.571586599716044308e-01
-4.571586615258144692e-01
-4.571586594316779939e-01
-4.571586609817619440e-01
-4.571586617181729317e-01
-4.571586619287871245e-01
-4.571586605514848523e-01
-4.571586619625309655e-01
-4.571586619396743600e-01
-4.571586619448517186e-01
-4.571586620266869794e-01
-4.571586620251543165e-01
-4.571586619696197951e-01
-4.571586616143905601e-01
-4.571586607895381515e-01
-4.571586053140521133e-01
-4.571586487154013501e-01
-4.571584794570351384e-01
-4.571585798504789744e-01
-4.571585152957536313e-01
-4.571586064748527356e-01
-4.571586173651989160e-01
-4.571586582037808766e-01
-4.571586314215414504e-01
-4.571585177116935794e-01
-4.571584567574557556e-01
-4.571565040397169710e-01
-4.571582703146346294e-01
-4.571586214056821973e-01
-4.571583620829835493e-01
-4.571584034074833158e-01
-4.571577759466084467e-01
-4.571583969152951399e-01
-4.571585544871172302e-01
-4.571585726478545886e-01
-4.571585082860298854e-01
-4.571585313766421410e-01
-4.571583951909282129e-01
-4.571585124362998465e-01
-4.571582239331830055e-01
-4.571583295765780930e-01
-4.571582227916652363e-01
-4.571579114031024682e-01
-4.571508684061325045e-01
-4.571207059536587236e-01
-4.570020027445136357e-01
-4.571358991833942564e-01
-4.571377415141770206e-01
-4.571520313119443180e-01
-4.571568787740138418e-01
-4.571580509884375365e-01
-4.571582594160960022e-01
-4.571584704710505154e-01
-4.571582803045901588e-01
-4.571585773340204328e-01
-4.571584848108189991e-01
-4.571581424002579830e-01
-4.571583288878054430e-01
-4.571574080802440765e-01
-4.571576064800498274e-01
-4.571583394129517530e-01
-4.571582400005183011e-01
-4.571576350386183374e-01
-4.571567239729638632e-01
-4.571583564683788792e-01
-4.571520579986313448e-01
-4.571554056514499642e-01
-4.571578128665036989e-01
-4.571580142293223958e-01
-4.571549749840939647e-01
-4.571563418203459239e-01
-4.571563925059398126e-01
-4.571566060865379089e-01
-4.571570696678934898e-01
-4.571573087806775071e-01
-4.571570765309157514e-01
-4.571576341678557642e-01
-4.571573847815616487e-01
-4.571506848202024353e-01
-4.571537268999209536e-01
-4.570447270645476845e-01
-4.571263883671214390e-01
-4.571555281474823929e-01
-4.571580950079681127e-01
-4.571578701968743164e-01
-4.571581792093716290e-01
-4.571579851885543277e-01
-4.571530060172893650e-01
-4.571556610767628093e-01
-4.571581616755661104e-01
-4.571574106882602129e-01
-4.571538503566048295e-01
-4.571528102736335253e-01
-4.571137952243353730e-01
-4.567597981794483952e-01
-4.561335613786749454e-01
-4.571413269776237187e-01
-4.571572448926354282e-01
-4.571572811041306750e-01
-4.571473904953596290e-01
-4.565832286354455372e-01
-4.571586620445768356e-01
-4.571586620447273264e-01
-4.571586620447262717e-01
-4.571586620447253835e-01
-4.571586620447236071e-01
-4.571586620447203875e-01
-4.571586620447170568e-01
-4.571586620447095628e-01
-4.571586620446966287e-01
-4.571586620446904115e-01
-4.571586620446690397e-01
-4.571586620446678739e-01
-4.571586620446425608e-01
-4.571586620343182084e-01
-4.571586161933618997e-01
-4.571496195696747589e-01
-4.570636894546843410e-01
-4.567759477055270967e-01
-4.558576405218535132e-01
-4.546015478874141369e-01
-4.508175985110773332e-01
-4.469574778682966487e-01
-4.464138174033364659e-01
-4.411750678419131266e-01
-4.400933335854148032e-01
-4.439814342356946386e-01
-4.466381536795752671e-01
-4.568060235645257094e-01
-4.570662904111403302e-01
-4.562179375370441492e-01
-4.522155193772426363e-01
-4.453401714202419592e-01
-4.322003134509114775e-01
-4.115587623162126341e-01
-4.152697093919828220e-01
-3.882062880670339444e-01
-3.870715208035523935e-01
-3.307371827195452196e-01
-3.141364992459069749e-01
-3.271373717154251182e-01
-3.510795797506802707e-01
-3.755869008875609705e-01
-3.974595878305400842e-01
-4.093475168921633101e-01
-4.336702292026441419e-01
-4.315433944802031241e-01
-4.206506585660618747e-01
-4.154303923241425833e-01
-4.271531616803764253e-01
-4.160681618217944577e-01
-3.927674743863874829e-01
-3.801611744598510922e-01
-3.384285506585069103e-01
-3.304686075327801786e-01
-3.293384830758449011e-01
-3.046660933965414375e-01
-3.029973722864659491e-01
-3.396770892528090391e-01
-2.565183894815137311e-01
-1.984193775529876635e-01
-1.872172399180513369e-01
-1.779173427034907995e-01
-1.692980073970289934e-01
-2.661272145592420424e-01
-1.594247494238472118e-01
-1.043240142760617495e-01
3.771497491958780701e-02
8.853256521892971520e-02
1.200284105516635780e-01
2.552840286649604717e-02
3.653131246135099541e-02
2.572017640444295150e-01
1.163379439116147829e-01
5.220240558473445702e-01
5.739353769523580784e-01
-8.442651001580481207e-02
6.989767069632379926e-01
4.486783823414546291e-01
4.353728100096925235e-01
4.126241959118404079e-01
9.431207666909695586e-01
1.300710305117838361e+00
1.171546187146102369e+00
1.898410667757506110e+00
2.739599969243007749e+00
1.456557364352776052e+00
2.798311647396563906e+00
1.113382342148319992e+00
4.633928524918117242e-01
3.753611708279430692e-01
4.459875452452126687e-01
7.122026954473648086e-01
3.388549751349931860e-01
8.879755270376288312e-01
8.396523661320494103e-01
1.724785687282466062e+00
1.101934707362807853e+00
8.895029746295961548e-01
1.923355001424104094e-01
-2.897394833772136691e-01
-4.571190242469052589e-01
-4.568197929351200393e-01
-4.564837243035130276e-01
-4.511743443870032677e-01
-4.108435266677930020e-01
-3.504899676390502150e-01
-3.378511681864758698e-01
-2.709807085204128940e-01
-2.344947554421062119e-01
-1.958043061162618170e-01
-1.007054013562715400e-01
-2.072524071060499740e-01
-1.673811124521331628e-01
-2.289067981484945447e-01
-1.516796197688601300e-01
-1.123770275876915803e-01
-1.791704429914185992e-01
-2.236407155814938985e-01
-1.728796606500042632e-01
-1.353020836436991114e-02
3.455696156697163346e-03
-7.672321082135419301e-02
2.110629263212815410e-04
1.417613518522559124e-02
2.126848590217719215e-01
3.114716515475520753e-01
4.859048965452447133e-01
5.509881249442754036e-01
3.441140447532696767e-01
4.619802606022095359e-01
7.556339193550278832e-01
6.530914355131871574e-01
5.112552420669149722e-01
3.873302142018275607e-01
4.590621798983612889e-01
5.479008140980730079e-01
5.295880344661085815e-01
4.592602812666669587e-01
7.211751567476698543e-01
4.227633918532707202e-01
6.618518558597570323e-01
7.387427377160151742e-01
8.114592162074270032e-01
4.731676759994042358e-01
4.130823036370876444e-01
7.252454760372784026e-01
-1.856905222790723453e-01
-2.507000613350479634e-01
-2.610607126085069396e-01
-1.586472686312043190e-01
-1.804530155913776079e-01
-1.228443927500743049e-01
2.064893633576447840e-02
-3.328602200021013591e-02
2.400372606936175268e-01
1.481502395424724172e-01
3.768042537715987628e-01
7.507698392873629611e-01
8.770568715774751389e-01
9.224200340151162969e-01
1.653627326252037344e-01
2.284555012401503493e-01
-1.065259638898330974e-01
-2.665870481464437391e-01
-4.500255948113253690e-01
-4.433670913317019346e-01
-4.022110357728613805e-01
-4.114426047752114957e-01
-4.562615282209327439e-01
-4.499580224627329206e-01
-4.296117862105556240e-01
-3.954769319605574984e-01
-4.197380863268180828e-01
-4.231005782415679928e-01
-3.342789359913842517e-01
-3.181180568102555117e-01
-2.422265542885008449e-01
-1.712570906679741212e-01
-1.733565695181777944e-01
-2.852552054455078090e-01
-2.904523374871081920e-01
-1.816982577274223742e-01
-3.526871563381611674e-02
3.527895817422310731e-02
1.148331614735260686e-01
1.595337192074167687e-01
1.759816876935693664e-01
2.075336342372393617e-01
2.458755091223702172e-01
7.235053446124684040e-03
2.146148623058824478e-02
-9.069482761359970446e-02
-2.469075442678264620e-02
1.026932760991027260e-01
1.394063961569923515e-01
1.881904663882655315e-01
4.032158471774960340e-03
1.648176911424015234e-01
7.581356612497480718e-03
4.382596483123397668e-01
3.773843527136985232e-01
2.541910737150877564e-01
8.048988468602735757e-02
1.740156054956311094e-01
8.431985830746580035e-02
9.036140862313923883e-02
9.641329614263727255e-02
-3.887208811999729452e-01
-3.382829282936886672e-01
-3.817441734016440713e-01
-4.150007547535244368e-01
-3.625138430520543631e-01
-3.041351755421394243e-01
-2.502426957572433386e-01
-4.103102716277730599e-01
-3.011710130803761376e-01
-3.170603574324355467e-01
-3.951120524406497303e-01
-2.881421028203281498e-01
-2.346825659126811070e-01
-2.711247192874723932e-01
-2.766609396367974427e-01
-3.216809494317269813e-01
-2.879945675145639816e-01
-1.950825918511318591e-01
-2.967453367725734203e-01
-3.461279951668317922e-01
-3.834689026891239805e-01
-3.701919314307492992e-01
-3.757235254408229919e-01
-3.087004509038872024e-01
-4.034349205265033711e-01
-3.450047794711345595e-01
-3.674674137830532539e-01
-3.865777547412625470e-01
-2.030504451758302631e-01
1.469863882844484326e-01
5.745250394503997882e-02
3.047825583733488886e-01
3.111315755949628503e-01
4.642920589050502089e-01
-1.614740441180221864e-01
-3.034265498007300832e-01
-2.322647724374525824e-01
4.294565953888684895e-02
2.832134424781332926e-01
1.304821364167287889e-01
-2.853764021871707524e-01
-1.409545486193499730e-01
5.820617767199331993e-02
8.614705830367963557e-02
6.199615226494188391e-01
4.119929854502666355e-01
6.126557051358518802e-01
5.254716693187558851e-01
4.866838654917752249e-01
5.151405429842000894e-01
4.972419575772901723e-01
4.696512662209715305e-01
4.871827869414052659e-01
2.420213560908498485e-01
-2.541920687734026130e-01
-1.600806439054667241e-01
4.758041965458459366e-02
1.861096473492170889e-01
4.194231800225134421e-02
-2.743882257997052876e-01
-4.410153005673464466e-01
-4.566522574212715790e-01
-4.419630850761793739e-01
-4.385497744248113006e-01
-4.082792686482188960e-01
-3.036024843476259338e-01
-4.198068808301652077e-01
-3.797492311783003949e-01
-3.698242703691826394e-01
-3.544414205831023512e-01
-4.018723722414634381e-01
-2.615318280233863701e-01
-1.666567927597575327e-01
-1.857533408794068697e-01
1.401428520596104121e-03
1.997839048567400244e-01
1.172941671003635555e-01
3.316593998596494286e-01
-1.986545471154232967e-02
-3.135474942863245573e-01
-1.605324470848477070e-01
-3.743820573183643807e-01
-4.105821972498917560e-01
-4.295745168699626748e-01
-2.607004919415249478e-01
-4.039184624634361565e-01
-1.129098628479944799e-01
8.721532361875672379e-02
2.824561775149831977e-01
2.195010283258955752e-01
1.129494474583920827e-01
8.620222071740957226e-02
-1.096210031643838345e-01
6.428455198442462049e-02
2.351624120472860513e-01
1.391844601700787942e-01
-2.602934375253840305e-01
-1.983833849788492198e-01
1.045219503345297118e-01
-1.853885049280514785e-01
-3.865068965447557847e-01
-2.713220703861455307e-01
-3.718978027351476090e-01
-1.609226451525713752e-01
-1.385822039114942283e-02
6.929021374938237887e-01
1.734078540942318725e-01
-9.895234920148987534e-02
-2.739979517355598526e-01
-2.446068008857619491e-01
4.306301359486408575e-02
-2.012394227637115951e-01
-4.033746961052637747e-01
-1.856880110399198314e-01
-1.437402689891823515e-01
-3.484945143591607897e-01
-8.568988637322560997e-02
-5.828801533791794220e-02
-3.234496615274891629e-01
-4.385204427770988400e-01
-4.486391814264367173e-01
-4.541402249714389106e-01
-4.392884941060827830e-01
-4.266753781998176565e-01
-4.324310200837496732e-01
-4.304874302355757298e-01
-4.276968751641828659e-01
-4.282700953191766469e-01
-4.241084987052826660e-01
-3.938803472406348094e-01
-4.172170595757051514e-01
-3.180154840784591430e-01
-3.531687075593252234e-01
-2.530994612059513926e-01
-2.352772377721407959e-01
-2.613055093585016642e-01
-3.155626835555562226e-01
-2.947145054524743513e-01
-3.472738110766872000e-01
-4.208653593233726009e-01
-3.073880160250974103e-01
-3.570451524143060107e-01
-3.783556141446388077e-01
-3.276360377591592266e-01
-3.833715439226749733e-01
-3.703832491705515428e-01
-3.394802648404224854e-01
-1.243104066580288380e-01
2.045927367216366921e-01
1.502347413020688194e-01
-4.061691980268233859e-02
-3.743849251125408450e-02
-2.468599122315728034e-01
-2.906156259218055649e-01
-2.588300913535592773e-01
-3.143435842245693168e-01
-3.099924220737906300e-01
-2.119351723953596389e-01
-1.673953664167170396e-01
-1.727135254676425147e-01
-2.726253386868026096e-01
-2.519998641112500826e-01
-4.569621807891253717e-01
-4.570309310409021997e-01
-4.568710058082729453e-01
-4.565530935106738020e-01
-4.559333414247927485e-01
