2.695864237343530423e-01
2.592038637776402643e-01
-1.012239116215573054e-01
1.354998476613122893e-02
2.596253593113710956e-01
1.357348709347039328e-01
-2.348028319355878191e-01
-8.955955692471040397e-02
-1.502986994601701598e-01
6.461919984372610504e-02
-7.036187374000576478e-01
-6.921450430017298538e-01
-3.113362305009347297e-01
6.130662178799906048e-02
-1.924005284765423207e-01
1.011534834841554265e-01
3.379871549712279988e-01
3.293025452875869563e-01
3.668438629163857101e-01
7.752276078512437829e-01
6.699741934421389322e-01
6.810847043484077323e-01
8.567858135866660563e-01
9.202110247732210313e-01
8.912828618975506823e-01
7.769316618187417367e-01
8.379389318712028301e-01
4.302014319293455680e-01
2.835003866174820031e-01
1.744526411994461457e-01
1.701046620519188757e-01
5.137043250478495748e-01
3.795517442283161680e-01
4.474047296091724357e-01
3.821008326872492589e-01
2.471211806728386140e-01
5.339867824631437943e-01
3.802261481795107256e-01
4.186852207511119195e-01
5.884851265690632660e-01
6.340056089542503992e-01
9.989770571948729527e-01
6.627437069419542803e-01
3.035529392380710290e-01
2.617942328440868716e-01
-1.691651586007114627e-02
4.461128831902726466e-01
4.816573289609028530e-01
4.407279102459550346e-01
3.277490254992000418e-01
1.090604589721293483e-01
6.257139017084167865e-02
-1.070232470206750053e-01
3.199815083640766833e-01
1.037611128345256040e-01
3.176310727447110294e-01
3.737826570147160243e-01
1.827278422226769061e-01
7.670593031914435533e-01
5.675333246576911295e-01
6.603803734131498127e-01
-7.502766785677594807e-02
2.841855100411083690e-02
-3.235115649376529845e-02
2.343693914068757378e-01
-5.949832513835273673e-02
-1.456043604204405595e-01
-4.667489511940196012e-01
-5.885138176350583894e-01
-3.917914381545969382e-01
-1.486488367566224378e-01
-6.362574494342035925e-01
-1.489240121988119059e-01
-7.796919255493550693e-02
4.763689322530159087e-01
-2.538510559727190641e-01
9.562356997909327028e-02
6.515651105059526715e-01
8.636868929058870714e-01
6.327507596897242736e-01
7.809031237819304971e-01
8.782142628546859564e-01
9.110803128091374825e-01
5.533999311387683973e-01
9.538844986859339459e-01
1.070101857290354452e+00
1.235423183521793700e+00
1.155113141569059643e+00
1.152150846526633465e+00
1.218054993144459974e+00
1.096153678169383916e+00
8.308995645920448370e-01
7.230386886270424585e-01
8.247332369805892016e-01
1.026568418990213560e-01
2.440178327110351653e-01
6.000058189673868059e-01
6.789119677044753720e-01
7.937158271570406987e-01
5.917817873456224786e-01
7.474422123010132646e-01
7.307220576754721586e-01
9.883483332843533420e-01
6.276564982089350986e-01
8.656492468885338409e-01
1.080333165246109228e+00
1.356395521699031104e+00
1.076415476745628652e+00
1.020872542024470420e+00
8.972652842300986586e-01
9.730471761909981199e-01
8.081844364801483716e-01
1.049632590481516026e+00
-1.442039252460032284e-01
-2.859572232893978772e-01
-3.954270353475944910e-01
-3.630460312628205344e-01
-3.326440815174356302e-01
-1.486845690848752621e-01
8.563622803560722030e-02
2.158596604029963117e-01
-2.451344683044485162e-01
-2.901164676696639244e-01
1.738647209095802726e-01
1.409765850124853337e-01
1.834184001572529699e-01
4.639405468129019772e-01
7.125044876274330141e-01
8.619472321704849671e-01
4.873137264236274691e-01
1.036140615616963245e+00
1.330622338368006474e+00
1.340821144543701049e+00
1.199736502192847887e+00
1.261620531014814084e+00
1.273010079410177742e+00
7.124254536663429116e-01
8.234204889792665627e-01
1.171991047896421279e+00
7.395743779257785144e-01
8.336889718464942645e-01
-1.030924361872154416e+00
-1.370799508796209265e+00
2.780517775118638291e-01
5.792570364685741824e-01
-1.244330233817553921e+00
5.283564596877755593e-01
3.083661797427071916e-01
2.863675125383728925e-01
-2.050822957157597770e+00
-2.294836829869999484e+00
-1.281023975887582544e+00
-8.284413569586180914e-01
-1.808612396975207037e+00
-1.551157307136527219e+00
-1.963967928782601291e+00
-1.965005991209633152e+00
-1.815434530854141748e+00
-1.596292799974585730e+00
-1.416404067674975842e+00
-2.231660268619948262e+00
-2.003531750204654127e+00
-6.258652694516712023e-01
-4.236196697094607444e-02
-1.944006947980048139e-01
2.318476597579954834e-01
7.376620761247897340e-01
5.842709981907511230e-01
9.498777923242215371e-01
8.977465804557375195e-01
1.079305184434875997e+00
7.663542508325399405e-01
4.699856386441670919e-01
1.200543831160834962e+00
1.156340349568051984e+00
9.485206756682996732e-01
9.950424440765163192e-01
1.173268118335951016e+00
6.945785593556187409e-01
1.163797142389685124e+00
6.949692855053898333e-01
1.307374540253708251e+00
1.239274872101606473e+00
2.803265700026547069e-02
7.972377345063345055e-01
8.247711854443983137e-01
9.292310490592657901e-01
2.446722933633708186e-01
5.838736754941714624e-01
5.214732038007937609e-01
7.263443766322909001e-01
1.046753905729889134e+00
9.078541625842496687e-01
5.439640082856670444e-01
5.960773055085865080e-01
1.229819373111097347e-01
2.424263744517796138e-02
1.900110547101970804e-01
-9.513098117029126222e-01
1.659849246380740162e-03
-4.029494208168351577e-01
-7.236693410694927664e-02
5.087211213938802601e-02
-3.389962637070926821e-01
-6.137780554122449495e-01
-1.002239248510681247e-01
-3.439312970977612682e-01
-2.079716572683706355e-01
-3.787989676027961883e-01
-5.583563491500271869e-01
-1.729005885656066166e+00
-1.341563238127790880e+00
-4.373145286512876151e-01
1.546334695939247661e-01
-6.381180635331107354e-02
2.178680162700736833e-01
5.711795309553174826e-01
3.890485551771908357e-01
5.293284585529830499e-01
5.431110075263517745e-01
8.508486122989636913e-01
9.660213567644425625e-01
-2.440133217435171975e-01
-1.952012100385834170e+00
-4.647861068822214392e-01
3.503489587801139615e-01
2.613054219581656401e-01
1.033471853987686373e+00
6.219446245890379865e-01
1.473633778809344541e-01
5.109402805733465058e-02
-1.013585405378101267e+00
-2.074124851064688357e+00
-1.499382390442339119e+00
-1.282887275476862321e+00
-7.773236076887570789e-01
-6.283324789385436038e-01
-6.081959356272859107e-02
-3.766014609882273323e-02
2.793551571237062880e-03
3.701044157154510517e-01
4.045306795125281907e-01
-6.491700077735715890e-01
-1.592540919840383484e+00
-1.293691132569418922e+00
-1.472428011848581075e+00
-1.067804336973581458e+00
-3.092293022532229818e-01
-7.753138009578137702e-01
-6.615320719758654988e-02
5.766381045995893073e-01
8.142722001917134245e-01
1.786451366167487453e-01
2.624712724832115596e-01
-8.634039360232330651e-01
-3.285116444596281049e-02
4.479453114000323533e-01
6.082727663712482746e-01
-4.083501345587242648e-01
4.611676567398437232e-02
2.984850073639446766e-01
4.562668849301650953e-01
7.533701561173927752e-01
1.718870709527028362e-01
-1.755189937476135942e-01
8.756273756529923125e-01
1.199727103900740222e+00
5.317038389808136367e-01
4.695544458167436597e-01
-2.944850393212321560e-01
3.104115001272607088e-01
-3.393418244830084252e-01
-6.391656907047138514e-02
-7.221165628716441631e-02
-2.493839965625734845e-01
-5.270287519509364582e-01
-4.067586976315540337e-02
-5.876114215161296617e-01
-7.271574727911931380e-01
-1.018436975499255936e+00
-4.389186129345394871e-01
-8.400728893963763655e-01
-7.686338761138580278e-01
-9.692356153837082822e-01
-5.558623927275747612e-01
-9.850495289634408902e-01
-4.351325614604477643e-01
-1.944079710534761807e-01
1.297647919428800423e-01
-1.162556175154989990e+00
-4.127698545437337163e-01
-6.748112910145309673e-01
1.914973268035317089e-01
5.431200665506291658e-01
-2.487406424494442714e-02
1.965874804815471721e-01
2.044759616236994093e-01
6.987748207521559118e-01
7.213661380383981081e-01
7.293821714248053256e-01
4.342223674172601688e-01
5.847091240570748694e-01
-1.074148517028591376e-01
-6.903987698977180898e-01
-1.556363518206585361e+00
-2.106197429225605600e+00
-1.226371031404395406e+00
-1.825454676101981200e+00
-1.986159830391632797e-01
-2.229354494711724755e+00
-1.535547695774771126e+00
-5.311629458775538604e-01
-4.649597953980942888e-01
-2.923915971155344184e-02
3.009766012663521728e-01
2.918567799769457016e-01
5.962144013205469273e-01
5.493041053290396158e-01
4.699423461758672760e-01
3.516094729759277060e-01
-1.262539818314138973e-01
2.691401081528358441e-01
6.617236710359847285e-01
8.943886233777421646e-01
1.238867923531850490e+00
3.922200429843758496e-02
-1.363794729498164049e+00
-1.420164535118316751e-01
2.204482125376460155e-01
-2.114503699891731703e+00
-1.209274518739799076e-01
2.593173821526805201e-01
3.178702983090021528e-01
3.011574750210280760e-01
-2.521003014114976959e-01
-1.417964349929435874e-01
-8.544263844531441165e-03
1.997009235483288014e-01
4.110598964130284250e-01
3.394397650779087394e-01
2.899992847799129914e-01
1.245866395205857957e-01
5.144396864170851513e-01
8.050184040063325108e-01
5.517040959180908866e-01
8.176243771282524220e-01
8.788809242664982202e-01
5.801762174521946092e-01
5.508208545300937731e-01
2.513045097571181552e-01
3.309132036599607973e-01
-8.791982792707558891e-02
2.893247059157388890e-01
5.921411820141587734e-01
-2.851389316313587274e-01
-2.404286690392822834e-01
1.793799148787118547e-01
-3.888783997907130363e-01
-1.015557720772560790e-01
1.117788905222272700e+00
1.186055028014936230e+00
-2.649694885297535496e-01
3.224483234042849755e-01
6.439540488508718186e-01
3.424563684071256775e-01
9.219815764407607306e-01
7.378479161240477646e-01
4.358210194637363033e-01
-7.882300966530086939e-03
8.854820075868264917e-01
1.193175830812778226e+00
2.115425304497893233e-01
4.375659251153717344e-01
8.891085766933993773e-01
9.004836433664312745e-01
1.020457703652456694e+00
7.271724895997008220e-01
1.121252833118979719e+00
7.661242737404513337e-01
2.381635484460605801e-01
-2.761962980226403408e-01
2.123280172874327798e-01
4.608590585002746431e-01
7.148838480689151398e-01
7.386038949419305721e-01
1.345978395410547535e-01
5.936244199404711042e-01
1.093614217254677445e+00
5.624215648036264836e-01
7.105186195882083888e-01
6.482682117463903770e-01
2.699773792284371199e-01
4.948291857154943907e-01
4.083358494612050471e-01
4.822442918375126064e-01
-3.495530743664004847e-01
2.038193089995075091e-01
5.556298758791692327e-01
6.489748325971694820e-01
4.239948628418720444e-01
-3.740931450271733905e-02
-7.156998836280954457e-01
-3.286679098161789936e-01
1.427477193519941512e-01
5.805358700548156614e-01
-1.438390256872591477e-01
1.738186823689669147e-02
-7.853440194272154340e-02
-4.535380767121496293e-01
-1.571592018406219093e+00
-1.476164077509122485e+00
-5.798553878740340117e-01
-1.241761065164347366e-01
3.722307309918359008e-01
1.067091727251168187e-03
-5.536039835653381314e-01
-3.891432906136388370e-01
-2.318783056330430137e-01
-1.789269079917579219e-01
-1.521296946991927079e+00
-4.760047227451276175e-01
1.684716427995046617e-01
6.828309903677665105e-03
-1.232003520559732834e+00
-1.264301150908656801e+00
-1.260200909391969493e+00
-1.097193631329712815e+00
-5.930721958991466147e-01
-1.042759646716421740e+00
-1.814063999714461417e+00
-1.932239676004763762e+00
-1.932109114157142482e+00
-1.778132930046244731e+00
-9.424348310529866435e-01
-5.465801944805331880e-01
-1.040434870192168404e-01
-3.753941384888200283e-01
-3.656492405891402786e-01
-1.059612196018646646e+00
-7.875718715765834821e-01
-4.701990476022288590e-02
-8.513971356674191471e-01
-7.100452832390814484e-01
-4.156033614853387181e-01
-1.445881382373668256e-01
6.492294584428907056e-01
1.077258198623765040e-02
-6.878294269789846371e-01
-3.995448411620398099e-01
1.622227179579668332e-01
6.360733991935451082e-01
4.905174067167880070e-01
6.083225474226844343e-01
6.510555436794286388e-01
5.475861552492894413e-01
5.646693058855435376e-01
1.302696391013532518e-01
5.638605963329809123e-01
5.312302315712204015e-01
1.799503136627100819e-01
-9.601607825816371733e-01
-1.644246080559908396e+00
-1.276193490417721677e+00
-1.484673165718681798e+00
-1.913990534099855978e+00
-1.239717651778551755e+00
-1.418145356262047185e-01
-1.044376003422481602e+00
-6.511995049464431862e-01
-6.842972674878994299e-01
-6.272918953204690284e-01
-2.199125320712912224e+00
-1.359646124084872287e+00
-6.175120517426175848e-01
-1.863569667702108523e-01
-3.198559799549238747e-01
-1.529648205627665458e+00
-1.466046635214272698e+00
-1.100372679714268109e+00
-1.431168396905556417e+00
-1.407699374361480960e+00
-9.075347230038403046e-01
-1.504481378127569879e+00
-1.790386862712012306e+00
-1.276165817919503898e+00
1.421894444456278661e-01
3.463259994437554168e-01
-5.070213760941877368e-02
-2.918932226321483414e-01
2.917416552480878167e-01
-2.175420234246251416e-01
6.586429432771190307e-02
5.675957195569659719e-01
5.228660365061120752e-01
5.050354085276552718e-01
8.029401688576679463e-01
4.362662317119277988e-01
7.474575686448093892e-01
5.187146340195464278e-01
3.601935808666075767e-01
4.562044565693760267e-01
-1.585869422633519044e-01
-1.354365752347229890e+00
-1.177471130722186565e+00
-7.195991918334565529e-01
-1.888453705674266736e-01
-1.748374617832846312e-01
-1.312962082531325958e+00
-1.032037341569334687e+00
3.654321973619870656e-01
-3.289085902429307318e-01
6.248240307765119406e-01
8.622281378126303020e-01
-4.214373284994352709e-01
5.581674507851707157e-01
7.274716305218685841e-01
1.208761696669984786e+00
1.151671810854302258e+00
8.315632028558482824e-01
9.690161653479928416e-01
8.400442332552909841e-01
8.373327820901074192e-01
4.195959670693703014e-01
-2.746918829196702827e-01
-1.418044163341462216e+00
-9.943684657444563646e-01
1.707225486548274995e-01
5.991007512428437876e-01
-1.401910923912740525e+00
-9.586573006822912690e-01
-6.298425925540145354e-01
4.393016754039813510e-02
3.182982320851789337e-01
2.065166940674755258e-01
-1.686894521474699982e+00
-2.259243092011429255e+00
-6.335797876071546098e-01
-1.970405903958719396e+00
-1.235074569553392454e+00
-1.863675171121882190e+00
-2.451258370229754124e+00
-8.697378993156924532e-01
-6.092647770887151815e-01
-1.023222537588009518e+00
-5.697033308571630705e-02
4.791418465552156336e-01
5.385608347552671704e-01
3.139428796787191445e-02
4.750850141351873335e-01
5.466058675330601746e-01
-1.251035409650124608e+00
-2.308259769573607345e-01
-1.502609470924864965e-01
-2.263971243860732896e-01
-7.536179037967478678e-01
-1.619481206804502804e+00
-2.443631435500330351e+00
-1.856402166470054738e+00
-1.362802433895929033e+00
-7.607131567547213979e-01
-3.935914139609106854e-01
-4.862766592419246470e-01
-1.818001801717254562e+00
-1.265335518527616721e+00
-3.572917593620745791e-01
-2.320004937241149090e-02
2.422061933298862435e-01
5.547604124988173568e-01
-1.419380327480370685e-01
-9.379745261708606341e-01
-9.157420180517077402e-01
3.650397328696108890e-01
6.900041119692289504e-01
1.192306320797901220e-01
3.834552332416676368e-01
-2.073536063639986882e-01
2.501904786884937559e-01
1.286475342246230502e-01
7.366553115477580960e-02
-1.463118515689151300e-01
-4.830289623597210369e-01
-1.255036890391998172e+00
-1.428556972794382762e+00
-1.954761337856377068e+00
-1.833735461354653484e+00
-1.116796971272937533e+00
-7.869924134724571863e-01
-1.564663644606870019e+00
-1.980541440524135499e+00
-1.093533597380917710e+00
-1.577751173419490893e+00
-1.918479191351343260e+00
-1.305780367773706097e+00
-1.246861159762904903e+00
-1.526019461483945960e+00
-2.446818974789481960e-01
-5.510512473839204173e-01
-4.243843756409607648e-01
-1.295998201481695089e-01
-6.544793052812610812e-01
3.879374140533214943e-01
1.739467432650331213e-01
5.829979518358415769e-01
8.426390160383475658e-01
9.492774746418776166e-01
-3.914835466272237330e-02
-4.896532649901989553e-01
-8.418480405430521785e-01
-3.833293581129089134e-01
-1.300339003575141650e-01
2.569813601728875296e-01
5.558345671744124861e-02
-3.146522874811495951e-01
-8.530657980612711411e-01
-1.960207704209053770e+00
-1.037857170977645405e+00
-1.059304222926208627e+00
-1.052628397669294280e+00
-8.701320025568454186e-01
-1.412761384189006764e+00
-1.932672032764779502e+00
-2.175685923947990208e+00
-1.414003009433642655e+00
-8.138991071233973029e-01
-7.341053925163668614e-01
-1.851644537639379084e+00
-1.215881918068526968e+00
-1.978704034851321403e+00
-1.549860494314136750e+00
-1.947446182064709319e+00
-1.098182956953925871e+00
-1.127344808308857305e+00
-1.207664260731909689e+00
-1.532316821979552213e+00
-1.766523871315858418e+00
-8.411314263952174297e-01
-1.786051232433459868e-01
3.960234079361909521e-01
3.617974561612466999e-01
2.188046802509896471e-01
2.581905363469816361e-01
3.979210299981069676e-01
1.351934142224827662e-01
2.688797127064569414e-01
-8.228541000121624149e-01
-2.358328301847258945e+00
-1.355041236317452436e+00
-5.842109913643133146e-01
-1.152993304837514277e+00
-6.913692377932254551e-01
-8.197710345722570846e-01
-3.488415140251283075e-01
-9.092035144640188138e-01
-1.106053152570753539e+00
-1.078526294394789531e+00
-1.729525316601823626e+00
-2.315753279529493280e+00
-2.143510074702660528e+00
-1.656078381059747251e+00
-6.691341195731456137e-01
-5.207078198904140365e-01
1.487823944974175916e-02
-8.543032836502673089e-02
-6.601861795214569728e-02
2.222048736571548000e-01
-6.080977578234927350e-01
-5.559863492724514966e-02
-1.405920017958891544e-01
4.758313500628795767e-01
9.349051654804918510e-02
4.814557451908173524e-01
-2.138982965216282839e-01
4.318520311455450456e-01
5.103128905379491487e-01
-1.799070967303748603e-01
1.834172144557867368e-01
3.051967140645361898e-01
5.081577020844659787e-01
-6.511870872058997950e-01
-2.470494831627801924e-01
2.525913185591411869e-01
3.293403114543428378e-01
5.498089937125599791e-01
5.464973798913005387e-01
-5.591489103176960906e-02
-4.029915834224374604e-01
-6.523044482722942794e-01
-3.229871403828274423e-01
-4.280934784601653220e-01
-4.106428938802252349e-01
3.707804805675484205e-01
4.414198909412322402e-01
-3.313287538097458018e-01
-4.610479560466929083e-01
-1.766526510565917807e+00
-2.132218748508452055e-01
-3.871807558227655655e-01
3.186299274605280951e-01
2.532500067135293742e-01
1.222951604421855798e-01
-3.832381442587252662e-01
-8.339938107823408053e-01
-9.967032546830478790e-01
-2.937077090611238672e-01
-4.740481464562394942e-01
-2.704352789848161187e-01
2.258728194850780913e-01
3.992241612161847586e-01
2.457460250215373065e-01
2.008983364938413674e-01
3.283992772305315277e-01
5.938158247477198781e-02
1.662679246427123392e-02
-1.550305160457022824e-01
1.281367603763650109e-01
1.349313217086918204e-01
3.047853330416953055e-01
9.730318909966340080e-03
-4.897248544844171603e-01
5.404102617405059927e-02
3.345149605797624881e-01
1.746005086091791947e-01
1.283849219856066926e-01
-6.680643629978988418e-02
4.505439104128045047e-01
-3.319651177635614125e-01
-5.121411633493744286e-02
1.611390709551873135e-01
-1.805659420432037532e-02
-9.222879499006112480e-01
-4.575216912281437898e-01
-4.802359917851668492e-01
-2.602418427261546929e-01
-1.342966627412519598e-01
-7.453965486652669448e-03
-9.322873222431149465e-02
-1.662478757247781713e-01
-2.614112404698248904e-01
-5.838789077089154844e-01
-7.677432067693106266e-01
-4.887358086056260431e-01
-1.282876521409560988e+00
-2.334634166085979290e-01
5.232123008555681354e-01
5.211656231724016708e-01
-2.676554094870181588e-01
-6.038501827182232162e-01
-1.298936971577771438e+00
-6.352746539495260913e-01
-3.116126017702460782e-01
-1.318705695621936735e-01
-2.409997405592930741e-01
1.926016441784339506e-02
-5.217765740752815518e-01
-1.844571927768901443e+00
-1.863113113716566627e+00
-5.827566351590177662e-01
1.250400097595516513e-01
-1.557784092837533052e-02
4.685590528227602247e-01
8.805882446836732491e-02
-2.841504395473877231e-01
-3.228876710802048855e-01
-8.463593757498721892e-02
4.244461132643140289e-02
1.975236478478592517e-02
-7.206047114490731209e-01
-1.127952445194194464e+00
-3.485481736554048027e-01
-4.680621686980465102e-01
-6.146003859978499406e-02
-1.483106696463284413e-01
-4.421466073772427618e-01
-8.160587029226817890e-02
-1.265131206048689672e-01
-2.091583021186729674e+00
-2.136496483531636237e+00
-1.674294704965642477e+00
-1.873624820334173213e-01
6.465882124368649286e-02
-1.438613974689797459e-01
4.570196878470663693e-01
6.377959606767632517e-01
6.643101514481452030e-01
-9.398561204326472129e-03
-5.519878813907108661e-01
-5.305217816906581119e-01
-3.360548937531795399e-01
-8.940432890461653681e-01
-1.707509352046261863e+00
-1.526030051905305385e+00
-1.241738347675859888e+00
-1.003009160289730861e+00
-1.097252255061671455e+00
-1.950801901451744591e+00
-1.165166138972734577e+00
-1.266094718672395203e+00
-1.900086251468391385e+00
-1.203443119995457611e+00
-3.440346639494044068e-01
2.603970275405990131e-01
2.808997897150755652e-01
5.570640411626711641e-01
1.904162346047140186e-01
6.871479283984349706e-02
-7.661378952129761499e-01
-6.793759834924992802e-01
-1.439950113129302434e-01
-3.460311597633994873e-01
-5.902215940774879765e-01
-1.584984143049155136e+00
-1.186270402773863086e+00
-1.255034514954070923e-01
2.652817661132487181e-01
7.464318180621641874e-01
7.153291250551495617e-01
3.771969737418656710e-01
7.084216848271857048e-01
8.966382076318540895e-01
1.229439916809374367e+00
8.779683056279335984e-01
4.185294287074000641e-01
7.204175194388554582e-01
7.686859193172544957e-01
8.955575025874910056e-01
6.254070315263138280e-02
3.527308782104264795e-01
5.245187953565692007e-01
4.914275081160318637e-01
3.721234442798097009e-01
2.938557362261883243e-01
1.075817358351971453e-01
4.842225377808869746e-01
4.000179154309548846e-01
2.256211687909325248e-01
6.247042746061511886e-01
4.466205694165004125e-02
2.135114613146945617e-01
2.671348821831309728e-01
5.577667266921193523e-02
3.219321411259997712e-01
6.564718854159986572e-01
5.513833795558628070e-01
-6.297610794022223679e-02
-3.444204570705348134e-01
-8.767999637512358113e-02
-7.024416469996395129e-01
-1.306006470245885343e+00
-2.013245295132055634e+00
-1.133831468012048482e+00
-1.200922458182730468e+00
-1.881268306529274792e+00
-2.135999220975766999e+00
-9.373152593627112061e-01
-4.450864427040723825e-02
-1.584719573635731127e-01
1.506169590158499272e-01
1.790738655373155241e-01
1.620032934183798234e-01
2.162033847967670397e-01
-9.200432574888590675e-01
-7.358026383583632368e-01
-2.979560701484187391e-01
-3.147100589291182970e-01
-3.056949003787279295e-01
-1.262225857884837765e-01
-7.473263497182451864e-01
-1.266540730804884829e-01
9.137937736692458568e-02
-7.262707208333480935e-01
-1.687827044680047628e+00
-1.081891193740704082e+00
4.979809536634384193e-01
3.012670465636334560e-01
3.014608824201948645e-01
5.468430974970958092e-01
8.393473281779982864e-01
-1.861547614212133439e-02
-1.424240307972542974e+00
-6.867538542201160334e-01
-1.670065170209141803e-01
-1.348139628940849821e+00
-3.504662510141944853e-01
1.637097334656214542e-01
3.982893510874219167e-03
4.059943860505239588e-01
3.499782545109166865e-01
3.765309332585148328e-01
4.235455917617857446e-01
3.866645416289359316e-01
3.532078491591666980e-01
3.554101356960404079e-02
4.229178653603138383e-01
1.475064772037992800e-02
5.847373161983893119e-02
-1.302186945749309599e-01
2.091425008381295747e-01
-9.656823268000880311e-03
-1.625444667508351593e+00
-2.262037926054201176e+00
-2.334239869900136544e+00
-9.757892800091292340e-01
-1.519373000630828807e+00
-1.510181911665298138e-01
-3.619704112508770333e-02
4.944286059616725959e-01
1.650263726595541103e-01
4.153795508035740269e-01
-1.248185742120225816e-01
-3.014509770916806719e-02
4.579767641654097776e-02
1.035212921207597780e-01
-8.775184962935684840e-01
-4.131007881096298018e-01
-5.826487408852970562e-01
-8.930108737425557219e-01
-1.909067493752663047e+00
-1.071714285183583470e+00
-2.135375835981736525e-01
-6.936128040807683082e-01
-6.699057663521820194e-01
-2.230841296007731511e+00
-2.182958635387684865e+00
-1.684354859267241711e+00
-4.319094074481031331e-01
-5.289651388067292404e-01
-2.429238179247228402e-01
-4.206594357592237099e-01
-5.079777292982710080e-01
-3.936184937754361179e-01
-2.337625219892500716e-01
-2.004592845319219663e-02
-3.954539276216584298e-02
-1.315036299201500336e+00
-6.482796471710550179e-01
3.184850859000321055e-02
3.243924993890445752e-02
2.802251608564145791e-01
-2.512547715382053015e-01
-5.862936135286119788e-01
-4.355810281785236771e-01
-4.519754581206484878e-01
-4.505283517962874740e-01
-5.532469638411319224e-01
-4.013428428015444194e-01
-8.233487992372336972e-01
-3.140903141707687141e-01
-3.073762436173685941e-01
3.862698531176511629e-01
8.896018575024658981e-01
8.386680540379493065e-01
6.038321930201188126e-01
6.856555754090264410e-01
8.803409757228949362e-01
6.251769814473443487e-01
4.421567856022756704e-02
-3.085495910212039394e-01
-1.307723839411254474e-01
-8.650447844713265999e-01
-5.711044772166040673e-02
-2.001208361390472978e-01
9.440659757229263871e-02
5.872208064709992792e-01
3.495552849379240934e-01
-1.236709889077583835e+00
-1.858615761000905309e+00
-2.293178352258573582e-02
-1.594399533439639249e+00
-1.403264279299685002e+00
-6.615828028186677701e-01
-1.257612178201465092e+00
-8.743058209366626476e-01
-3.208601022168000583e-01
-2.805971768533265243e-01
-3.812067891700974265e-01
-7.112417684664036344e-01
-9.549740365467045411e-01
-4.297447482921509243e-01
-1.407838323643547218e+00
-2.049868891315736796e+00
-1.798675055124356437e+00
-3.237140082930096696e-01
2.599694387894033731e-01
6.542981162754790692e-02
8.872502965224227101e-02
4.074771779140738959e-01
5.694959855130529158e-01
4.437836336312649399e-01
5.335179246205279391e-02
-9.887825432995321906e-01
-2.787698378354269702e-01
3.046475601482169226e-01
1.292684500668518366e-01
1.552597502620389758e-02
-9.384691893819648856e-01
-3.974762588768061544e-01
-4.100602104576668294e-01
1.975173172949330480e-01
4.239905125012057852e-01
9.020985868320996470e-02
5.720621781783009618e-01
3.111353521741496708e-01
3.410827608870131700e-01
-6.738467559929872674e-02
-2.948200960333026144e-01
-2.796167788881110394e-01
-3.574449032505645496e-01
-7.419070946053596405e-02
4.986411450215699759e-02
5.013014208797453852e-01
9.825068031656203349e-02
6.089294218038282525e-01
7.622112602264877745e-01
1.069449009851308752e+00
9.037528539139690897e-01
9.863054558375267122e-01
1.235175633530389394e+00
-4.359735037081036158e-01
7.132141333368388070e-01
4.202792176289844583e-01
5.626153786390232225e-01
4.155794447953040649e-01
1.462982514332558104e-01
5.653536914780562528e-01
1.673049400283507238e-01
3.807688311040491325e-02
-1.984075780788779886e-01
1.645374425698019616e-01
-1.791407468991105034e+00
-1.188335685318440804e+00
-1.695243480322621288e-01
-8.575284692840079437e-02
3.543358384737741451e-01
5.278352819545920616e-01
6.475269882661730536e-01
-2.165693786431118206e-01
-1.669073220407765845e+00
-8.105503830951897859e-01
-1.543778450588956019e+00
-1.729665690225885566e+00
-5.529702982255444432e-01
2.498221213048514855e-01
8.968054610499177626e-01
5.200367603463930122e-01
4.670161545382686130e-01
-3.038605473625127784e-01
2.126644529291499275e-02
4.867329143107675948e-01
4.363116554827578542e-01
4.058875657501914702e-01
7.843218853998147333e-01
9.068169426601017102e-01
4.822763847553660499e-01
-1.301672810472638275e-01
1.329978733096175425e-01
-7.158528173260451100e-01
8.310122518336304775e-02
4.243061896395967647e-01
2.309933168479733068e-01
-7.294742137232771428e-01
6.016424210277860896e-01
7.472594320664699419e-01
6.004587893916680796e-01
-5.692275410151429460e-01
-1.027009149220503126e+00
6.245659291293849114e-01
1.110029818422713976e+00
-1.779029018186657485e-01
-6.182914467774250911e-01
4.246962133005774964e-01
8.399922705046446447e-01
7.715322837566077618e-01
7.286501116137037437e-01
-3.001708984963079585e-01
-9.288188227589389001e-02
7.682041325983068880e-02
4.613952010877508947e-02
-1.279273066675655546e+00
-2.342690873172074140e-01
-1.478437290156290329e-01
4.707871225845746688e-01
1.277407118587232659e-01
-4.607335090119573096e-01
-7.809538805635642955e-01
-1.988307846596902850e-01
3.871059334497015669e-01
3.507804602950507222e-01
3.078769249325589152e-01
7.668173773414223016e-01
1.502763402673969129e+00
-2.171094948037419758e-01
4.852240261048109682e-01
-5.233545996604309636e-01
4.726946903795962163e-01
-1.348702512755293181e-01
1.008254940077403461e+00
9.173941156951018749e-01
-4.872408890171849860e-01
2.917433244184282071e-01
5.431540575574077545e-01
3.184422088833218645e-01
6.155093779047781100e-01
-1.179833367943576850e-01
1.103038602871415641e+00
1.408213948250172542e+00
-7.563572489013270506e-02
-5.417139295304027602e-01
-6.649574551104101561e-01
-1.234124624073882792e+00
-8.196282015120053277e-01
-5.620631512949291198e-01
2.883710787729842906e-02
1.082193159213351574e-01
4.527376433442863446e-01
4.359304047413891103e-01
1.359339835894024517e-01
-3.315166316290139026e-01
4.713210954635173033e-01
2.902826409826534393e-01
-1.008103564996103430e-01
5.301177155768003191e-01
1.020817148634542981e-01
9.017792987975609131e-01
2.701907176166195024e-01
8.364439699719136145e-01
-3.229912134162385984e-01
-5.629949305762440570e-01
2.096067654255814316e-01
-4.349939782783041053e-02
1.605416849396615886e-01
-3.691420787085165633e-01
-3.204090674986352361e-01
-4.013258942093067549e-02
3.226386384196625601e-01
4.599946501323607384e-01
7.653922951072188452e-01
4.586247702536966342e-01
2.778189877160257559e-01
7.456094420004896195e-01
9.059999011052651818e-01
1.372212205926735873e+00
5.545834363383311816e-01
9.511161062766398944e-01
-8.878642463170375310e-01
-9.825174806394443294e-03
-4.718814861241952263e-01
3.027718873601215055e-02
4.794781612369504176e-01
6.351734213258065642e-01
-2.476808148958388189e-01
-5.379667446570688405e-01
-1.272102933746602105e+00
-9.161374613579300608e-01
-4.605987040017389678e-02
-6.813478340023526592e-02
5.413338908266918104e-02
2.332557038529180504e-01
-2.119944571756893215e-01
-1.929472279923156730e-01
2.862172565137854896e-02
1.720176460596120060e-01
1.032723081777618956e-01
6.969148315593504117e-01
4.693244709378331381e-01
1.112703495888056171e+00
1.288913739356325472e+00
1.235511970431185880e+00
1.386042455061710310e+00
-1.947305558999382624e-01
-2.805696928995592421e-01
-5.576318650833522739e-03
2.516791369502049402e-01
-6.732334830958841554e-02
6.293806586907130241e-01
9.101868803899707538e-01
1.317226560970611526e+00
1.368037783882364966e+00
1.412796392406879598e+00
1.304296248618200593e+00
5.679470406810495087e-01
1.052301579428541523e+00
9.416294271631354684e-01
6.977784908815191089e-01
4.173501668016563748e-01
5.244278953565483237e-01
2.876835131792089273e-01
6.789973956879757910e-02
6.447889753421295334e-01
-2.033955290094004997e-01
-5.842351235490028660e-02
1.253290895921279624e-01
-4.077643879846289954e-01
-3.366043008228353228e-01
-2.854077972046117351e-01
-4.040528084661521024e-02
-5.783300704744874787e-01
-1.439632788360534210e-01
8.662469998767163837e-02
2.907932790228517916e-01
-8.600444790462402622e-03
-1.091853301905953977e-01
-5.457394155442563122e-02
1.141270671151651817e-01
-4.657368808490232048e-01
-9.140587360281363649e-01
-1.446804725608087150e+00
-8.480504527025243267e-01
-5.730683426244412848e-01
-2.544080110078540402e-01
-3.693547427262430238e-01
-4.431864340018992765e-01
-5.589360845160078473e-01
-5.599682073743571520e-01
-3.330438070845525012e-01
-1.208880052338324740e-01
2.266056708866759362e-02
2.973538496296604938e-01
-1.098695480853781881e-01
-6.728966852467443971e-02
-7.301747640638933667e-02
-3.286212072326032407e-01
-3.874293810104035840e-01
-5.381400158160526415e-01
4.879951813258839310e-01
6.062239624274033956e-01
6.870891206187758060e-01
7.146735392549451449e-01
6.476147896310721075e-01
2.310412754841386640e-01
6.974414712353472767e-01
5.898074300721022345e-01
7.088487967357447461e-01
8.977559382939600541e-01
6.184729733393959927e-01
6.634941799205088531e-01
6.392020201489018172e-01
2.758980216009309094e-01
-2.931412857531244809e-01
-1.804363621585045596e-01
1.511454025212143337e-01
-3.022912380092090956e-01
-4.365185943605165431e-02
-1.755991012886005675e-01
-1.149785337449479306e+00
-1.368875200593650199e+00
-1.502472200204263419e+00
-1.650467294386685602e+00
-1.558232916697360970e+00
-1.702410854730275425e+00
-1.486275698597898876e+00
-6.566717984053141999e-01
1.734729279248817813e-01
3.289491597269038614e-01
4.142321211109544210e-01
3.422994697981446288e-01
3.234762896659270082e-01
5.673477683381332737e-01
6.916022642277567245e-01
5.991781774229186786e-01
3.631976744576779215e-01
4.324588179312046643e-01
1.885951044525304710e-01
5.796186130087458421e-01
1.404101180722372444e-02
1.199879241337370450e-01
5.796633816296968833e-01
4.479826647607302315e-01
2.357037024685619819e-01
-2.787107780337003682e-01
-2.533530265261145775e-01
-7.300956991832130427e-02
4.111799954930470680e-01
5.183282773623490991e-01
6.625531678268351543e-01
6.251935888520249174e-01
5.665124347250957149e-01
5.498130184019870415e-01
6.247429649489953940e-01
5.692013027680956627e-01
4.219580599672634325e-02
-1.772385889150114302e-01
-2.186259503934246951e-01
-3.874370739005593700e-01
-2.406001653285413933e-01
-4.482374406908249398e-01
-1.813007895216747767e-01
-6.622705788607867738e-01
-2.366526008999570441e-01
-3.891515210291072724e-01
-5.402496102363372188e-01
-4.149890514691286780e-01
-1.279964448687472167e+00
-1.760172877357427446e+00
-1.370726164099939748e+00
-1.811933420324552735e+00
-1.051335244916828726e+00
-1.059151015074888402e+00
-1.694756142217662909e+00
-1.348249897471845760e+00
-1.201562620176984009e+00
-1.466898259357580780e+00
-1.186697251079464444e+00
-4.195397399688159390e-01
-1.531862793595983874e-02
-1.088758375000043577e+00
-3.176067969068945285e-01
-1.252082696927574457e+00
-1.198504255511811945e+00
-4.164516559585439981e-01
-1.922928037988754557e+00
-1.283930073079095235e+00
-4.202751589837854795e-01
-1.191368604284192001e-01
-1.812384140721289283e-01
-4.350147800468924797e-01
-3.143892069261104982e-01
-9.557034829077732940e-01
-1.014129824122246504e+00
-6.508940204299916710e-01
-5.195817802585647183e-01
-6.027245051498084649e-01
-3.489156521309418335e-01
-8.709930587877584562e-02
-8.790769590594815774e-02
-1.759751313815387519e-01
-6.668685778721084034e-02
1.758409406915995010e-02
1.227632498056574484e-03
6.926395592781375843e-02
1.720897994282444277e-02
-8.888245835925673299e-02
-2.236426525876136773e-01
-1.025890509387813454e-01
-9.426668411120098234e-02
-1.452741943109399525e+00
-1.839311500332048599e+00
-8.989684579609122927e-01
-2.214054958224547232e-01
-3.391552228088617893e-01
-2.719514102566231717e-01
-4.444200612989501753e-02
-4.341192433986817978e-02
-8.012080693828727007e-02
-1.194856635719609983e-01
2.827158926253570126e-02
-3.960059272985760326e-01
-1.267141991258053046e+00
-2.602465160362232299e-01
-5.442209740817682828e-02
-8.080879259667117509e-01
-8.150025881645324155e-01
-1.369899163540875486e+00
-2.088713237522112465e+00
-2.048437556565124051e+00
-1.246638535799120096e+00
-1.240427435915076204e+00
-1.101557423050466333e+00
-7.643585731724260590e-01
-4.551859947205965651e-01
-2.471164414811566346e-01
-1.372421783355665115e-01
-4.209895344740041678e-01
-4.580068438451210255e-01
-1.169726199379556020e+00
-6.358558380671471832e-01
-1.017111532418527364e+00
-2.322609893360169653e-01
-1.866326070632581824e-01
-4.824714894055774916e-01
-1.059594985911824772e-01
-1.163426542487803417e+00
-2.036530153744427474e-01
-8.541727609816296418e-02
-7.573048199766705402e-01
-9.738018455171359999e-01
-6.151696101993701093e-01
-2.697990130859858060e-01
-5.847648220916584760e-01
-1.273397145698537347e+00
-9.202760843500266130e-01
-3.813542193418064663e-01
-3.851822892239857299e-01
-4.771048570156066204e-01
-2.829504171125352130e-01
-1.172458577458679763e+00
-1.575071178029552321e+00
-1.962877039107229216e+00
-5.808429789190261427e-01
-3.214698938178693344e-01
-8.470630879925078460e-02
-1.644544198715954808e-01
-2.586724342551877109e-01
-1.171324969105824287e+00
-1.939782630271043917e+00
-2.380215623530264057e+00
-2.891686683300161764e+00
-1.369031678381015027e+00
-9.694394845941800565e-01
-6.742734370763507901e-01
-1.097996094628541197e+00
-8.314075229696376024e-01
-1.437550464104465187e+00
-9.543531459142891027e-01
-1.460055468126818745e+00
-1.485191667898273504e+00
-3.524353711371244202e-01
-2.007622110327320630e-01
-1.873953587088349471e-01
-3.754324561959057616e-01
-2.824831761904781358e-01
-7.412052242311238937e-01
-3.385327857254997741e-01
-2.612564225245780913e-01
-6.462825785584112026e-01
-1.064615958150703534e+00
-1.363589407277643772e+00
-2.140879374559729875e+00
-1.818018016942659631e+00
-1.888046305217228493e+00
-1.935785552625767902e+00
-1.551234048466785476e+00
-8.325152063067953190e-01
-6.575300414679380312e-01
-4.492301363982398876e-01
-7.063146321764085522e-01
-4.869580736197484105e-01
-2.760243597718475272e-01
-2.696130416765788462e-01
-5.897900793405695952e-01
-9.466468072705507275e-01
-1.522488120553869617e+00
-1.707609844871921467e+00
-7.685381742982667630e-01
-1.031182966995495942e+00
-1.341071047263251215e+00
-1.194989550653359212e+00
-1.639718383028235582e+00
-2.175373955085531552e+00
-1.903559700518575593e+00
-1.363504205551303361e+00
-9.842112065755580508e-01
-1.273725918041114014e+00
-1.871995601623082095e+00
-1.754311409035266500e+00
-7.495124167442642760e-01
-5.325855416654413643e-01
-4.398529461614316127e-01
-7.939634299188242927e-01
-1.544985728469938868e+00
-3.099270876568173683e-01
-2.186863568835247795e-01
-1.665277493679689913e-01
-1.148704410817144583e-01
-2.087422986200951347e-01
-6.968981140002317165e-02
-2.369027492246068012e-01
-1.222542353062907039e-01
-2.123219520610559741e-01
-2.747344550403279517e-01
-2.596576492658661528e-01
-3.616481606665406523e-01
-4.899964616029680586e-01
-4.201506879210110124e-01
-3.312866949575824504e-01
-3.441596526307464377e-01
-4.417174273656482297e-01
-2.006639408692506010e-01
-3.029854911956361696e-01
-8.615613264465227239e-02
-2.439151392567684429e-01
-2.106638636565167366e-01
-2.017859960028143274e-01
-3.717362090086983040e-01
-2.712963347901371503e-01
-1.448132462411811927e-01
-1.303604009028519473e-01
-5.632994671667139741e-01
-2.619557418968704865e-01
-1.904519979864585100e-01
-1.370024553984141580e-01
-8.723001892170945126e-02
-1.633066626434839241e-01
-1.260820379473386321e-01
-2.294646421892012067e-01
-2.964305364488170613e-01
-1.584243504688842563e-01
-2.581867269477228222e-01
-2.005254460068935929e-01
-2.452721489117043463e-01
-9.195752210663332704e-02
-2.135842192789337290e-01
-2.902314337940125610e-01
-1.359015141410633842e-01
-6.233950170578367311e-01
-1.146709189281916341e+00
-1.476759358972935088e+00
-5.906626783977890760e-01
-7.921550481476822281e-01
-4.454588296894553823e-01
-1.490285286643047158e-01
-1.982802419531246585e-01
-1.321808215129551267e-01
-2.900356646259393822e-01
-2.057393627865644614e-02
-2.949165371835220095e-01
-2.099145175545318320e-01
-8.166507489581037449e-02
-1.171389650013962003e-01
-2.317848023390133294e-01
-2.145400190092827675e-01
-1.942616871151719438e-01
-1.757115771479849098e-01
-5.945426030960820896e-02
-1.441734269213568176e-01
-3.595568476453049334e-01
-5.753593036982163067e-01
-1.861102077583327574e-01
-2.094998871451655420e-01
-2.132709468599781610e-01
-4.513496246114967470e-02
-1.428647123866496615e-01
-1.772574840175956679e-01
-1.816877979025510736e-01
-2.360227224741761054e-01
-2.021542580197686068e-01
-1.585668463154770169e-01
-2.731758394620604213e-01
-1.315841619729603007e-01
-4.075929191107715011e-01
-2.241750418640566234e-01
-9.320813635341591574e-01
-3.289831712704415212e-01
-1.931237132625638342e-01
-3.079646847398280207e-01
-2.478115631738819213e-01
-2.954279970664013821e-01
-2.885457829352570669e-01
-1.179921010517032132e-01
-2.319074604207009838e-01
-3.414562403345225428e-01
-3.440622490013798829e-01
-1.990985493649366500e-01
-3.183928028990804515e-01
-6.627607114554395773e-01
-1.594090365503667783e+00
-2.053467530245652206e+00
-4.618689495554377800e-01
-2.719930218676928080e-01
-7.751597274878402333e-02
-7.234644321906755771e-01
-1.617127934993854765e+00
-1.779866784967201632e+00
-7.393238564275805835e-01
-5.628466659620436907e-01
-3.290694007912904895e-01
-3.690469651735289736e-01
-2.164824416653020056e-01
-3.305230458537836702e-01
-1.413614020946787342e-01
-6.006595303143436038e-02
-2.106784899215124462e-01
-2.668745882155260096e-01
-1.903429879034059802e-01
-2.339735400313602831e-01
-2.532612655169491633e-01
-3.047791723732707347e-01
-3.812729383921310000e-01
-3.386632176370233394e-01
-2.332148816669594726e-01
-3.694482417254562612e-01
-3.365171846995457239e-01
-1.135623536381247245e-01
-2.666543895057406077e-01
-2.799271341475215169e-01
-7.593717336486843772e-02
-1.370258340922904772e+00
-1.926989903198343956e+00
-2.343803287041963834e+00
-2.572399039337643689e+00
-1.158696212069077358e+00
-2.225805367228430587e-01
1.333190518415572345e-02
-3.408628866668483859e-03
9.898950692793229145e-03
-6.297754271019373462e-02
1.341466817321882443e-01
1.187233005487280391e-01
1.691557954390442431e-01
2.248073939900485652e-02
1.045154517826906160e-01
5.667005751717513196e-02
-4.802089349419258468e-01
-1.159312764825287001e+00
-1.214337580906447389e+00
-1.436343953539950480e+00
-1.606342773963062687e+00
-1.242398183063405437e+00
-9.013497069631390968e-01
-5.209339972897104598e-01
-1.189720184031488603e+00
-1.033061322097196477e+00
-2.833089846947413060e-01
1.819387440830100289e-04
3.121098036704267331e-01
4.526764479208050806e-01
7.630747106602786545e-02
-2.717599009869009485e-03
-2.128913203006977950e-01
-3.313841679062144441e-01
-2.044544828998473562e-01
3.661441834176318855e-01
9.757346878525330336e-02
1.563129678844333847e-01
2.604196200446518006e-02
-6.524791048379504632e-01
1.945211391660714995e-01
4.673138534981960968e-01
6.011306733561391225e-01
4.828224385903082672e-01
4.667795985931909586e-01
3.482956572522626360e-01
3.823176233743218466e-01
4.033064798023361375e-01
4.802128951476268837e-01
5.268297893255532438e-01
5.327516319820145840e-01
3.920828049192416342e-01
3.726382722135401782e-01
5.591020736586164164e-01
5.292843224171716043e-01
4.291962841199228329e-01
7.804279719647710944e-02
5.732423325886415455e-02
2.340147621471493355e-01
2.530570365091457941e-01
8.796783777543842886e-01
8.000351901083907480e-01
1.417970532237087244e+00
8.921544826017441254e-01
6.557070100708201066e-01
4.011038939200424203e-01
5.592128184278731817e-01
4.890559185310089374e-01
3.314632648259949743e-01
2.377273393952727965e-01
-6.151402609801426280e-02
-1.985628732057167500e-01
-4.483974336834513630e-01
-4.401175720946731706e-01
-4.519669371659852386e-01
-8.206391763695860542e-01
-2.006332044961146366e+00
-1.305248966139554323e+00
-1.415753560582625692e+00
-2.365193866697741787e-01
-4.370228319118008020e-02
3.811928875688453955e-01
2.617702061671277614e-01
4.171064648481207504e-01
4.534059759143725943e-01
5.726742697426289164e-01
5.730159282820032063e-01
-1.504779656565751189e-01
8.013524468055777117e-02
-5.792977996201729152e-01
-1.008995725460010706e-01
4.648521012047898138e-01
-4.629072362890752634e-01
-1.060924043920832283e+00
-7.930347016583936259e-01
2.966348379506871247e-01
5.446586519252988312e-01
-5.985438731385483990e-02
3.428905697354650561e-01
2.122347858823988576e-01
3.591431585836623031e-01
6.965044946632380496e-01
6.277167680845067155e-01
9.910065246955054308e-01
4.772196575296557830e-01
8.251700102285762783e-01
8.811817136126788297e-01
1.091440268882816422e+00
6.947928033016613769e-01
5.597883944914300303e-01
6.082335686588157264e-01
8.720889638468011240e-01
6.443323776808308478e-01
5.530533714428117475e-01
7.789206023322156058e-01
8.570183101045788510e-01
7.709789327005488468e-01
9.123262141569098427e-01
8.384103980030831460e-01
6.248258340772193664e-01
3.569653812433158935e-01
1.010764507544661850e+00
-7.107804217094909616e-01
-9.538811847171332348e-01
-8.895997333570438981e-01
-1.983369357531549193e-01
-1.890905780687169857e-01
1.193586693704495882e-01
4.353543354816461486e-01
1.125224854584906398e-01
6.558647963577316498e-01
4.896530926005876472e-01
6.248126035056670302e-01
7.970671922619033678e-01
8.412871249842613919e-01
3.408869361559211386e-01
1.826522786681774591e-01
-7.865266061833559030e-02
-5.239409051333354661e-01
-7.905640628184449348e-01
-2.192663336691774045e+00
-1.917648761453220718e+00
-1.167643912167692921e-01
-1.485793130371752202e+00
-1.899368686088506841e+00
-7.010628535482295032e-01
-4.960781786234441659e-01
-1.175241821912891726e+00
-2.189946186999391475e+00
-1.653167231250865399e+00
-6.457381738558817252e-01
-3.088392112478502427e-01
4.406729228890315930e-02
-5.257728871628619682e-02
3.726765117979546904e-02
-4.404967881190354762e-01
-5.852502583231331545e-01
-7.976161395981118396e-03
4.172955170672879577e-01
5.325515374773285293e-01
5.005805010043721248e-01
6.039820828357910232e-01
6.004341701518233210e-01
4.962377873505198211e-01
5.157620923595583884e-01
5.922701351898362887e-02
3.641742715472550129e-01
-2.970848127592331522e-01
2.137407656060902328e-01
3.523910241765080276e-01
5.992698003717100708e-02
3.446130713759310016e-01
5.085791212680451645e-01
4.676042765830553671e-01
2.541982245996349254e-01
6.970001310718406673e-01
5.154359281347150601e-01
3.339949576922494057e-01
-4.429925601520079415e-02
3.547730277409104627e-01
-1.090356996103373222e-01
-6.044093237686565256e-02
-8.213989659022424838e-03
-1.304443033737584523e+00
-9.112942471883429540e-01
-1.172994895875757670e+00
-2.163792362850813333e+00
-1.313122371349336959e+00
-8.706646230864305558e-01
-1.384036061710334775e-01
-2.146367081505354601e+00
-1.019957883929163422e+00
-7.157307878586933736e-01
-1.845100910067319688e+00
-3.887305817948608633e-01
2.266207157603528088e-02
-2.763159266728496544e-01
-2.772370359882899704e-01
-6.965044511911253622e-01
-9.393128380049654558e-01
-8.979366174591557614e-02
-3.739382270033443922e-01
-8.286568702764547378e-01
-1.526965449809777775e+00
-1.049731929362380578e+00
-1.341237669568741131e+00
-3.207472508269185174e-01
-1.924484319819829814e+00
-9.361447151309072456e-01
-1.189578555820929751e+00
-1.345473483629263001e+00
-4.515741316552080997e-01
4.072759994722955357e-01
5.186626873909979674e-01
7.068304751776898209e-01
8.177187587143671665e-01
4.897374675316897852e-01
-4.148947687970656606e-01
-9.933395058796511412e-01
-9.848314159305849858e-01
-2.561379049183948875e-01
7.370039255249093424e-01
7.468961255315219594e-01
-4.769160080930596179e-01
-4.375316736806303952e-01
-1.577593070532479214e-02
1.849841781558269060e-01
6.133136686492440814e-01
7.891805101829861835e-01
7.232931067346332066e-01
7.295441704214350453e-01
3.193814605716921440e-01
2.217377433712336421e-01
-1.740471922536143135e-01
1.736486748386051326e-01
2.806251447859952064e-01
5.539993942237261271e-01
-6.353349454130505780e-01
-6.331546984928420052e-01
-1.935454848185326759e-01
-2.088709869653364581e-01
-3.122249711884352297e-01
-6.149578344739149438e-01
-1.268746224292721436e+00
-8.342910650480923618e-01
-2.541552089316220231e-01
-4.069025169005261455e-01
1.987790284857278156e-01
2.512006106117977700e-01
4.009917646799354696e-02
-3.902624188182735043e-02
-4.873424692218907839e-01
-5.031904844015531175e-01
-8.047868073167286918e-01
-5.802475020971473718e-01
2.046532243214577163e-01
3.894408589258894215e-01
8.828555760518141948e-02
4.148806720617056465e-01
3.027628042309579159e-01
1.301203628823829339e-01
2.587265538909592211e-01
-7.230651661106890504e-01
-5.628764081247488171e-01
-1.593063449931872544e+00
-1.779001282458164468e+00
-2.232582201572989700e+00
-8.137142312072188632e-01
-1.725557705172564571e+00
-5.517752013678758338e-01
2.683599591818610630e-01
4.798451273180549537e-01
5.799714048420131496e-01
1.594727150064042531e-01
3.311096820472324564e-01
-6.379599377881698397e-01
1.772561566405748135e-01
1.585648998311385283e-01
5.409134642971725748e-01
-5.810223792459512371e-01
-9.979212460767336035e-01
-1.402266102247602397e-01
-4.225713193286700919e-01
-1.527133424603476008e+00
-9.298537735541558824e-01
-9.273846727845231896e-01
-7.627357132428421727e-01
2.952893340458448979e-01
7.454993686980816436e-01
8.034322174794693572e-01
2.214277640197348518e-01
-2.237129737043584976e-01
-4.744024299356347507e-01
2.800950981736868295e-01
8.460017215380044586e-02
-7.620669520387108875e-01
-4.651952881762084768e-01
-5.027768811987896047e-01
-8.932272660369433570e-01
-2.840492259495512872e-01
-3.504380099736855159e-01
-4.951198561644677421e-01
-9.719299801402232486e-01
-2.164664818924812550e+00
-1.754232583106844601e+00
-6.003894891039101012e-01
-3.347557462666695405e-01
-5.841236943687527772e-01
-4.525719396148895624e-01
-2.895041612670611886e-01
-2.761808555536280907e-01
-2.634134599989427228e-01
1.113315129912013646e-01
-4.616850474105942403e-01
2.394581588015732843e-01
2.269744306047476456e-01
4.462112072585059375e-01
4.462858268148665042e-01
2.214778592252456546e-01
-3.016741244588015958e-01
-3.483183464882777525e-02
-4.088495205813481581e-01
-1.232334310316280712e+00
-2.752999441412732340e-01
-4.321421455103346965e-01
-5.750451927369408800e-01
4.990015494854194156e-02
-6.555412265056268506e-01
-5.431221096804975668e-01
1.280548283373348362e-01
7.933501643253199065e-01
8.500940482944777665e-01
7.561454289913097648e-01
7.195493468651196212e-01
2.705255070828118669e-01
-2.167429536446165428e-01
-7.640268966061614098e-02
-1.972177510928353472e-01
-4.950928389446018762e-01
-4.666258649250818458e-01
5.353102286272282129e-02
4.686734660997747826e-01
2.601842868372818973e-01
-4.460816330826740117e-01
-3.016840307877008964e-01
-1.136213367269764296e+00
-2.373249835127472007e+00
-2.221552249301478987e+00
-2.323996098283844347e+00
-2.188658856720565371e+00
