2.366045745889655549e-02
7.951849912213149185e-02
-3.815811992620715687e-01
8.136747260745202937e-03
8.275254112933916328e-02
8.893472032458427101e-02
-2.173904645104857147e-01
1.879808198286629928e-01
1.251736130230605148e-01
3.179346328751059270e-01
-4.085504873568490680e-01
-4.905095899548341798e-01
-1.717194577380343201e-02
4.624026275119702545e-01
-1.416776675983457690e-01
2.754333969805577986e-01
4.973996804966708263e-01
5.054179396558070581e-01
4.229004735337188459e-01
5.184922018409811040e-01
4.229602406036990780e-01
4.011778757382121752e-01
5.288637790789675330e-01
4.871436083174632836e-01
5.550509944272562501e-01
4.257227285240398063e-01
7.205853292356533268e-01
1.197448220405218366e-01
2.321897582579284247e-01
1.254068810636705944e-01
-1.549036164042535413e-01
4.171587468386471764e-01
2.784091024913368795e-01
3.654348631958092009e-01
4.815648942970535140e-01
2.555297888795533545e-01
4.683687331929854425e-01
2.409463522019672510e-01
3.235609612310088590e-01
2.146778571164067451e-01
3.293075975368421338e-01
6.265731679424196843e-01
2.700166370407738325e-01
3.673485036555013128e-02
2.088622862105599109e-01
-5.495379280146872603e-02
1.192158467804419475e-01
4.891709518787304978e-01
3.460933450020150515e-01
5.026763419372489716e-01
6.799231346404369658e-01
6.674198239159988555e-01
3.389150304860222285e-02
4.604367323231589593e-01
2.265457698106497775e-01
3.681005332275827380e-01
2.725251493131323199e-01
-1.386719814883282664e-01
6.007549432880118223e-01
3.738326515963367180e-01
2.700225233127599989e-01
-2.403102738047288023e-01
-2.110202448126635710e-01
-2.341560176637721424e-01
1.996468341340578156e-01
-2.974069860771860752e-01
-1.251593758850755300e-03
-2.336893826041486211e-02
-3.848707819683934162e-01
-2.875982127921358211e-01
2.663457935432237411e-01
3.732196011489087306e-01
8.377720644335062694e-03
-3.578619672961835807e-02
5.181498425316292122e-01
-1.322242677018331536e-01
2.551354429362352461e-01
4.306123559676725554e-01
4.736278945264343898e-01
5.261509585137883471e-01
5.520919619219101238e-01
6.191268351904130052e-01
6.063627952913407393e-01
3.956317177152662845e-01
6.087161660929650830e-01
6.572307278048320489e-01
7.686480542478287825e-01
6.699793559236760787e-01
6.141898431958222604e-01
6.039860849203210202e-01
6.928728103290123785e-01
4.365090249857513927e-01
5.210800365141109447e-01
4.658244097970366537e-01
-2.072986470693276573e-01
8.882813494921271147e-02
4.996872736443328522e-01
6.238343559076789946e-01
6.695828677879159807e-01
7.354459350259731076e-01
7.785729230080374874e-01
6.497418878751640703e-01
6.345024352444520455e-01
3.959260927141551312e-01
6.087606321780000274e-01
6.367418776296299709e-01
8.219553359146850591e-01
6.724704341927726370e-01
7.509003064404901062e-01
5.884977557298641804e-01
5.859466487848205007e-01
6.471637590367681492e-01
6.598794784753471143e-01
-4.728722022698877980e-01
-6.956582173311235406e-01
-5.009421266242645165e-01
-5.146000917634716565e-01
-2.345125213969002642e-01
-3.279757988060214569e-01
-1.587132400330628634e-01
2.690400552969895998e-02
7.945423880598223576e-02
-3.007295263938429830e-01
3.428419129986617353e-01
1.100789834778771459e-01
1.910172043694957633e-01
4.171304069005229431e-01
6.060688273137039284e-01
6.035177576210851713e-01
3.207827734452115553e-01
6.696480826941472175e-01
8.298388851294086210e-01
7.154537350551845032e-01
6.216918895719979465e-01
6.598664209086778643e-01
7.080809030099289858e-01
3.958042483803428935e-01
5.262216402780440783e-01
6.521448348225945546e-01
3.656115800116969128e-01
7.889455475429084652e-01
-7.363108998275289530e-01
-8.630645468081090677e-01
5.174339139455516046e-01
5.674053593271880525e-01
-1.010843202093758997e+00
6.029548983183400379e-01
3.429151895127341421e-01
4.814126952828569062e-01
-1.855281928135995351e+00
-2.264468099283677205e+00
-1.406254854044498126e+00
-6.008010347190105849e-01
-1.116961986947492491e+00
-2.846767534662308918e-01
-2.911599419239826458e-01
-1.306976183100756694e+00
-7.819998036997976021e-01
-4.707495075722299971e-01
-3.552976760533771428e-01
-1.661592670052113085e+00
-9.848119450836438915e-01
-1.788604192465418352e-01
-5.231065073452390024e-02
-2.677236043446532543e-01
1.993991072111824803e-01
3.539060672205646130e-01
5.750415234353268845e-01
6.440709485220043051e-01
6.113694368979768479e-01
7.889368315977273172e-01
4.473089293308060155e-01
4.091930416142474103e-01
8.066380102303997157e-01
6.775210976217197478e-01
3.544680758039935320e-01
6.568901853772711741e-01
6.849624630731431241e-01
1.617113581554985302e-01
7.380823887924655713e-01
5.651137180650044334e-01
7.659682225384144560e-01
6.927768362801690616e-01
-4.489603020813838219e-01
3.898759453110570705e-01
3.513983302198537828e-01
3.955083058384781802e-01
-3.039060873365253546e-01
1.131666450517988531e-01
1.613468901464023553e-01
2.724281532280352636e-01
6.059839766661762051e-01
3.873977551563457800e-01
2.611604993563414467e-01
4.362030940857871686e-01
1.193955959073835782e-01
-1.130556574685599447e-01
1.522976372245046228e-01
-7.847015934852026309e-01
-1.881070283674889376e-01
-4.972948786895414752e-01
-5.212501767110699902e-02
4.384402440257840761e-01
-4.391622495541757099e-01
-8.417601394066154263e-02
4.851664041569314634e-02
7.120199818913576228e-01
2.751942077567491873e-01
6.564504558960960745e-01
1.129943374802993450e+00
-8.077863558110287556e-02
-2.582462383690140584e-01
-1.776382430283018898e-02
3.114745333074943057e-01
-1.489141040503314528e-01
4.888426652851615151e-01
5.801269577933464427e-01
3.870944634799914352e-01
6.211079558905973075e-01
2.981894089888431632e-01
5.077385263663359849e-01
6.443455495567677049e-01
-3.742415790860006419e-01
-2.007378605028648177e+00
-1.299029017561365018e-01
5.975569482304777802e-01
-3.906516595794606861e-02
3.318139663775927506e-01
-3.899173910484354799e-02
-2.841168528124882187e-01
-5.382230875055432628e-01
-1.184776001774210830e+00
-1.855976134404512479e+00
-1.356780532151823815e+00
-9.679755706600975396e-01
-6.415962875892797790e-01
-8.632398873239576220e-01
-1.200508943998679356e-01
1.249188053765090123e-01
2.664550240098177980e-01
2.407527879366198054e-01
3.037994902034485412e-01
-1.681590893189530700e-01
-1.126280303172618069e+00
-1.399813129428384650e+00
-1.210954082763730622e+00
-4.978977401767271660e-01
-2.180920496261161690e-01
-6.514486725264270195e-01
-3.786450672457358779e-01
1.877452625179150125e-01
4.008783373906831260e-01
-5.173137403412442215e-02
1.702974382520514585e-01
-1.089999259019219124e+00
-1.424658950344296349e-01
-1.161978382859473191e-01
3.979273884229007630e-01
-2.842626950305328082e-01
1.249877420750820090e-01
2.779493781429259736e-01
2.495187618309381294e-01
6.899403426105862325e-01
2.264143810079268793e-01
5.806464971014746457e-02
7.328555161679478624e-01
9.850686790304511442e-01
4.445108253203101656e-01
5.469603947517783782e-01
-2.325311586855727253e-02
6.109522191684969572e-01
-3.407303834183439406e-01
6.116542883391851149e-02
8.258698219924476280e-02
-4.866260621291621513e-01
-5.964563341279480735e-01
-1.717116676050201018e-02
-5.759610329307399690e-01
-8.458363206727320671e-01
-1.017569109572389774e+00
-1.392981427577352216e-01
-1.000841811156965466e+00
-8.154777203807924701e-01
-8.765931623290812436e-01
-6.103435289992995560e-01
-1.093572255598624032e+00
-2.778701563986413214e-01
-7.814470783937821352e-03
1.370224010530611825e-01
-1.135866374189174355e+00
6.374170001442325262e-02
-4.563577975828845279e-01
3.372292335760175286e-01
4.468064550702443016e-01
-5.793338009337822836e-02
3.569452695029458056e-01
2.840915346759981253e-01
6.392816586059425488e-01
6.877305454864396372e-01
6.522825046174928199e-01
1.347165196676796128e-01
4.710233443769354933e-01
3.969771921148324001e-02
-6.716035261273025636e-01
-1.197697644552887741e+00
-1.811499726208518624e+00
-1.204718397397308571e+00
-2.302241923854777994e+00
-4.027516277680580625e-01
-2.409985180903693625e+00
-1.185595534123977002e+00
-5.969887627427187260e-01
-8.360334044256121366e-01
-4.430794377632296666e-01
2.575447844351971272e-01
1.190940309063388547e-01
4.707121775088697335e-01
2.727933119261755079e-01
2.984309983927653231e-01
2.089267292011427468e-01
-1.353682276006141771e-01
1.879688350946844277e-01
4.360544959311397628e-01
5.077909869104594298e-01
5.313810279111629287e-01
3.457631225433506206e-01
-1.935046274042611536e+00
-9.614608899273561216e-01
-5.288565799757837249e-01
-2.229361015341932095e+00
-6.076745562433861769e-01
-4.195685713013502793e-01
-1.686400054287257033e-01
3.174279394876097227e-01
4.386908012418190284e-01
-4.288266792800207172e-01
2.028343606770490748e-01
1.784452850256967871e-02
2.581120843151960553e-01
4.907364104011069372e-02
5.190981758307533500e-02
-4.852642584711486240e-02
2.262328477338194643e-01
5.179654240732319836e-01
1.938835589441785245e-01
5.700209751935166880e-01
6.113049063717933551e-01
2.552133406895806811e-01
4.199885885578024114e-01
2.262517369257337485e-01
4.572357673698291824e-01
-9.981400030479570251e-02
3.486633037356365872e-01
4.945977915048028750e-01
-6.646856336255972941e-01
-1.425580637615289081e-01
5.143468846902887748e-02
-5.009022958459380392e-01
-3.144680253970701944e-01
4.113741654139496662e-01
4.920112619671369592e-01
-7.705296226708060470e-01
-1.324194379027274771e-01
3.706605135335824253e-01
1.821869086720638853e-01
5.545355263349632802e-01
3.180110738914431190e-01
2.496211482969228346e-01
-1.386030394863115855e-01
5.726615623457868010e-01
1.341360303502661555e+00
4.041263035147868443e-02
1.378685299257275121e-01
6.242200148493203260e-01
5.755963000306693056e-01
5.961455760142125859e-01
6.012265035321796569e-01
7.637235724288117256e-01
6.370882762437920510e-01
-7.366469279290177585e-02
-4.696255111822045247e-01
5.807518733501171315e-02
4.199758175751809874e-01
4.281337436588678047e-01
6.216410959698516203e-01
-1.024780105281630771e-02
5.052715947378364492e-01
6.651014302627465957e-01
3.241787178502196776e-01
5.055924842692506305e-01
5.578387519641921921e-01
1.470541150819612009e-01
1.469359288196101510e-01
1.825416286575871627e-01
5.210740163278447801e-01
-6.131772647870379345e-01
3.149832019608818090e-01
4.974470196942447631e-01
3.406359956957890622e-01
3.929512813369276936e-01
2.382394524937214708e-02
-9.671280683646700238e-01
-1.981923499263273936e-01
3.032254514454669758e-01
5.438459850561417896e-01
-2.908044884129759033e-01
1.371095578125833825e-01
1.312939934688306387e-01
5.809253210960418912e-02
-1.513888268372329371e+00
-1.139812676860003204e+00
-1.330833425873416687e-01
-1.393018637095314594e-01
2.287789741487309403e-01
2.548658796102165613e-01
5.123778932294859034e-01
2.951646133192323829e-01
1.132491403927767815e-01
-4.186812843837531828e-01
-1.610015387346143356e+00
-9.731041805219442509e-02
-1.163663699606847235e-01
-1.716998711841188907e-01
-1.302851881920125132e+00
-1.258900705450775703e+00
-1.520144316151536223e+00
-9.510482285453286666e-01
-6.243426148643029805e-01
2.944930252174329244e-01
-9.050591815967656828e-02
-4.697872559253434277e-01
-9.971449181188217770e-01
-1.064218887401113811e+00
-1.786537597836039826e-01
1.338627644386241045e-01
6.740991851602960994e-01
6.335886435187206844e-01
4.468595134020519888e-01
4.708476603048229459e-01
1.470908664961945167e-02
4.334901568575345587e-01
-3.814010934567003686e-01
-2.941920508482774865e-01
-2.210117144897264518e-01
1.431440866898459063e-02
5.204827599746849609e-01
2.608139016466759497e-01
-4.800688495300590164e-01
-1.097579344393009304e-01
4.116206462874983929e-01
5.981717809580381351e-01
7.710990506070266592e-01
8.762493106391434639e-01
7.080859656679213687e-01
7.082476180620406181e-01
5.394551703991871117e-01
4.946335934948097313e-01
7.049991632067268421e-01
6.872923574824555404e-01
4.387847560821106496e-01
-1.047116061408956078e+00
-1.487416300502026445e+00
-1.014663283045017739e+00
-1.018038811828942070e+00
-1.830016618842368548e+00
-1.312944165753957559e+00
-4.264854690908492785e-01
-1.178633102510246777e+00
-7.269981479761049581e-01
-7.576605992735665485e-01
-8.732599548837735037e-01
-1.939590864465742470e+00
-1.424193551089731447e+00
-4.094831883910969861e-01
-4.532684690330425203e-01
-1.165082224679058198e-01
-1.093546073734894986e+00
-6.825596416877538486e-01
4.384759362717427500e-03
-7.155555378636890840e-02
1.934203207854990891e-01
3.288823570161054644e-01
-2.326767666619156127e-02
-1.755014810852172147e+00
-3.687996730209526230e-01
1.064502534266806855e-01
2.518669216281864687e-01
-1.488654792512066338e-01
-2.376110342778677831e-01
3.316362840406024137e-01
-4.595478309027387631e-01
-8.407375495006963462e-02
3.952819751255297609e-01
2.709414934607956571e-02
2.722641195590790320e-01
6.366044973770211834e-01
3.928779715777467318e-01
5.340804029798179586e-01
5.574032788879984546e-01
5.549340495578777288e-01
7.636873076653113435e-01
1.408889230877327092e-01
-1.033672234264628953e+00
-3.482736346844228503e-01
-3.643773048577347851e-02
4.114000209198976910e-01
1.554712088678653625e-01
-5.486998736512646024e-01
-3.616932798995921017e-01
5.228722129033530619e-01
3.609688791826992649e-02
5.670904455191033700e-01
5.493659843849424407e-01
-1.551451889949834184e-01
5.073909549457057411e-01
4.009171303342312642e-01
6.948532312949137202e-01
8.476422283222858622e-01
8.918094586837531645e-01
6.115925063363810699e-01
6.471112201876775272e-01
7.053915582738289336e-01
4.420336445388642899e-01
-2.288101181705404219e-02
-1.465589437460421918e+00
-9.002981633349328439e-01
2.167865467715061056e-01
4.275630782551599340e-01
-1.513848172358577049e+00
-6.655286757489223826e-01
-5.320016698737820571e-01
-1.785447397621175991e-01
2.404191469455756458e-01
3.205255323716118543e-01
-1.572545123779285348e+00
-1.845815848345933041e+00
-3.756639570975807141e-01
-1.417985570876979518e+00
-5.422118731672432856e-01
-1.236623751848573427e+00
-2.143375712391192511e+00
-7.378355247617498502e-01
-4.776526780035126318e-01
-1.070831905722423594e+00
-3.014705907982784261e-01
7.919718381491280823e-02
-6.174388974678590714e-02
-5.519183945908414657e-01
-7.122694281574570851e-02
2.999359413548419173e-02
-1.537460328127032705e+00
-6.379722099136658775e-01
-3.990152850720755096e-01
-5.044065962771452361e-01
2.022648472889614357e-01
-6.377262090209140366e-01
-1.827089152708523567e+00
-7.441927734766586866e-01
-1.787348271338278227e-01
-5.385234809611916251e-01
-1.327709146917581684e-01
2.200518446435557607e-01
-1.145862959057761366e+00
-1.106965554374565563e+00
-2.067362975845832285e-02
4.460295326914406333e-01
3.286991095469981028e-01
1.908783119972823350e-01
-1.683835301847442789e-01
-9.303207168310621000e-01
-7.372274345549808539e-01
-3.654966986975394239e-02
1.128344911205330092e-01
2.519115775772947652e-01
4.249591958667046088e-01
-3.478127415415362966e-01
-1.096962487630621652e-01
3.648724938948614271e-01
2.752190888966826732e-01
4.412109552737065732e-01
2.807284674223979870e-01
2.082931702285831799e-01
-4.155980234640543891e-01
-1.808784633210668513e+00
-1.564368619284143280e+00
-4.878518866743918325e-01
2.571603572149350203e-01
1.351990175590844778e-03
-7.916316235857332462e-01
-7.746759099263742510e-01
-3.115632449992087327e-01
-5.149362310232672435e-01
2.369022299237240059e-01
4.164790894471385174e-01
-2.381238832173432352e-01
1.962002005588180387e-01
-1.010800372429770722e+00
-1.296644531965748248e-01
-2.777463094245593567e-01
-8.799187147679895515e-01
1.217242756217506994e-01
-2.875068109664684624e-01
4.463860738900543579e-01
4.838670830336223583e-01
6.313122733314887602e-01
1.255491579967253912e-01
-4.100783267696583856e-03
-1.073594219065445499e+00
-2.377403701201920017e-01
9.153015302948797061e-02
2.433024844347699833e-01
3.176142389912589570e-01
7.925816463254942157e-02
4.164884836144887581e-01
-2.406721467461497177e+00
-1.499895213976286446e+00
-1.871675548589469162e+00
-1.692552267968709501e+00
-1.322267738812071158e+00
-8.090918555409301050e-01
-9.476842734901403942e-01
-1.966609657721064774e+00
-8.192538267696906074e-01
-8.326043080462818269e-01
-8.461316208131757222e-01
-1.374882090442783200e+00
-9.742913809544158088e-01
-1.255662773627529871e+00
-1.204493088160850434e+00
-1.636026522832072949e+00
-4.433173612854209855e-01
-8.164297717123458753e-03
5.224601517896848568e-01
3.455376331595566564e-01
-4.629915884142055127e-01
4.248510119547044273e-02
2.087219376513683722e-01
1.703820443088089887e-01
1.673248668646230009e-01
2.697749378278335719e-02
2.230234169907620023e-01
-6.470494565786966135e-02
-1.397457731510232115e-03
2.606667965490281347e-01
-2.875603960872562537e-01
-1.543349631130964017e+00
-2.015350135701295731e+00
-1.469932706535053146e+00
-1.758267438810326322e+00
-1.178914009157971510e+00
-1.037821568095960822e+00
-6.551111408190545271e-01
-1.223818402590798105e+00
-9.609183232595179813e-01
-3.754371999574244168e-01
-4.160157793319015918e-01
-1.178495484022586748e+00
-9.642967437747763659e-01
-7.918964279102884696e-01
-2.697959194613608336e-02
-2.112182761881326032e-01
1.189601920401158752e-01
-1.715596929438559792e-01
1.252061340325484329e-01
1.010277341823049291e-01
-7.467517171363721173e-01
-1.487865861006644197e-01
-1.066306117812780840e-01
1.341396240777108506e-01
-1.616737252097060207e-01
2.723268718833218305e-01
-2.143006749903948460e-01
1.997326672263985969e-01
3.346496242106703489e-01
-1.064299289775900714e-01
1.820460775477797943e-01
2.752736296810475158e-01
2.667127954515757793e-01
-5.108310276177809861e-01
-3.008404093967069759e-01
2.066122359031108413e-02
2.836443743047992738e-01
4.438196458131834499e-01
5.155931313991236609e-01
9.194752230700575790e-02
4.438290553342302269e-01
9.191925616619389672e-02
6.083667312037311925e-01
5.103404450624325905e-01
2.737321009225368584e-02
4.656995171413925716e-01
1.254770408003776927e-01
-4.526925577725104954e-01
-2.942959817905840270e-01
-1.445710196018957783e+00
-1.954508664260692363e-01
-5.045594059802579467e-01
-1.720991496225713346e-01
-1.164206650548985644e-01
-3.278165783780093712e-01
-8.492260131487936459e-01
-5.762543388428540414e-01
-9.439717867625846415e-01
-6.825790280344179450e-02
-5.655414848858290044e-01
-7.122453197621059218e-02
2.835387610358440780e-01
2.981001251021817566e-01
2.896691345679862639e-01
3.597815187277115800e-01
3.237224955933079018e-01
2.496788281251350883e-01
2.868612680081500388e-01
5.388424253688445242e-01
5.363726056401610931e-01
6.112156136942200613e-01
6.773138260958436740e-01
4.576114422315072927e-01
-8.676528599637878258e-02
4.172788079239296843e-01
4.788941163718792859e-01
1.798087577299878337e-02
-1.673046085949059236e-02
-1.549257510013025696e-01
2.320481464443779895e-01
-4.492739546621614677e-01
-1.552824089281885644e-01
4.238270387249143401e-02
1.099885863656070439e-01
-8.558214654141611533e-01
-1.326190407024840923e-01
-5.208495723068684580e-02
3.287451546033980376e-01
3.034778799920478942e-01
4.224474641773657835e-01
3.624347389816398035e-01
4.786692824890738107e-01
3.651381091848678873e-01
2.810019417525598806e-01
-1.988923622748006714e-02
6.440958769796867323e-02
-8.694119809074082328e-01
-1.065856654936411241e-01
4.279286010541994978e-01
6.736756000438381964e-02
-4.394011675698711317e-01
5.254632420245580748e-01
2.748709686898826998e-01
5.022845203855680341e-01
4.440569429515927036e-01
4.840668506239339530e-01
9.521078502945423683e-02
2.783921228122959723e-01
-2.505165117787896412e-01
-1.749409091236336700e+00
-1.284450656548807412e+00
-4.740286126660577803e-01
5.140047217494803089e-02
-3.943935859289171564e-02
1.965396069424619752e-01
4.864560369018222641e-02
-1.815869220895280911e-01
-3.817961230497443070e-01
-5.524969686872605035e-02
1.372376212104694515e-01
1.402399681482542348e-01
-5.825973608518753011e-01
-9.066392225817219153e-01
5.452964035834195755e-02
-9.368127785691848786e-02
1.341722781789852492e-01
2.809058679800076064e-01
1.761330195562167411e-01
2.203338622125319279e-01
2.838805926378988875e-01
-1.738555321630028239e+00
-1.627665356744110392e+00
-1.484543896123141415e+00
-2.415832125211000436e-01
-3.314974757616093726e-01
-6.685879271682999558e-01
1.067752785244595604e-01
2.606228210973804416e-01
1.969341892964489027e-01
-1.099980352043061771e-03
-9.344410155706828203e-02
-2.407447607624545460e-01
2.693398728315606894e-01
8.556531610073392358e-02
-4.223711459977164129e-01
2.045676897268566830e-02
-4.257961442841965427e-01
-7.093924384181764520e-01
2.831282793134324294e-01
-6.171238649560286671e-01
-5.281253499902678339e-01
-1.687505337572321462e-01
-1.661738864222247702e+00
-8.533107960768289146e-01
-4.536435040275338393e-01
-9.413387138748352534e-02
-1.914265671640262845e-01
8.542621651028370344e-02
7.028655224980573379e-02
2.807762133063650412e-01
-4.801093334502711807e-01
-3.581352691071320038e-01
3.300767497828971386e-02
3.624690791585738481e-02
5.256501239814518334e-01
-2.275160235640588668e-01
-4.463377357911680887e-01
1.249258139323916605e-01
1.967405693575887682e-01
4.115556374491621261e-01
3.623926575722594690e-01
2.203776481463254333e-01
4.547272298185150996e-01
4.972457813563614382e-01
6.519764426570949789e-01
4.281705782276353789e-01
2.669068660231352919e-01
5.365554221902556487e-01
5.079031504238508132e-01
5.104910863448718361e-01
-2.293950625691909551e-02
4.760952523651983403e-01
2.896910447793425991e-01
3.928829283023721475e-01
3.626314953184774925e-01
2.754719032782103616e-01
5.394459742690038695e-03
3.264029358369323619e-01
4.280121006511846682e-01
1.703727860046744258e-01
4.762173876774317138e-01
-7.715117318602693341e-02
1.041359412401774431e-01
2.204236518530842126e-01
-1.321011397458378145e-01
3.569518353916829589e-01
4.388527553298283701e-01
3.038941912397217227e-01
3.979162110557808996e-01
-6.784969356602221779e-02
-7.745855722091710138e-02
1.489337583430002665e-01
-2.015671728385359796e-01
-1.252382745829216271e+00
-4.569500776549456633e-01
1.243878284274548829e-01
-1.819392236442785027e-03
-1.564313657412140790e+00
-1.495298039902095422e-01
2.488502045135693175e-01
-9.694769497695310267e-02
1.877713321562761717e-01
2.607713656531763791e-01
9.473942255254130806e-02
3.455883272933137906e-01
-6.819642865121920972e-01
-6.890244635116318239e-01
7.924830304908847545e-02
1.037339577621780862e-01
3.287026694040080521e-01
2.809792985102483875e-01
-2.974385733783939667e-01
1.612130214216461743e-01
2.550762173827381130e-01
-7.843979850519019470e-01
-1.638677159733031186e+00
-1.100436545089571450e+00
1.366475895563725729e-01
-5.850985337983038992e-02
-5.197123175492723846e-02
2.377959738244266319e-01
3.346176698574099273e-01
-9.338738187733297558e-02
-1.229655596083778946e+00
-5.181216036627778188e-01
-1.915742368982643606e-01
-1.296685815874053294e+00
-8.769592520901037247e-02
1.460721310663594119e-01
-1.848293529929079249e-01
1.580973260196075758e-01
-1.706479305639985178e-02
4.575400637236826107e-02
3.899350992819649031e-01
9.509542222544375978e-02
2.811173747892551367e-01
-1.386432536942218130e-01
2.495124626537269519e-01
-2.939388569683121233e-02
1.703239259445111786e-01
-7.416857763977402485e-02
2.708290833562132516e-02
8.889600548848675121e-02
-5.314075097663373271e-01
-1.027434820073847899e+00
-1.954635995813485128e+00
-8.872851681662663470e-01
-1.439479581454547574e+00
4.084926862671478531e-03
-5.865831648978343527e-01
-3.583605695158702531e-01
-2.311468502539697489e-01
-2.642760144789509935e-01
-5.553962471734738005e-01
5.777601933675591273e-02
1.370570301082483233e-01
5.494963433499522321e-02
-9.200256953149343886e-01
-2.542564511638317759e-01
2.367647449035659157e-02
-3.648332730168073468e-01
-1.771130511549158904e+00
-4.534775949532322548e-01
-1.231462501875177917e-01
-6.171296145309647097e-01
-2.943736257299189862e-01
-1.463105269568836464e+00
-1.252727814847177656e+00
-8.327822251410286203e-01
1.183905483128669944e-01
1.725681249060795341e-02
1.938078010247278327e-01
4.572783956002949290e-01
5.391032058271681970e-01
5.701483121412803667e-01
4.334483002971408760e-01
4.813384816783138342e-01
7.201263584450187105e-01
-3.542451741540013632e-01
-5.511773647641549090e-02
3.091579037780407546e-01
7.629614906579030853e-01
6.239064397557624320e-01
5.879217070811849633e-01
4.813172769786305816e-01
7.199651468763180739e-01
9.018369248221657086e-01
5.830522973171207157e-01
6.187406832083698349e-01
8.303725479944523702e-02
-3.174772073290627050e-01
5.776307014082970870e-02
-2.177596903639867909e-01
4.623819717628879777e-01
5.748236107841097065e-01
4.997493736067745163e-01
2.438834708626936854e-01
6.135744903100098790e-01
5.702284381892500642e-01
5.104118072216757840e-01
1.194179211770778348e-01
2.465507637141022279e-01
4.332822510719790410e-01
-2.074932547720973464e-01
3.205295774352185934e-01
2.115778898024953669e-01
3.262178348331373767e-01
5.129837840366607837e-01
5.676253226505681981e-01
-9.937281084321243352e-01
-1.077405664378622507e+00
-2.479949601272392057e-01
-1.093705039134335255e+00
-7.168936422261780184e-01
2.020493983955885531e-01
-2.277706225575115706e-01
1.491604750391843925e-01
4.276939282244786034e-01
4.546711133330131327e-01
4.998000726680379424e-01
7.351651745198864996e-01
6.238876506010128109e-01
1.006587164722377192e+00
4.252151904491062728e-01
-1.080238564593801298e+00
-4.670947422467928156e-01
3.170708295635044083e-01
3.230057897827727231e-01
3.868159905046543168e-01
3.120842499155089822e-01
5.127336615372329875e-01
4.972673853935306587e-01
5.571688609594210861e-01
-4.853263337858548798e-02
-6.991719417233360767e-01
3.584119309841016232e-02
5.305579244226238389e-01
3.484152533011165565e-01
6.235436103381951645e-01
5.697717577931814548e-01
5.698523173463171387e-01
2.086994841878950790e-01
5.025024725318992802e-01
4.200534777054217850e-01
4.250962979331281977e-01
6.466604308115025956e-01
3.176698359611502820e-01
1.281968481102503388e-01
1.905877769358392815e-01
9.677890428155470071e-01
1.006195399108101185e+00
1.050696751378839444e+00
9.715623971757391120e-01
4.927381379641427861e-01
6.703496505771210368e-01
2.004024542841165157e-01
6.596983979733465064e-01
5.106656565394102065e-01
7.939956187230899909e-01
6.825006604920892395e-01
8.348403286396178791e-01
8.763135001908147759e-01
-4.286051206684053927e-01
6.288705281441543393e-01
3.209427131230645491e-01
2.583849966822370225e-01
3.946923103506994046e-02
2.201401681626375950e-01
3.400370275885284954e-01
1.820989789555823579e-01
-1.746925447270543108e-01
-1.096796532224351139e-01
3.732549159490502477e-01
-1.911775754979052611e+00
-1.054655482572179004e+00
-3.183988887378140786e-01
-2.182319502901701735e-01
-7.782676662656184963e-02
4.006503995547275876e-01
3.234233410388455132e-01
3.677621323950207577e-01
-1.567159930398217993e+00
-1.461798642013669713e-01
-5.216176440253668112e-01
-5.182233758277493552e-01
6.058785530804511321e-02
3.947915941728555866e-01
5.075214830996347404e-01
1.374390867730367338e-01
-1.000331148662254588e-01
-1.053836229555697113e+00
-4.055985864824013243e-01
3.600030998996550657e-02
-1.293108210043516504e-01
7.932876231380336929e-02
2.692665593122659518e-01
3.843722121627944910e-01
3.705946865796466705e-01
-1.520297784609103697e-01
-7.627863030264525612e-03
-8.797467775191575301e-01
1.427725865517419646e-01
2.461319289002157351e-01
-4.733290787401446265e-01
-8.085482990742586251e-01
6.689364755761106895e-02
1.309755057263071176e-01
9.781359161522695800e-02
-9.803184796621379204e-01
-1.080424210232125537e+00
2.285954276059924961e-01
2.779708460754233279e-01
-9.436156496180598818e-01
-5.387046734330214193e-01
1.095605553054658232e-01
1.038561580806770523e-01
4.651891089700966875e-01
2.378229013285872995e-01
-8.691543850434703122e-01
-4.260338059912283093e-02
-2.078481546011939907e-01
-3.276933528993298816e-01
-1.142894945556532704e+00
-1.232126124354365748e-01
-1.295820633231131724e-01
2.946191682248713306e-01
2.920921702930385777e-01
4.139039089382846592e-01
7.043696846269732470e-01
2.809130636286061300e-01
6.541134615678704245e-01
5.621240682769778063e-01
4.415275762718967600e-01
5.959825808579183315e-01
1.012192391685063253e+00
-2.398847717050855977e-01
4.547180009839696391e-01
-9.062928892339882081e-01
2.053493114595781321e-01
-2.911341140726070309e-01
4.328143843012389747e-01
6.434050012930370155e-02
-6.444451862143019127e-01
2.669789741268846495e-02
-1.258300919986845567e-01
-1.944729041459366536e-01
2.202487443908439646e-01
-2.440885247901758426e-01
6.236352580797045464e-01
6.267515388558441147e-01
-4.216826340800133854e-01
-6.819707856510496269e-01
-1.444924584686460900e+00
-1.126576275596024246e+00
-5.729650546895458385e-01
-9.641944019756866213e-01
-5.239328030324874597e-02
5.770570908479144556e-02
2.720329399839170881e-01
2.493913843492543414e-01
-1.646396959374132329e-01
-4.155899049063896955e-01
1.190440141759477877e-01
1.221485393982161272e-01
-3.985407860405445479e-01
2.836748680996471483e-01
-2.540135015321940415e-01
3.456054863686989220e-01
-2.002117121449575876e-02
2.839707541232745491e-01
-3.142079013003548082e-01
-6.547251372834389516e-01
-1.358434874383012136e-01
8.258246478239461563e-02
1.432620728762952211e-01
2.203625727474158857e-01
7.048011965031261150e-01
5.440714246171373114e-01
6.086038818430400399e-01
4.442517883505386900e-01
6.061559902150862600e-01
3.683117199248472362e-01
3.376019772694658361e-01
3.264531544907260940e-01
2.555030617348061917e-01
5.078289529886897968e-01
3.667106920907703405e-02
1.643354468231625898e-01
-1.239230970297514389e+00
-3.950627802777539888e-02
-9.371795106030559319e-01
-2.114341244961958077e-01
5.781136585960378049e-02
2.434129870073531432e-01
8.257344550135647943e-02
4.247939558769547874e-01
2.345738329040465420e-01
3.203378443384412577e-01
3.457197289229185788e-01
5.594543248046476291e-01
2.115032260300021560e-01
8.552470475930251670e-02
4.274940743550198485e-01
6.182005980790693522e-01
5.567518696477414819e-01
6.234791523180104322e-01
1.130818233652974847e-02
6.541206429542453238e-01
3.652447856141202154e-01
7.302929787112276694e-01
7.228106301580764503e-01
7.760633800265100968e-01
5.212195591892890834e-01
-3.406494145653644612e-01
-5.861058700609426131e-01
-2.676847715010377549e-01
-3.042507565592660335e-01
-2.371085665975569690e-02
1.519065803312743546e-01
3.204081212725480299e-01
6.669252593324875855e-01
6.723512060058628448e-01
7.712396162573310621e-01
4.230838373430053645e-01
2.267437498686378783e-01
4.173826996698358771e-01
4.389237663089325947e-01
5.287567049770941496e-01
1.763017457719158188e-01
6.237533533910414318e-01
3.264866111799251680e-01
2.841168152257075308e-01
3.983884636809414959e-01
-4.151594969054631656e-01
8.560008127206386597e-02
1.938696260849912534e-01
-5.414575762409794546e-01
1.728214639074030501e-01
-5.850934898882198532e-02
2.687561908061586458e-02
-5.655346633471169948e-01
1.219903367992782872e-01
2.665048807147639698e-01
4.171425368683229218e-01
3.682140950349207520e-01
2.146695812139384207e-01
-1.029780244994802363e-01
2.029222036658439032e-01
1.791867688742347919e-01
-4.906083818038858846e-01
-8.933964998249398493e-01
-7.234801046728898122e-01
-6.892502522290092637e-01
-4.601913561273108799e-01
-4.961513507400150402e-03
1.400844481069074554e-02
2.947979325330276623e-01
4.624504154664276223e-01
5.955693380695287198e-01
6.921735798973692733e-01
6.059275996929877062e-01
3.541714737946830560e-01
3.650791812794459412e-01
2.233034088225813729e-01
2.465353455730691090e-01
4.624379361716050019e-01
4.006640501627182216e-01
-4.855900242474420203e-02
4.944711548577510607e-01
4.573595082394928957e-01
6.363981338151362133e-01
7.200065701498462589e-01
4.415383195322722942e-01
1.940357745154241975e-01
4.360398253075353781e-01
2.897191963276152249e-01
5.130656148723536925e-01
3.984539623797181962e-01
6.765859018510722578e-02
1.134220516899250297e-01
1.585210967236280188e-01
1.102875741902710205e-01
-5.243896501066491744e-01
-4.157446919274857544e-01
-5.528806060835556035e-02
-2.013147184968808734e-01
-1.066580508315360110e-01
3.063831283058259247e-01
2.084123309737873075e-01
5.308856868236510040e-01
2.350518649969211005e-01
-1.713129504801149672e-01
7.033833543425038748e-02
-5.211557025360116224e-01
-6.858295198295580875e-01
-3.616783311233291442e-01
1.101655898223041774e-02
6.400723818613351934e-02
1.908940483898425855e-01
8.259884965068053919e-02
5.507742213522193175e-02
3.899105629939981776e-01
4.921141167140644646e-01
2.727010340896636187e-01
1.254279685952413015e-01
2.897360916999365266e-01
1.160905447559428261e-01
2.406484505599099100e-01
-4.731004715059531351e-01
-1.065261957335337240e-01
1.522053162842541552e-01
2.087142682474020239e-01
2.718803321888085822e-02
-4.256030442947578152e-01
3.897427368582940810e-01
1.466765702712196084e-01
5.857623084681432557e-01
5.079994951756582333e-01
6.166294829570856395e-01
5.987309444498271072e-01
4.632355789898404685e-01
4.013357749593430279e-01
4.738508572387226669e-01
4.763637815391023045e-01
4.281284100825329952e-01
-3.505438323642187104e+00
-3.506089356879428465e+00
-3.499511605094610456e+00
-3.503918791128572519e+00
-3.501137164065266205e+00
-3.503309375441443052e+00
-3.492929543958819494e+00
-3.500860754253913854e+00
-3.497968622156043317e+00
-3.486479940507410724e+00
-3.494789673687754838e+00
-3.474371097727450231e+00
-3.449132280035089870e+00
-3.465962159294585287e+00
-3.472907527992042720e+00
-3.497881861455217400e+00
-3.502505934232322371e+00
-3.494134446574241437e+00
-3.493151911523761477e+00
-3.491999207680400286e+00
-3.484973613669247072e+00
-3.475357575886423689e+00
-3.500736095791993296e+00
-3.501793691272809372e+00
-3.467614464751952674e+00
-3.498267875405379534e+00
-3.470798747223620584e+00
-3.468373868975884733e+00
-3.496245061152898348e+00
-3.441036290504770889e+00
-3.478837597226151157e+00
-3.502593082683101766e+00
-3.504817692404316620e+00
-3.502926259501692119e+00
-3.498811661336182155e+00
-3.501787108577070207e+00
-3.481616859212279369e+00
-3.472292812351568170e+00
-3.488337622598180143e+00
-3.484531634810548617e+00
-3.471384865087619342e+00
-3.491023130857743517e+00
-3.500153017557449342e+00
-3.500783195983878215e+00
-3.501045548656144923e+00
-3.501022089628414324e+00
-3.501646090634217945e+00
-3.500869496040674989e+00
-3.496534479779006777e+00
-3.490939553332198741e+00
-3.488441858669275142e+00
-3.494183902015953525e+00
-3.498420860639471108e+00
-3.494770733985232081e+00
-3.418551495098108184e+00
-3.376507277792438977e+00
-3.468258820665767406e+00
-3.496736119614089588e+00
-3.478714442065415469e+00
-3.487394037011993575e+00
-3.499617494009413576e+00
-3.500633801843843429e+00
-3.502409496135795663e+00
-3.502179093215624484e+00
-3.499953232377896573e+00
-3.478934402276532722e+00
-3.442344111273526686e+00
-3.493904837336220037e+00
-3.496383540611625929e+00
-3.457444398445149503e+00
-3.445614112611432134e+00
-3.424113245573074504e+00
-3.383951776116862487e+00
-3.374508470428121854e+00
-3.448702998914995987e+00
-3.446906444163698069e+00
-3.443233592350333439e+00
-3.458865129116617698e+00
-3.477808422264673016e+00
-3.494234493564244204e+00
-3.499987747403643379e+00
-3.485635294733186562e+00
-3.476246560054416346e+00
-3.443859433560956695e+00
-3.476181818270539292e+00
-3.466259462716742679e+00
-3.493013483685724729e+00
-3.495588931250556808e+00
-3.480458476182207495e+00
-3.498138142472367207e+00
-3.465476047622868983e+00
-3.495376993672469457e+00
-3.500499276491045197e+00
-3.472529799087180624e+00
-3.463912920866361933e+00
-3.471962246167404231e+00
-3.483485382264438268e+00
-3.468947435354998277e+00
-3.411524474697279707e+00
-3.449753411731848018e+00
-3.470918557534218962e+00
-3.492429377891588693e+00
-3.490839381240372852e+00
-3.501011318997435673e+00
-3.497618496949740585e+00
-3.495775380446548120e+00
-3.464032573857354524e+00
-3.498277436773586047e+00
-3.500648772620626126e+00
-3.502971230453057139e+00
-3.502680321516576267e+00
-3.493862632039943517e+00
-3.462954469632326671e+00
-3.427834846253264622e+00
-3.503834273712099989e+00
-3.499240633915603027e+00
-3.507296265097369581e+00
-3.507374823447850343e+00
-3.507347080666603834e+00
-3.507012516172908434e+00
-3.507174243159686622e+00
-3.506697503393824356e+00
-3.506817710570615088e+00
-3.503840063791016313e+00
-3.505778529009215827e+00
-3.507068364527113680e+00
-3.507082345913216326e+00
-3.506824541631905934e+00
-3.506872664906956594e+00
-3.506859414164466671e+00
-3.506022953770300710e+00
-3.506668539936933282e+00
-3.506485490694664975e+00
-3.505726025058188533e+00
-3.503780020688161301e+00
-3.502007100918877125e+00
-3.487371770476600297e+00
-3.500858684775506546e+00
-3.489450127277391012e+00
-3.486909649804755151e+00
-3.497551591957889450e+00
-3.505904590940382093e+00
-3.506258896610964015e+00
-3.506776136171004588e+00
-3.505795862516018602e+00
-3.506599299030199290e+00
-3.507002959207251358e+00
-3.506517183207939148e+00
-3.505244338592357956e+00
-3.503832518644976801e+00
-3.501072419004087166e+00
-3.500672379273183310e+00
-3.505392121830736230e+00
-3.503365252198818780e+00
-3.498470970697866722e+00
-3.500513914606361521e+00
-3.494611730437949593e+00
-3.479607535727097023e+00
-3.490251802047536600e+00
-3.497483150472781688e+00
-3.502715876698978548e+00
-3.498047563541991867e+00
-3.486638521642845490e+00
-3.486110183996705914e+00
-3.504837763194805778e+00
-3.505589259254342505e+00
-3.505544843510181696e+00
-3.502701162597532392e+00
-3.495493056585012859e+00
-3.505890660232809708e+00
-3.504810163279935331e+00
-3.505875876342677611e+00
-3.504598021443439571e+00
-3.505415865046483503e+00
-3.506046895338542857e+00
-3.506343326681478523e+00
-3.505134472383900412e+00
-3.506322843246302501e+00
-3.506216123371168170e+00
-3.506154597821558028e+00
-3.506343923619596126e+00
-3.506185249933480463e+00
-3.506047630510623847e+00
-3.505561479836449834e+00
-3.504975311211628419e+00
-3.498916278364155641e+00
-3.502468673314554692e+00
-3.493648605452893463e+00
-3.497303975686081756e+00
-3.494666345498111504e+00
-3.498666963854851097e+00
-3.499410006025346576e+00
-3.504233666422057691e+00
-3.500645719903703768e+00
-3.494997044240041095e+00
-3.493078554687794934e+00
-3.471715214436209340e+00
-3.488555541448951303e+00
-3.499643201048779684e+00
-3.490547755122202833e+00
-3.491541234548873440e+00
-3.481842277638556471e+00
-3.491339054229388061e+00
-3.496156740580251387e+00
-3.497095422916836061e+00
-3.494651544350511063e+00
-3.495558879261221996e+00
-3.491737276621129205e+00
-3.494933590739367268e+00
-3.488503978659484694e+00
-3.490481065718883169e+00
-3.488557816752243745e+00
-3.484199851630722655e+00
-3.450166005008234560e+00
-3.403669683153316861e+00
-3.329196064458457727e+00
-3.420049276438978048e+00
-3.422653151251699555e+00
-3.451665193861050529e+00
-3.473067576102008225e+00
-3.484734145364357438e+00
-3.487803931511686439e+00
-3.492995712007001430e+00
-3.488622092700766064e+00
-3.497070295165397802e+00
-3.493766024608055520e+00
-3.486760011113539726e+00
-3.490083809150902550e+00
-3.478686258256168173e+00
-3.480480137359316384e+00
-3.490384049767202956e+00
-3.488479925875083154e+00
-3.480743171046454698e+00
-3.473266254043640977e+00
-3.490528601462429048e+00
-3.453165411601341717e+00
-3.465801945851798571e+00
-3.482439711477842259e+00
-3.485003909293486135e+00
-3.463951697164676879e+00
-3.470900928252491191e+00
-3.471269477478887033e+00
-3.472593090294122664e+00
-3.475920763752558429e+00
-3.477861732511962067e+00
-3.476108436924123968e+00
-3.481085318102771442e+00
-3.478787791013887798e+00
-3.449911886658059146e+00
-3.459132550600311884e+00
-3.350101246080374295e+00
-3.408871878479863060e+00
-3.465953426575859808e+00
-3.485684232639124858e+00
-3.482913985814810154e+00
-3.487204715129590404e+00
-3.484670397145470222e+00
-3.456500124161370646e+00
-3.467470056793643618e+00
-3.487371498369431055e+00
-3.478893588447670826e+00
-3.459911745153252394e+00
-3.456044839619131892e+00
-3.397111435199924756e+00
-3.253232647622347429e+00
-3.138295717398219331e+00
-3.428017923075063145e+00
-3.476021561889738098e+00
-3.476327971138797324e+00
-3.440375983057670783e+00
-3.212293054231834866e+00
-3.507408615078353886e+00
-3.507411872029924993e+00
-3.507388642202060147e+00
-3.507375106633149997e+00
-3.507343719740628529e+00
-3.507306486944191004e+00
-3.507271297753763672e+00
-3.507201267399451705e+00
-3.507130313534735588e+00
-3.507100520635588747e+00
-3.507019084168366163e+00
-3.507027358125027305e+00
-3.506944518589074633e+00
-3.506789526212402031e+00
-3.498790044910127683e+00
-3.444909487486353949e+00
-3.359110265958284547e+00
-3.255899704269553663e+00
-3.101992483916363508e+00
-2.975169596634245295e+00
-2.734938546869946308e+00
-2.565890755317939309e+00
-2.545325789262967486e+00
-2.372419315841930221e+00
-2.340415912477232130e+00
-2.457536908175026014e+00
-2.550667474630992970e+00
-3.259868667959928246e+00
-3.357608273645696695e+00
-3.146718256337322828e+00
-2.805717254715449638e+00
-2.502041558114680875e+00
-2.138920182432382244e+00
-1.763271478888986721e+00
-1.821728585910788567e+00
-1.460136683028308457e+00
-1.447928990009687666e+00
-9.571425132829067817e-01
-8.489645743867658689e-01
-9.333859966673826447e-01
-1.109595700220518122e+00
-1.327777705341008030e+00
-1.569793113488931358e+00
-1.730651088194290921e+00
-2.171892500701337880e+00
-2.123532678788598194e+00
-1.909718764013944803e+00
-1.822182065627176328e+00
-2.031639580952596003e+00
-1.832643492217059134e+00
-1.511323331042628171e+00
-1.371893447182265913e+00
-1.010850320782179512e+00
-9.540836692583855028e-01
-9.471726685954721114e-01
-7.913801634738183433e-01
-7.812046513906892864e-01
-1.020718953409800900e+00
-5.451844636771173702e-01
-3.177809462536645979e-01
-2.807585063073212428e-01
-2.507584240179334678e-01
-2.241472504439868674e-01
-5.895486246357819482e-01
-1.945614934128455653e-01
-4.877124408278088463e-02
2.261073472211946322e-01
3.009502607851867184e-01
3.430852687400753886e-01
2.060916109541879315e-01
2.236452865801296097e-01
4.974723794605396821e-01
3.378577211179049078e-01
7.153618096538788551e-01
7.507249246578419077e-01
-3.888622632892690945e-03
8.296547689463694697e-01
6.620998944848542900e-01
6.519628489579193387e-01
6.342353313235334911e-01
9.659405328619495856e-01
1.139225567423499008e+00
1.079327278150830516e+00
1.381592370233364342e+00
1.631831235101598665e+00
1.207459985297172356e+00
1.645244912305862783e+00
1.051333691186920216e+00
6.728061475088759069e-01
6.039105352222008394e-01
6.598479966995013379e-01
8.374414908283648318e-01
5.729776269810719080e-01
9.366523532872969016e-01
9.103665380598980894e-01
1.316644178549090327e+00
1.045783373925980975e+00
9.373148554889062511e-01
4.289804263806401563e-01
-7.115886538534137440e-01
-3.396796966194764789e+00
-3.263428962631938823e+00
-3.190010175868465137e+00
-2.747390111776604193e+00
-1.750179056193809313e+00
-1.100799844303924635e+00
-1.004753621316329060e+00
-6.107353928755320238e-01
-4.501740028765273127e-01
-3.080100652248862758e-01
-3.952827617590337628e-02
-3.481741339171128269e-01
-2.178230388526903871e-01
-4.292804027393101185e-01
-1.717330631887371561e-01
-6.798472170813707471e-02
-2.542412154918395339e-01
-4.088654153470419050e-01
-2.344107894565340411e-01
1.401659283988252458e-01
1.700456839653760044e-01
1.440416871135197230e-02
1.642227009428105511e-01
1.879871206030431230e-01
4.520787277259962211e-01
5.492981995259850203e-01
6.899496628812925580e-01
7.355480973223756935e-01
5.779955011168330659e-01
6.723117852181647036e-01
8.632632481645076128e-01
8.017080222599443085e-01
7.078664505930806206e-01
6.140466270847609875e-01
6.699782515349640422e-01
7.332428098132705019e-01
7.206409109985695283e-01
6.700519729516393186e-01
8.428747348780992743e-01
6.421719575617662601e-01
8.069731404430849908e-01
8.531925591122492269e-01
8.947949184029321268e-01
6.803009656632058588e-01
6.346127661313168966e-01
8.454037307824703307e-01
-2.768507843224239373e-01
-5.207512583321107780e-01
-5.657355056812252148e-01
-1.916482414149807134e-01
-2.578966814769134697e-01
-9.396177253276782881e-02
1.992766185707309790e-01
1.036166860770721954e-01
4.809139954840163655e-01
3.786878307503401819e-01
6.058144512968616224e-01
8.605168263623116376e-01
9.311479235094003437e-01
9.553236780727935029e-01
3.986058338614802965e-01
4.684504149211067281e-01
-5.473611975702641352e-02
-5.926058157754633404e-01
-2.689688698155959123e+00
-2.433598269149218396e+00
-1.627930857874437365e+00
-1.758462352946383422e+00
-3.152704176513133394e+00
-2.686911238994000861e+00
-2.080723267812348176e+00
-1.541359298613719897e+00
-1.892265932689670027e+00
-1.952290300631204900e+00
-9.782157651011904598e-01
-8.703291603685721078e-01
-4.810939541181075141e-01
-2.283048490540003916e-01
-2.349121483258186371e-01
-6.825747099088690373e-01
-7.099887662303800973e-01
-2.613678161942621925e-01
1.002849656268941514e-01
2.227940683021211177e-01
3.369411694984150163e-01
3.923619483060379887e-01
4.114626042725141319e-01
4.465392929660788601e-01
4.864992562918258878e-01
1.760744015853642486e-01
1.998063167475300217e-01
-1.707558205504555726e-02
1.191454739170132449e-01
3.203964815928290744e-01
3.677040980813960358e-01
4.250571267647443863e-01
1.702813027182576988e-01
3.980893966707684806e-01
1.762604554924206424e-01
6.543337819582709658e-01
6.059703351926034598e-01
4.945789678062798567e-01
2.895340274123450186e-01
4.089470232930413340e-01
2.951222685968216686e-01
3.036120280474997601e-01
3.120415122944740771e-01
-1.463694790847573479e+00
-1.008086635998444391e+00
-1.387550085627897944e+00
-1.814478631849543611e+00
-1.201715575704713768e+00
-7.854517514632569641e-01
-5.152000435352933616e-01
-1.742110726147840349e+00
-7.683680890524092755e-01
-8.635962242590622395e-01
-1.538180212896331778e+00
-6.965920187701502009e-01
-4.503358512797036584e-01
-6.109134085177132523e-01
-6.382231723591411665e-01
-8.938565525279825730e-01
-6.964385338721064134e-01
-3.049188674748710692e-01
-7.442079190055460591e-01
-1.067603700525830757e+00
-1.405940971095048120e+00
-1.271942734774678785e+00
-1.325537983104414508e+00
-8.125469551891295605e-01
-1.644928765095053258e+00
-1.057939021569956672e+00
-1.246544640476898058e+00
-1.439550414077428009e+00
-3.319700996815966310e-01
3.779644831911764813e-01
2.572325668154040734e-01
5.435579167519498656e-01
5.490994394176801352e-01
6.743442447172248722e-01
-2.009806800159217310e-01
-7.844981570091164036e-01
-4.428238749625121873e-01
2.345378569382806644e-01
5.231311597423368154e-01
3.566830464307449988e-01
-6.853659040935340396e-01
-1.423104361967947318e-01
2.577162549678204684e-01
2.978583262172179724e-01
7.809555117611538533e-01
6.340441426305530870e-01
7.761382233965617994e-01
7.178707288144049459e-01
6.902598630466943996e-01
7.105230172552660095e-01
6.978347796583693752e-01
6.777081074140575145e-01
6.904861900212594383e-01
4.820111168269446411e-01
-5.374292193342701252e-01
-1.975109225780375954e-01
2.409393092867022634e-01
4.226118000787163487e-01
2.322233942050548894e-01
-6.303040733526792394e-01
-2.365448161246884506e+00
-3.223251891822181747e+00
-2.390143861211946774e+00
-2.292558471974154521e+00
-1.712063026978250413e+00
-7.821022838125594179e-01
-1.894575617506714327e+00
-1.366014512985806562e+00
-1.268683072031844716e+00
-1.133379172491604692e+00
-1.624822324669857654e+00
-5.662321015634239618e-01
-2.148523000552010620e-01
-2.746021347542093594e-01
1.668032431137648208e-01
4.383627034218472440e-01
3.399407778285572501e-01
5.673449622004441695e-01
1.282361823559563518e-01
-8.455406509998204534e-01
-1.978448948895943360e-01
-1.315390282088507501e+00
-1.749580912643036168e+00
-2.082554181684169947e+00
-5.627590953053298595e-01
-1.653103072881758617e+00
-6.856354249882612439e-02
3.000340956570820561e-01
5.227090768191128278e-01
4.595914558081181100e-01
3.342731593023500203e-01
2.979022629102900943e-01
-6.160476397254344150e-02
2.665057863390553061e-01
4.757261404774874025e-01
3.677188196881525650e-01
-5.622768999999290251e-01
-3.177062226115620058e-01
3.231253405113314603e-01
-2.742362418278986302e-01
-1.441891223631767582e+00
-6.137800926619521036e-01
-1.290478784527063993e+00
-1.982924989050450781e-01
1.397664188378783257e-01
8.264446181771664124e-01
4.085763732091322042e-01
-3.603150431430224288e-02
-6.273193246147912294e-01
-4.938333429183739964e-01
2.346167704791484176e-01
-3.278050645423867815e-01
-1.647211147301820944e+00
-2.746800028043887565e-01
-1.492946470967270178e-01
-1.087234535037659766e+00
-4.916832128344705843e-03
5.432005294769304271e-02
-9.069740493838636120e-01
-2.292361884999605692e+00
-2.627457769392520959e+00
-2.932075745691825830e+00
-2.312283709244167706e+00
-2.020057799823754330e+00
-2.141501364030900856e+00
-2.098947530030494502e+00
-2.041186045907626756e+00
-2.052884442107875351e+00
-1.971730054077346583e+00
-1.523332146353570060e+00
-1.850882337830385360e+00
-8.701387818589757517e-01
-1.123410492430569452e+00
-5.284528001257259300e-01
-4.534056721171330073e-01
-5.658762536489870820e-01
-8.561515887300747973e-01
-7.336194855348100452e-01
-1.077214135732290856e+00
-1.914469086920474350e+00
-8.054769114536561858e-01
-1.155950572054654568e+00
-1.353220050167148969e+00
-9.340741497346409794e-01
-1.405676696582133012e+00
-1.274810655636270607e+00
-1.017715358208055365e+00
-9.725398998737555534e-02
4.437790829797508829e-01
3.814556230512412549e-01
8.896713161071678755e-02
9.510131336621019393e-02
-5.037055770078573413e-01
-7.126828266149266566e-01
-5.553664349453630855e-01
-8.492088512113099563e-01
-8.221728517508775091e-01
-3.649431922136268103e-01
-2.177564858168613560e-01
-2.342063749671174921e-01
-6.203694165424954443e-01
-5.246706427831551167e-01
-3.308579774418570985e+00
-3.337811853578936283e+00
-3.277979567560098229e+00
-3.202708960256879234e+00
-3.106257820182940943e+00
