4.135590791702270508e-01
3.073131442070007324e-01
6.884577870368957520e-02
2.880265414714813232e-01
2.913807630538940430e-01
2.826753854751586914e-01
3.222472593188285828e-02
1.593275368213653564e-01
4.344545677304267883e-02
4.656628668308258057e-01
-5.298579931259155273e-01
-4.947459101676940918e-01
9.512843191623687744e-02
7.531411200761795044e-02
5.965703353285789490e-02
3.667052090167999268e-01
3.860597312450408936e-01
3.536113500595092773e-01
4.267173707485198975e-01
4.971254765987396240e-01
5.219935774803161621e-01
4.928653836250305176e-01
7.456607818603515625e-01
6.921609044075012207e-01
6.162486672401428223e-01
5.824701786041259766e-01
7.725864052772521973e-01
5.139267444610595703e-01
5.624959468841552734e-01
2.062101662158966064e-01
2.306962162256240845e-01
4.051995575428009033e-01
3.368003964424133301e-01
4.168818593025207520e-01
5.121186971664428711e-01
3.522880077362060547e-01
4.862820506095886230e-01
3.339679241180419922e-01
3.797518014907836914e-01
4.879999160766601562e-01
4.674069881439208984e-01
6.578946709632873535e-01
5.591699481010437012e-01
3.128050863742828369e-01
3.043150603771209717e-01
1.096229553222656250e-01
4.730014801025390625e-01
3.944549262523651123e-01
5.193088054656982422e-01
4.562204480171203613e-01
2.791226208209991455e-01
3.102141022682189941e-01
-8.286587893962860107e-02
4.003719091415405273e-01
3.669329583644866943e-01
4.274464547634124756e-01
4.606669247150421143e-01
1.683987975120544434e-01
5.510373115539550781e-01
4.772915542125701904e-01
6.153423786163330078e-01
8.648730069398880005e-02
4.834436252713203430e-02
1.034915968775749207e-01
2.300529032945632935e-01
2.423411794006824493e-02
4.260411113500595093e-02
3.891572356224060059e-02
-1.988656520843505859e-01
-1.486940085887908936e-01
1.034169495105743408e-01
-6.556517630815505981e-02
9.211040288209915161e-02
1.099423095583915710e-01
3.193714618682861328e-01
-1.192336305975914001e-01
3.296309411525726318e-01
4.558170735836029053e-01
5.461302399635314941e-01
4.899379611015319824e-01
5.647895336151123047e-01
6.305434107780456543e-01
6.464681625366210938e-01
4.157525599002838135e-01
5.937438011169433594e-01
8.569536805152893066e-01
9.305997490882873535e-01
9.162320494651794434e-01
7.048798203468322754e-01
7.924410104751586914e-01
8.867058157920837402e-01
5.909426212310791016e-01
5.741201043128967285e-01
7.745104432106018066e-01
1.091615203768014908e-02
2.779026329517364502e-01
3.673485219478607178e-01
5.826645493507385254e-01
7.074003219604492188e-01
5.316964983940124512e-01
5.782626867294311523e-01
7.333074808120727539e-01
7.937291860580444336e-01
5.170827507972717285e-01
5.520705580711364746e-01
7.605043053627014160e-01
9.363986253738403320e-01
8.572669029235839844e-01
9.066284894943237305e-01
7.537239193916320801e-01
7.435090541839599609e-01
7.550004720687866211e-01
9.203544855117797852e-01
-2.194511741399765015e-01
-4.586768746376037598e-01
-2.244984656572341919e-01
-2.702615857124328613e-01
-5.255258455872535706e-02
-2.341652102768421173e-02
1.511335670948028564e-01
1.267748773097991943e-01
6.085588783025741577e-02
-1.099367886781692505e-01
2.075517028570175171e-01
9.972443431615829468e-02
1.485910266637802124e-01
4.170637428760528564e-01
5.391322374343872070e-01
5.248754620552062988e-01
4.786144495010375977e-01
8.885206580162048340e-01
8.544037342071533203e-01
9.892885088920593262e-01
7.835503816604614258e-01
8.901495933532714844e-01
9.750974178314208984e-01
5.549300312995910645e-01
5.178923606872558594e-01
9.141038060188293457e-01
6.200644969940185547e-01
8.725594878196716309e-01
-7.705776095390319824e-01
-1.031251549720764160e+00
1.333219110965728760e-01
4.145878553390502930e-01
-1.027651309967041016e+00
4.474645853042602539e-01
2.032321095466613770e-01
3.325833082199096680e-01
-2.110305070877075195e+00
-1.973690867424011230e+00
-1.151751160621643066e+00
-9.028878211975097656e-01
-1.414470434188842773e+00
-1.004316568374633789e+00
-1.033079504966735840e+00
-1.284736514091491699e+00
-1.037808537483215332e+00
-1.358253002166748047e+00
-1.009995579719543457e+00
-2.065742731094360352e+00
-1.435953617095947266e+00
-4.795605838298797607e-01
-9.521124511957168579e-02
7.746472209692001343e-02
1.226932778954505920e-01
6.145735383033752441e-01
4.005278944969177246e-01
6.551852226257324219e-01
6.877741217613220215e-01
8.093715310096740723e-01
8.175750374794006348e-01
3.771885335445404053e-01
8.390372991561889648e-01
9.122124910354614258e-01
5.637140274047851562e-01
7.218233942985534668e-01
7.787737846374511719e-01
4.378075301647186279e-01
7.780473828315734863e-01
5.583053827285766602e-01
8.790533542633056641e-01
9.363451004028320312e-01
-2.221752256155014038e-01
5.538221001625061035e-01
5.448852181434631348e-01
6.290813088417053223e-01
9.309255331754684448e-02
3.476094305515289307e-01
3.802530169486999512e-01
4.890049099922180176e-01
5.570789575576782227e-01
6.175365447998046875e-01
5.765029788017272949e-01
4.905769824981689453e-01
2.246886342763900757e-01
-7.325059175491333008e-02
1.814270764589309692e-01
-8.526073098182678223e-01
-3.423320129513740540e-02
-4.325216710567474365e-01
4.873855784535408020e-02
1.373244822025299072e-01
-3.904859721660614014e-01
-2.591282427310943604e-01
-7.873988151550292969e-02
-3.644632175564765930e-02
-8.126010000705718994e-02
-2.651720345020294189e-01
7.899489998817443848e-02
-7.892003059387207031e-01
-7.425985336303710938e-01
-3.306982517242431641e-01
5.650551989674568176e-02
-1.356317251920700073e-01
1.642350703477859497e-01
3.131010532379150391e-01
2.784355282783508301e-01
2.488337457180023193e-01
4.511693120002746582e-01
4.228968024253845215e-01
7.442595362663269043e-01
-1.724293380975723267e-01
-2.250236511230468750e+00
-4.407870769500732422e-01
2.275477498769760132e-01
1.972879022359848022e-01
6.943567395210266113e-01
4.251233339309692383e-01
-4.794299975037574768e-02
-2.186152040958404541e-01
-9.913958311080932617e-01
-2.001635789871215820e+00
-1.612198948860168457e+00
-1.066679596900939941e+00
-7.453640699386596680e-01
-8.625025153160095215e-01
-2.128077000379562378e-01
-7.813490927219390869e-02
1.925812810659408569e-01
2.436452507972717285e-01
3.367855548858642578e-01
-2.387420535087585449e-01
-1.162148594856262207e+00
-1.517443776130676270e+00
-1.305783271789550781e+00
-7.585266232490539551e-01
-3.669278025627136230e-01
-8.201053142547607422e-01
-7.285477221012115479e-02
1.914987117052078247e-01
4.345013499259948730e-01
1.409202069044113159e-02
2.374936789274215698e-01
-8.488512039184570312e-01
-2.808790840208530426e-02
1.406940370798110962e-01
2.009363621473312378e-01
-3.951502740383148193e-01
1.254036575555801392e-01
2.521439790725708008e-01
4.064494073390960693e-01
7.525594234466552734e-01
2.597837746143341064e-01
-1.908458769321441650e-02
8.372759819030761719e-01
9.649270772933959961e-01
4.977068305015563965e-01
3.811045885086059570e-01
-9.432683140039443970e-02
5.276595950126647949e-01
-3.149541616439819336e-01
2.589149400591850281e-02
-8.920926600694656372e-02
-5.360462069511413574e-01
-6.722570657730102539e-01
4.581644013524055481e-02
-4.630421996116638184e-01
-9.986042380332946777e-01
-1.060636758804321289e+00
-3.152067363262176514e-01
-1.048813104629516602e+00
-1.031300902366638184e+00
-1.110421657562255859e+00
-6.985197663307189941e-01
-1.074916005134582520e+00
-3.837955892086029053e-01
-3.518569096922874451e-02
-7.378327846527099609e-02
-1.026251316070556641e+00
-2.705993950366973877e-01
-6.139497160911560059e-01
1.574804037809371948e-01
4.274892210960388184e-01
-1.416137535125017166e-02
3.134526312351226807e-01
4.566346406936645508e-01
6.478317379951477051e-01
7.211317420005798340e-01
7.346200942993164062e-01
3.141336739063262939e-01
5.493119955062866211e-01
1.246149018406867981e-01
-6.381340026855468750e-01
-1.400762915611267090e+00
-1.870904564857482910e+00
-1.357055187225341797e+00
-1.983979582786560059e+00
-6.437298655509948730e-01
-2.416050434112548828e+00
-1.299757003784179688e+00
-6.815815567970275879e-01
-7.180396914482116699e-01
-2.391040027141571045e-01
1.840829849243164062e-01
1.747916638851165771e-01
2.772949934005737305e-01
3.654962182044982910e-01
4.144851565361022949e-01
5.648179724812507629e-02
5.389110743999481201e-02
1.394179612398147583e-01
4.450980424880981445e-01
4.786637723445892334e-01
5.892029404640197754e-01
2.849488258361816406e-01
-1.532065987586975098e+00
-5.866496562957763672e-01
-4.769529104232788086e-01
-2.004585027694702148e+00
-4.213963449001312256e-01
-2.126642465591430664e-01
9.049588441848754883e-02
1.509823948144912720e-01
-1.102759018540382385e-01
-1.952454596757888794e-01
-4.297469928860664368e-02
1.544752418994903564e-01
4.172570109367370605e-01
1.883435547351837158e-01
1.789800822734832764e-01
-3.110504709184169769e-02
4.894996881484985352e-01
6.257636547088623047e-01
3.375687897205352783e-01
4.810464680194854736e-01
7.091516256332397461e-01
3.359483182430267334e-01
5.226306319236755371e-01
3.746184706687927246e-01
3.801000714302062988e-01
-2.521981019526720047e-03
3.274372518062591553e-01
4.075689017772674561e-01
-6.115362048149108887e-01
-1.521785110235214233e-01
-1.657545566558837891e-01
-2.139215767383575439e-01
-4.209274891763925552e-03
5.539925694465637207e-01
7.508039474487304688e-01
-3.273514211177825928e-01
2.065903544425964355e-01
4.733655750751495361e-01
-8.208493702113628387e-03
6.159198284149169922e-01
5.435481071472167969e-01
3.425057530403137207e-01
-9.287817776203155518e-02
6.526504755020141602e-01
1.212141036987304688e+00
1.665860116481781006e-01
2.106912732124328613e-01
8.354328870773315430e-01
6.030436158180236816e-01
6.216133832931518555e-01
5.597851872444152832e-01
7.825359106063842773e-01
6.514056324958801270e-01
3.348097950220108032e-02
-3.872675299644470215e-01
1.492859423160552979e-01
4.098457098007202148e-01
5.748650431632995605e-01
5.667212605476379395e-01
1.214301139116287231e-01
6.914562582969665527e-01
8.444635272026062012e-01
4.213436245918273926e-01
6.114404201507568359e-01
6.475305557250976562e-01
2.173040211200714111e-01
2.330808639526367188e-01
2.180190533399581909e-01
5.435795783996582031e-01
-8.853452205657958984e-01
8.848603814840316772e-02
5.340725779533386230e-01
5.650452971458435059e-01
3.423025310039520264e-01
-3.210998699069023132e-02
-9.140340089797973633e-01
-3.418822884559631348e-01
2.062636315822601318e-01
3.166604936122894287e-01
-2.678832709789276123e-01
1.873584985733032227e-01
3.460989519953727722e-02
-1.321820318698883057e-01
-1.495427489280700684e+00
-1.291944384574890137e+00
-3.102350533008575439e-01
-3.589573502540588379e-02
2.633405625820159912e-01
1.223360225558280945e-01
-2.830060124397277832e-01
-1.646924614906311035e-01
1.903199218213558197e-02
-4.480134248733520508e-01
-1.731806755065917969e+00
-3.433333337306976318e-01
1.276080757379531860e-01
7.970360666513442993e-02
-1.050458788871765137e+00
-9.506061673164367676e-01
-1.063548922538757324e+00
-9.445863366127014160e-01
-5.491845607757568359e-01
-3.002113401889801025e-01
-9.330542683601379395e-01
-1.372780919075012207e+00
-1.468182444572448730e+00
-1.300461292266845703e+00
-5.455026030540466309e-01
-1.913491189479827881e-01
2.045671343803405762e-01
7.398539781570434570e-02
6.446331739425659180e-02
-4.240639805793762207e-01
-4.352380335330963135e-01
2.454153746366500854e-01
-7.027952671051025391e-01
-4.903968274593353271e-01
-1.556202918291091919e-01
2.484077587723731995e-02
2.697906792163848877e-01
3.202193677425384521e-01
-5.342424511909484863e-01
-2.427704818546772003e-02
3.413579165935516357e-01
4.832336604595184326e-01
4.989102780818939209e-01
4.428542256355285645e-01
8.172004222869873047e-01
6.330365538597106934e-01
5.704961419105529785e-01
3.488648533821105957e-01
5.938887000083923340e-01
5.988442897796630859e-01
3.251010477542877197e-01
-9.666913747787475586e-01
-1.503798604011535645e+00
-8.881865739822387695e-01
-7.759438753128051758e-01
-1.570119976997375488e+00
-1.052869915962219238e+00
-3.072639703750610352e-01
-7.572506666183471680e-01
-5.329671502113342285e-01
-6.193432807922363281e-01
-5.970788598060607910e-01
-1.814421176910400391e+00
-8.247104287147521973e-01
-5.087440013885498047e-01
-2.141407728195190430e-01
-4.617907106876373291e-02
-1.010751008987426758e+00
-9.860808849334716797e-01
-6.546456813812255859e-01
-9.726405739784240723e-01
-7.134933471679687500e-01
-4.731501638889312744e-01
-7.261835336685180664e-01
-2.067459344863891602e+00
-8.395504951477050781e-01
7.474998384714126587e-02
4.431047737598419189e-01
1.729800999164581299e-01
-1.384774744510650635e-01
2.546888589859008789e-01
-2.342553138732910156e-01
5.083564668893814087e-02
3.190705180168151855e-01
3.252529203891754150e-01
4.294028282165527344e-01
7.825995683670043945e-01
4.329103231430053711e-01
5.786400437355041504e-01
3.755510747432708740e-01
4.285500049591064453e-01
6.770628690719604492e-01
4.207454621791839600e-02
-1.146246314048767090e+00
-5.915496349334716797e-01
-2.824123799800872803e-01
-1.401426941156387329e-01
-3.314512968063354492e-01
-6.306478977203369141e-01
-5.493441820144653320e-01
1.585988551378250122e-01
-2.003327310085296631e-01
3.721324801445007324e-01
4.792745709419250488e-01
-3.408981263637542725e-01
3.628647923469543457e-01
4.906135201454162598e-01
7.782899141311645508e-01
9.784163236618041992e-01
8.615143299102783203e-01
5.344915390014648438e-01
6.492241024971008301e-01
6.885191798210144043e-01
3.532721400260925293e-01
-1.825659573078155518e-01
-1.943256974220275879e+00
-1.032719135284423828e+00
1.679813861846923828e-01
3.399448692798614502e-01
-1.645794987678527832e+00
-8.191901445388793945e-01
-5.834789276123046875e-01
-1.546645611524581909e-01
3.516848087310791016e-01
2.878306210041046143e-01
-1.807593107223510742e+00
-2.095750093460083008e+00
-5.557272434234619141e-01
-1.711019992828369141e+00
-9.574872851371765137e-01
-1.755357265472412109e+00
-2.446652412414550781e+00
-9.473404288291931152e-01
-5.692659020423889160e-01
-7.966419458389282227e-01
-1.476922333240509033e-01
1.685126423835754395e-01
2.187696993350982666e-01
-2.019339352846145630e-01
2.817496657371520996e-01
2.180102020502090454e-01
-1.707771897315979004e+00
-5.399637222290039062e-01
-1.601093411445617676e-01
-2.990313768386840820e-01
-5.867987871170043945e-01
-1.410777807235717773e+00
-2.150625228881835938e+00
-1.589737057685852051e+00
-8.819225430488586426e-01
-5.079923868179321289e-01
-2.918866872787475586e-01
-3.489665687084197998e-01
-1.670196652412414551e+00
-1.201148867607116699e+00
-3.652611672878265381e-01
-1.781704127788543701e-01
2.237601280212402344e-01
2.784358859062194824e-01
1.021425798535346985e-01
-1.248422145843505859e+00
-8.858469128608703613e-01
1.164262518286705017e-01
2.513664364814758301e-01
3.043878972530364990e-01
2.488995045423507690e-01
-1.734010577201843262e-01
7.630174607038497925e-02
1.765398532152175903e-01
6.780621409416198730e-02
1.133804023265838623e-01
-3.774437606334686279e-01
-5.016347169876098633e-01
-1.273119926452636719e+00
-1.997371196746826172e+00
-1.666506528854370117e+00
-7.522351145744323730e-01
-4.346337914466857910e-01
-1.079178333282470703e+00
-1.519831418991088867e+00
-1.039992332458496094e+00
-9.865316748619079590e-01
-1.565766096115112305e+00
-5.604907870292663574e-01
-7.834610939025878906e-01
-1.177906870841979980e+00
5.608843639492988586e-02
-8.201699852943420410e-01
-2.214328646659851074e-01
-3.062844872474670410e-01
-9.294835329055786133e-01
1.449739485979080200e-01
-4.664237424731254578e-02
2.596744298934936523e-01
5.190658569335937500e-01
5.358760356903076172e-01
9.081877768039703369e-02
-3.730106353759765625e-01
-1.011746764183044434e+00
-2.984489798545837402e-01
8.427875488996505737e-02
3.069099485874176025e-01
4.880774766206741333e-02
-3.192768692970275879e-01
-5.785022974014282227e-01
-2.039982080459594727e+00
-1.283099055290222168e+00
-9.703085422515869141e-01
-9.429906010627746582e-01
-9.159265756607055664e-01
-1.374106764793395996e+00
-1.863075256347656250e+00
-2.006004095077514648e+00
-1.497953891754150391e+00
-7.373085618019104004e-01
-6.756458282470703125e-01
-1.708831191062927246e+00
-9.595670104026794434e-01
-1.937934398651123047e+00
-1.133045077323913574e+00
-1.398413896560668945e+00
-7.027778029441833496e-01
-4.254422783851623535e-01
-5.246501564979553223e-01
-7.012237906455993652e-01
-1.366576313972473145e+00
-2.562203407287597656e-01
2.020438611507415771e-01
3.143607974052429199e-01
3.764463365077972412e-01
2.812619507312774658e-01
3.916255831718444824e-01
4.196062088012695312e-01
3.528948426246643066e-01
4.031892120838165283e-01
-5.144752934575080872e-02
-2.007618188858032227e+00
-1.669325828552246094e+00
-1.197193384170532227e+00
-8.901259303092956543e-01
-6.599441170692443848e-01
-6.040292978286743164e-01
-3.911099731922149658e-01
-1.064755439758300781e+00
-8.498777747154235840e-01
-6.034389138221740723e-01
-1.156421661376953125e+00
-1.759112715721130371e+00
-1.628712058067321777e+00
-1.240176796913146973e+00
-2.579555511474609375e-01
-2.145369052886962891e-01
3.202252089977264404e-01
2.457231432199478149e-01
3.210268914699554443e-01
3.260797858238220215e-01
-8.591438531875610352e-01
2.063387185335159302e-01
3.079791925847530365e-02
3.133589327335357666e-01
1.666253060102462769e-01
5.017918348312377930e-01
6.670508533716201782e-03
3.269904851913452148e-01
5.293337106704711914e-01
5.457792431116104126e-02
2.620894610881805420e-01
4.192461073398590088e-01
5.273258090019226074e-01
-6.781592965126037598e-01
-4.207674413919448853e-02
2.562759518623352051e-01
3.794786930084228516e-01
4.994282424449920654e-01
4.501798450946807861e-01
1.582818478345870972e-01
2.676723338663578033e-02
-3.257602751255035400e-01
-5.799309909343719482e-02
1.958110630512237549e-01
-1.102005168795585632e-01
2.765976786613464355e-01
3.289566040039062500e-01
-5.190621614456176758e-01
-3.736003041267395020e-01
-1.410696625709533691e+00
-5.128907412290573120e-02
-4.439989328384399414e-01
1.972778141498565674e-01
1.631148904561996460e-01
3.415837511420249939e-02
-6.893289089202880859e-01
-3.546551167964935303e-01
-6.754238605499267578e-01
-2.901167795062065125e-02
-4.022706151008605957e-01
3.705407679080963135e-02
3.382759094238281250e-01
5.398620367050170898e-01
4.550820589065551758e-01
4.808226227760314941e-01
5.093855261802673340e-01
3.509514629840850830e-01
3.076283037662506104e-01
1.305691897869110107e-01
4.100309014320373535e-01
3.891078829765319824e-01
7.229593396186828613e-01
2.618638277053833008e-01
-1.514982730150222778e-01
3.401549458503723145e-01
4.293023049831390381e-01
2.866883575916290283e-01
2.814970910549163818e-01
2.300400733947753906e-01
4.605777561664581299e-01
-7.807029783725738525e-02
1.912881135940551758e-01
2.678889036178588867e-01
2.100326120853424072e-01
-1.032816886901855469e+00
2.609623828902840614e-03
-1.706886142492294312e-01
2.511558234691619873e-01
-1.615888997912406921e-02
9.684315882623195648e-03
9.843925386667251587e-02
1.361501067876815796e-01
2.221507430076599121e-01
-1.659004986286163330e-01
-1.085848361253738403e-01
-2.494950033724308014e-02
-1.153721213340759277e+00
-1.286287512630224228e-02
4.141719937324523926e-01
3.101724386215209961e-01
-2.930898368358612061e-01
-4.463034272193908691e-01
-5.568280816078186035e-01
-2.296012490987777710e-01
4.382538422942161560e-02
2.494857311248779297e-01
2.449002675712108612e-02
2.264542877674102783e-01
-5.833102464675903320e-01
-1.965843319892883301e+00
-1.428735256195068359e+00
-6.308173537254333496e-01
1.915205419063568115e-01
1.129928529262542725e-01
3.154254853725433350e-01
1.770853996276855469e-01
-1.306935995817184448e-01
-1.277760118246078491e-01
5.634250491857528687e-02
1.807626634836196899e-01
2.308126240968704224e-01
-4.414399862289428711e-01
-1.114824295043945312e+00
-1.485326290130615234e-01
-6.287582963705062866e-02
-1.776073314249515533e-02
1.394975036382675171e-01
-7.837048918008804321e-02
-1.772255636751651764e-03
4.390804097056388855e-02
-2.145895004272460938e+00
-1.781352996826171875e+00
-1.532880902290344238e+00
-3.805107474327087402e-01
3.037555329501628876e-02
-3.502168655395507812e-01
2.720263898372650146e-01
3.783507943153381348e-01
2.819501161575317383e-01
1.858055442571640015e-01
-1.111868843436241150e-01
-5.329878926277160645e-01
-1.299821883440017700e-01
-6.514202356338500977e-01
-1.449911355972290039e+00
-7.179906368255615234e-01
-1.317280411720275879e+00
-1.357780456542968750e+00
-6.600582003593444824e-01
-1.627593636512756348e+00
-1.397512912750244141e+00
-8.913069963455200195e-01
-1.992706656455993652e+00
-1.304448485374450684e+00
-3.386584520339965820e-01
1.521218121051788330e-01
2.578539252281188965e-01
2.246409207582473755e-01
2.587828636169433594e-01
3.026972711086273193e-01
-8.749637603759765625e-01
-6.931028962135314941e-01
9.082958847284317017e-02
-3.550390154123306274e-02
-2.920154035091400146e-01
-8.682540655136108398e-01
-1.222580552101135254e+00
-2.812071330845355988e-02
2.093403339385986328e-01
4.429689943790435791e-01
4.282129108905792236e-01
3.032201230525970459e-01
4.538706541061401367e-01
5.836719274520874023e-01
7.978717088699340820e-01
4.682725667953491211e-01
2.952516376972198486e-01
5.172606706619262695e-01
5.826823115348815918e-01
5.619966983795166016e-01
-1.007849946618080139e-01
4.189530313014984131e-01
4.619282782077789307e-01
3.976938128471374512e-01
3.461004197597503662e-01
3.264580667018890381e-01
3.152726888656616211e-01
3.416621685028076172e-01
4.522704780101776123e-01
1.828982830047607422e-01
4.692444205284118652e-01
1.815133728086948395e-02
2.148803323507308960e-01
3.023480176925659180e-01
4.045565426349639893e-02
3.252137303352355957e-01
4.906023740768432617e-01
4.123668670654296875e-01
1.513345539569854736e-01
-1.804995536804199219e-01
-1.705624312162399292e-01
-3.437636494636535645e-01
-8.724475502967834473e-01
-1.582496523857116699e+00
-1.273396849632263184e+00
-5.623042583465576172e-01
-8.648408055305480957e-01
-1.840198874473571777e+00
-6.193910837173461914e-01
1.623760312795639038e-01
4.364499449729919434e-02
2.117287814617156982e-01
3.948566615581512451e-01
2.708972990512847900e-01
3.704911172389984131e-01
-1.010651826858520508e+00
-6.476413607597351074e-01
-1.013286113739013672e-01
-4.115857556462287903e-02
9.402557276189327240e-03
2.214524447917938232e-01
-5.800157785415649414e-01
3.465576097369194031e-02
2.034449875354766846e-01
-9.474140405654907227e-01
-1.731440544128417969e+00
-7.669691443443298340e-01
2.902956902980804443e-01
1.713549494743347168e-01
2.252592891454696655e-01
6.422047615051269531e-01
6.464650630950927734e-01
1.287734955549240112e-01
-1.282871842384338379e+00
-5.596182346343994141e-01
-1.390767544507980347e-01
-9.871594905853271484e-01
-1.939789205789566040e-01
1.367404460906982422e-01
3.839761391282081604e-02
2.286927551031112671e-01
2.430538833141326904e-01
2.714187204837799072e-01
5.056015253067016602e-01
4.422950148582458496e-01
5.465986728668212891e-01
5.987026169896125793e-02
4.594744145870208740e-01
1.695695668458938599e-01
2.465732693672180176e-01
6.114519760012626648e-02
2.770837843418121338e-01
1.471511870622634888e-01
-1.090969920158386230e+00
-1.407289385795593262e+00
-1.785821080207824707e+00
-7.773856520652770996e-01
-1.214202642440795898e+00
7.051974534988403320e-02
-3.040529787540435791e-01
1.814997196197509766e-01
-2.149967476725578308e-03
6.362228095531463623e-02
-5.117869377136230469e-02
1.966809928417205811e-01
1.206058859825134277e-01
2.072546631097793579e-01
-8.609242439270019531e-01
-1.208445131778717041e-01
-9.561461210250854492e-02
-5.664863586425781250e-01
-1.915270924568176270e+00
-6.967612504959106445e-01
-1.509325206279754639e-01
-4.534622430801391602e-01
-1.391102522611618042e-01
-1.516971945762634277e+00
-1.496525645256042480e+00
-9.983278512954711914e-01
-1.856778711080551147e-01
-2.368010580539703369e-01
-8.873616158962249756e-02
4.614598676562309265e-02
1.670053750276565552e-01
1.077534332871437073e-01
4.942446202039718628e-02
2.614383995532989502e-01
4.006369113922119141e-01
-7.680981755256652832e-01
-3.596783876419067383e-01
1.086210981011390686e-01
2.256290167570114136e-01
2.583674788475036621e-01
-1.573729962110519409e-01
-3.424833714962005615e-01
-3.657960295677185059e-01
-2.432097345590591431e-01
-3.893438875675201416e-01
2.269048057496547699e-02
-2.508331239223480225e-01
-4.787718355655670166e-01
-7.748325169086456299e-02
4.758937284350395203e-02
3.311839103698730469e-01
4.674688279628753662e-01
4.554152786731719971e-01
5.137968659400939941e-01
4.790179729461669922e-01
5.929976105690002441e-01
5.654160380363464355e-01
1.488116830587387085e-01
1.937340497970581055e-01
1.357281804084777832e-01
-2.843893766403198242e-01
2.447575926780700684e-01
1.466621160507202148e-01
4.233510494232177734e-01
5.422354936599731445e-01
4.575575888156890869e-01
-1.010049462318420410e+00
-1.004826784133911133e+00
-1.742605715990066528e-01
-9.231126904487609863e-01
-9.322622418403625488e-01
-2.802479565143585205e-01
-4.128599464893341064e-01
-2.936374843120574951e-01
2.186607941985130310e-02
2.087764628231525421e-02
1.088810563087463379e-01
-1.606249958276748657e-01
-3.937841355800628662e-01
4.331516921520233154e-01
-4.511010944843292236e-01
-1.493580698966979980e+00
-1.262070298194885254e+00
1.139969471842050552e-02
2.980251908302307129e-01
2.625152468681335449e-01
2.750855386257171631e-01
3.975746035575866699e-01
5.153715610504150391e-01
4.576972723007202148e-01
-1.082536056637763977e-01
-8.053577542304992676e-01
-1.818877309560775757e-01
1.118918135762214661e-01
1.264126598834991455e-01
3.138690441846847534e-02
-3.357430994510650635e-01
-2.183733433485031128e-01
-2.779855728149414062e-01
3.600581884384155273e-01
3.614323437213897705e-01
2.464080899953842163e-01
5.057163834571838379e-01
3.743477165699005127e-01
3.582374155521392822e-01
-1.812238693237304688e-01
-3.031758368015289307e-01
1.055872514843940735e-01
3.292314112186431885e-01
2.146746963262557983e-01
1.694748178124427795e-02
4.366134703159332275e-01
4.332127049565315247e-02
5.871285200119018555e-01
5.250881910324096680e-01
5.623585581779479980e-01
6.294592022895812988e-01
6.593331098556518555e-01
7.737095952033996582e-01
-6.613332629203796387e-01
4.051997065544128418e-01
5.133503079414367676e-01
2.954713702201843262e-01
8.059173077344894409e-02
2.212643474340438843e-01
3.253413140773773193e-01
1.936849802732467651e-01
6.176739931106567383e-02
-8.336442708969116211e-02
8.018954098224639893e-02
-1.854207038879394531e+00
-9.924517273902893066e-01
-9.890836477279663086e-02
-2.413578778505325317e-01
7.146099954843521118e-02
3.806639313697814941e-01
4.542211294174194336e-01
-3.027579188346862793e-01
-1.676860809326171875e+00
-5.739976763725280762e-01
-1.198229312896728516e+00
-1.285367727279663086e+00
-3.587374687194824219e-01
3.126283884048461914e-01
5.059098601341247559e-01
2.730134427547454834e-01
2.322346717119216919e-01
-7.190141677856445312e-01
-1.180461570620536804e-01
2.668049633502960205e-01
2.621849775314331055e-01
1.090167537331581116e-01
4.896072745323181152e-01
5.337481498718261719e-01
4.105245172977447510e-01
-1.177584454417228699e-01
1.351729333400726318e-01
-1.208557367324829102e+00
1.254134923219680786e-01
3.022371232509613037e-01
-2.321252226829528809e-01
-6.914756298065185547e-01
2.159267365932464600e-01
4.261291623115539551e-01
2.006775736808776855e-01
-5.783035159111022949e-01
-7.423577308654785156e-01
3.107874989509582520e-01
5.077870488166809082e-01
-7.257462143898010254e-01
-4.754143059253692627e-01
1.539722084999084473e-01
4.535918235778808594e-01
4.729181528091430664e-01
4.110359549522399902e-01
-9.666514992713928223e-01
-2.507786750793457031e-01
-1.653755549341440201e-03
-4.371083900332450867e-02
-1.198105454444885254e+00
-8.395801484584808350e-02
-1.566979587078094482e-01
2.937076985836029053e-01
5.924285948276519775e-02
-4.369401335716247559e-01
-3.201521337032318115e-01
-2.359800785779953003e-01
3.543932437896728516e-01
4.210056662559509277e-01
4.484410583972930908e-01
4.529102742671966553e-01
9.486508965492248535e-01
-3.809177279472351074e-01
2.690677046775817871e-01
-8.661888241767883301e-01
-1.409826520830392838e-02
-1.463016271591186523e-01
5.214854478836059570e-01
3.237729072570800781e-01
-4.802908301353454590e-01
4.300390928983688354e-02
2.013589441776275635e-01
1.510586142539978027e-01
4.173313081264495850e-01
4.879831802099943161e-03
5.480917692184448242e-01
8.569511771202087402e-01
-2.377229779958724976e-01
-3.745372295379638672e-01
-1.047210216522216797e+00
-9.185885787010192871e-01
-4.656619727611541748e-01
-7.675496339797973633e-01
-9.289059042930603027e-02
7.289088517427444458e-02
2.912708222866058350e-01
3.172254860401153564e-01
5.977100227028131485e-03
-2.566462457180023193e-01
2.928752005100250244e-01
2.667169272899627686e-01
-1.348477900028228760e-01
4.097913503646850586e-01
-6.724715977907180786e-02
5.213461518287658691e-01
9.972764551639556885e-02
5.104137659072875977e-01
-2.304790467023849487e-01
-5.561591386795043945e-01
1.712875217199325562e-01
1.254977583885192871e-01
1.621835976839065552e-01
-2.387149482965469360e-01
-9.510510414838790894e-02
-2.189058363437652588e-01
1.482937186956405640e-01
3.996405899524688721e-01
4.880287051200866699e-01
2.883035242557525635e-01
3.170415759086608887e-01
3.147623836994171143e-01
5.599804520606994629e-01
8.362686634063720703e-01
3.491469323635101318e-01
4.133383035659790039e-01
-1.295426607131958008e+00
1.125517189502716064e-01
-1.029929637908935547e+00
-2.915259078145027161e-02
1.843833774328231812e-01
4.255636930465698242e-01
-2.290604561567306519e-01
-5.374552011489868164e-01
-5.318568944931030273e-01
-3.990830183029174805e-01
2.170388847589492798e-01
-1.518193632364273071e-01
1.813299059867858887e-01
3.229635059833526611e-01
-1.974070221185684204e-01
-3.523311614990234375e-01
-1.126839891076087952e-01
-1.199053227901458740e-02
-4.337903112173080444e-02
4.074344336986541748e-01
2.484995424747467041e-01
1.019560933113098145e+00
1.007375121116638184e+00
9.202681183815002441e-01
7.417438626289367676e-01
-3.573668897151947021e-01
-2.538556754589080811e-01
-9.993456304073333740e-02
-1.136926487088203430e-01
-3.062021434307098389e-01
3.670487403869628906e-01
4.582836925983428955e-01
8.922532796859741211e-01
9.442088007926940918e-01
7.695600390434265137e-01
8.513854146003723145e-01
4.575104713439941406e-01
6.757843494415283203e-01
5.655562281608581543e-01
5.321173071861267090e-01
1.782378852367401123e-01
5.359925031661987305e-01
2.015610039234161377e-01
4.096952676773071289e-01
4.893531799316406250e-01
-6.708133816719055176e-01
3.511603176593780518e-02
7.746867090463638306e-02
-4.319034814834594727e-01
-3.309292197227478027e-01
2.395816333591938019e-02
-4.439763724803924561e-03
-3.375192284584045410e-01
-2.280481010675430298e-01
3.982218354940414429e-02
2.104869037866592407e-01
1.274797171354293823e-01
4.529178887605667114e-02
-1.546100825071334839e-01
-1.773813366889953613e-01
-7.290823012590408325e-02
-7.941598296165466309e-01
-1.070898652076721191e+00
-7.380291819572448730e-01
-7.569004297256469727e-01
-5.494706034660339355e-01
-4.147087931632995605e-01
-4.539729356765747070e-01
-3.162633478641510010e-01
-1.023992672562599182e-01
-3.075719997286796570e-02
1.807257384061813354e-01
1.193729117512702942e-01
1.813091188669204712e-01
1.411876976490020752e-01
-2.881652861833572388e-02
-1.285361945629119873e-01
-1.885006725788116455e-01
1.805249154567718506e-01
-2.834569811820983887e-01
3.199495375156402588e-01
3.405540287494659424e-01
5.895339846611022949e-01
5.441827774047851562e-01
5.306167006492614746e-01
2.917217016220092773e-01
4.527630507946014404e-01
4.441629350185394287e-01
5.518965721130371094e-01
5.439045429229736328e-01
2.507434487342834473e-01
2.345453500747680664e-01
2.546249330043792725e-01
1.525747478008270264e-01
-1.904089003801345825e-01
-1.640668958425521851e-01
8.560455590486526489e-02
-1.712552737444639206e-03
7.626478374004364014e-02
1.183824706822633743e-02
-5.130936503410339355e-01
-4.042887687683105469e-01
-4.868327975273132324e-01
-7.698522210121154785e-01
-6.342730522155761719e-01
-1.510755777359008789e+00
-1.394441485404968262e+00
-3.696201741695404053e-01
1.909595280885696411e-01
1.262905895709991455e-01
3.443154394626617432e-01
2.501188516616821289e-01
2.052130997180938721e-01
5.655148029327392578e-01
6.456685662269592285e-01
5.240738391876220703e-01
1.179346218705177307e-01
4.777272939682006836e-01
8.718730509281158447e-02
2.732210457324981689e-01
-2.334341853857040405e-01
-7.255888730287551880e-02
3.306840658187866211e-01
1.658952385187149048e-01
4.346492141485214233e-02
-3.480843305587768555e-01
-9.610687196254730225e-02
1.504614651203155518e-01
4.581519961357116699e-01
4.740833640098571777e-01
5.974546670913696289e-01
5.458096265792846680e-01
4.390242099761962891e-01
3.597228825092315674e-01
4.811839163303375244e-01
4.152160584926605225e-01
2.182379812002182007e-01
-1.733382821083068848e+00
-1.774615764617919922e+00
-1.687657833099365234e+00
-1.817815184593200684e+00
-1.730134367942810059e+00
-1.669933080673217773e+00
-1.725385665893554688e+00
-1.790175437927246094e+00
-1.695779561996459961e+00
-1.789766311645507812e+00
-1.736007094383239746e+00
-1.913819789886474609e+00
-1.901781678199768066e+00
-1.797637581825256348e+00
-1.822543859481811523e+00
-1.871420502662658691e+00
-1.858979225158691406e+00
-2.054081916809082031e+00
-2.139376401901245117e+00
-2.053858280181884766e+00
-2.166646242141723633e+00
-1.789357423782348633e+00
-1.824031591415405273e+00
-1.837316274642944336e+00
-1.710628628730773926e+00
-1.760466933250427246e+00
-1.654472589492797852e+00
-1.810284137725830078e+00
-1.737552285194396973e+00
-1.891950726509094238e+00
-1.793705344200134277e+00
-1.895798563957214355e+00
-1.886748790740966797e+00
-1.702087998390197754e+00
-1.754946589469909668e+00
-1.704602718353271484e+00
-1.707434654235839844e+00
-1.662984251976013184e+00
-1.689531564712524414e+00
-1.667090892791748047e+00
-1.605023860931396484e+00
-1.666662573814392090e+00
-1.659392952919006348e+00
-1.679053783416748047e+00
-1.649898409843444824e+00
-1.622055292129516602e+00
-1.666157126426696777e+00
-1.651811599731445312e+00
-1.671601414680480957e+00
-1.643093585968017578e+00
-1.607438206672668457e+00
-1.734410881996154785e+00
-1.625115990638732910e+00
-1.667177677154541016e+00
-1.858555912971496582e+00
-1.657057046890258789e+00
-1.653520464897155762e+00
-1.667776703834533691e+00
-1.685942173004150391e+00
-1.713571071624755859e+00
-1.629364967346191406e+00
-1.682973265647888184e+00
-1.722398996353149414e+00
-1.686849355697631836e+00
-1.668080806732177734e+00
-1.637065529823303223e+00
-1.865957379341125488e+00
-1.602526068687438965e+00
-1.600586295127868652e+00
-1.664975047111511230e+00
-1.599281072616577148e+00
-1.684613347053527832e+00
-1.750091075897216797e+00
-1.672338128089904785e+00
-1.630508661270141602e+00
-1.634351849555969238e+00
-1.566158413887023926e+00
-1.638464570045471191e+00
-1.664983272552490234e+00
-1.635184645652770996e+00
-1.691827774047851562e+00
-1.607207298278808594e+00
-1.618235707283020020e+00
-1.662629961967468262e+00
-1.649622082710266113e+00
-1.574532032012939453e+00
-1.823416829109191895e+00
-1.662343502044677734e+00
-1.602418899536132812e+00
-1.683727502822875977e+00
-1.699951887130737305e+00
-1.661099076271057129e+00
-1.724694967269897461e+00
-1.713671207427978516e+00
-1.887009263038635254e+00
-1.573168396949768066e+00
-1.592739939689636230e+00
-1.659775018692016602e+00
-1.724357724189758301e+00
-1.629765748977661133e+00
-1.696181058883666992e+00
-1.619435787200927734e+00
-1.657206177711486816e+00
-1.891738891601562500e+00
-1.973684668540954590e+00
-2.036515712738037109e+00
-2.177272081375122070e+00
-1.795593500137329102e+00
-1.797203779220581055e+00
-1.747717499732971191e+00
-1.861138582229614258e+00
-1.864303708076477051e+00
-1.838887095451354980e+00
-2.102488279342651367e+00
-1.874833345413208008e+00
-1.944181919097900391e+00
-1.884341120719909668e+00
-1.839740633964538574e+00
-1.796345710754394531e+00
-1.711427807807922363e+00
-1.772539734840393066e+00
-1.726073384284973145e+00
-1.708788037300109863e+00
-1.681100606918334961e+00
-1.658090829849243164e+00
-1.835778594017028809e+00
-1.767249584197998047e+00
-1.649532675743103027e+00
-1.759469032287597656e+00
-1.759157180786132812e+00
-1.852312684059143066e+00
-1.786263346672058105e+00
-1.827728748321533203e+00
-1.873295545578002930e+00
-1.931767940521240234e+00
-2.056177854537963867e+00
-1.898375272750854492e+00
-1.977217555046081543e+00
-1.873261332511901855e+00
-1.647950291633605957e+00
-1.515122294425964355e+00
-1.649080514907836914e+00
-1.668651819229125977e+00
-1.739117503166198730e+00
-1.728721618652343750e+00
-1.713398694992065430e+00
-1.798565506935119629e+00
-1.807332634925842285e+00
-1.602573871612548828e+00
-1.725702285766601562e+00
-1.693001389503479004e+00
-1.754807829856872559e+00
-1.734859108924865723e+00
-1.709619879722595215e+00
-1.664136767387390137e+00
-1.695387482643127441e+00
-1.650772929191589355e+00
-1.698838949203491211e+00
-1.768680572509765625e+00
-1.786284565925598145e+00
-1.695650696754455566e+00
-1.720057964324951172e+00
-1.716639518737792969e+00
-1.748422503471374512e+00
-1.705138087272644043e+00
-1.668681740760803223e+00
-1.713939309120178223e+00
-1.605947494506835938e+00
-1.743982911109924316e+00
-1.786308765411376953e+00
-1.687150716781616211e+00
-1.639315962791442871e+00
-1.601967930793762207e+00
-1.752898573875427246e+00
-1.770945191383361816e+00
-1.754744172096252441e+00
-1.672876954078674316e+00
-1.698266029357910156e+00
-1.761580348014831543e+00
-1.736300945281982422e+00
-1.747850656509399414e+00
-1.787680625915527344e+00
-1.780937433242797852e+00
-1.757492423057556152e+00
-1.767970800399780273e+00
-1.856620550155639648e+00
-1.793501973152160645e+00
-1.691311717033386230e+00
-1.701107621192932129e+00
-1.809577822685241699e+00
-1.809097528457641602e+00
-1.772076606750488281e+00
-1.861763000488281250e+00
-1.735256433486938477e+00
-1.754065155982971191e+00
-1.730669379234313965e+00
-1.822874546051025391e+00
-1.772770643234252930e+00
-1.732144355773925781e+00
-1.769557356834411621e+00
-1.767296075820922852e+00
-1.771228671073913574e+00
-1.752051472663879395e+00
-1.751766443252563477e+00
-1.738903641700744629e+00
-1.777161002159118652e+00
-1.738985657691955566e+00
-1.733122348785400391e+00
-1.668791890144348145e+00
-1.784085869789123535e+00
-1.720552444458007812e+00
-1.749573469161987305e+00
-1.721803188323974609e+00
-2.025463104248046875e+00
-1.785958290100097656e+00
-2.190840482711791992e+00
-1.745807886123657227e+00
-1.686156749725341797e+00
-1.836057066917419434e+00
-1.844582796096801758e+00
-1.752806067466735840e+00
-1.852963685989379883e+00
-1.673834562301635742e+00
-1.658597350120544434e+00
-1.736154198646545410e+00
-1.767907381057739258e+00
-1.758106231689453125e+00
-1.735816359519958496e+00
-1.734848499298095703e+00
-1.800789833068847656e+00
-1.806948184967041016e+00
-1.726859331130981445e+00
-1.782085299491882324e+00
-1.728359580039978027e+00
-1.858929753303527832e+00
-1.782059550285339355e+00
-1.820117115974426270e+00
-1.804108142852783203e+00
-1.845725655555725098e+00
-1.783348798751831055e+00
-1.783357858657836914e+00
-1.835997700691223145e+00
-1.801874876022338867e+00
-1.816645383834838867e+00
-1.751096844673156738e+00
-1.796018719673156738e+00
-1.741854906082153320e+00
-1.747570514678955078e+00
-1.919669389724731445e+00
-1.826304793357849121e+00
-1.992254853248596191e+00
-1.748560547828674316e+00
-1.787091016769409180e+00
-1.909311056137084961e+00
-1.820999383926391602e+00
-1.782841682434082031e+00
-1.823141574859619141e+00
-1.783387064933776855e+00
-1.821433305740356445e+00
-1.797749161720275879e+00
-1.816042661666870117e+00
-1.733259320259094238e+00
-1.932730913162231445e+00
-1.867590188980102539e+00
-2.123417139053344727e+00
-2.124159574508666992e+00
-1.802033424377441406e+00
-1.734212517738342285e+00
-1.755653738975524902e+00
-1.699445962905883789e+00
-1.758184432983398438e+00
-1.836977481842041016e+00
-1.616437792778015137e+00
-1.606206655502319336e+00
-1.609241247177124023e+00
-1.734966516494750977e+00
-1.657110929489135742e+00
-1.825563549995422363e+00
-1.731615900993347168e+00
-1.717173576354980469e+00
-1.722405433654785156e+00
-1.735193967819213867e+00
-1.851532697677612305e+00
-1.758264660835266113e+00
-1.892187356948852539e+00
-1.851229071617126465e+00
-1.898907661437988281e+00
-1.821261405944824219e+00
-1.702108383178710938e+00
-1.775896310806274414e+00
-1.770443201065063477e+00
-1.761286973953247070e+00
-1.716876864433288574e+00
-1.691132783889770508e+00
-1.602595686912536621e+00
-2.139506816864013672e+00
-1.958630323410034180e+00
-2.416609525680541992e+00
-2.045783519744873047e+00
-1.845015406608581543e+00
-1.776583433151245117e+00
-1.786296963691711426e+00
-1.756257057189941406e+00
-1.590140700340270996e+00
-1.145212769508361816e+00
-1.035411834716796875e+00
-8.679137229919433594e-01
-7.655314207077026367e-01
-6.095495820045471191e-01
-6.279082298278808594e-01
-4.481467902660369873e-01
-6.300183534622192383e-01
-1.389180898666381836e+00
-1.545398950576782227e+00
-1.735437870025634766e+00
-2.008363962173461914e+00
-1.797111034393310547e+00
-1.153976678848266602e+00
-1.081880450248718262e+00
-1.580588579177856445e+00
-1.074806928634643555e+00
-9.355847835540771484e-01
-8.374659419059753418e-01
-4.651575386524200439e-01
-3.651403784751892090e-01
-4.104733765125274658e-01
-2.443258762359619141e-01
-4.642535150051116943e-01
-5.164390802383422852e-01
-1.616688519716262817e-01
3.185520470142364502e-01
1.961829066276550293e-01
2.228869348764419556e-01
4.877819120883941650e-02
-4.875305593013763428e-01
1.312680244445800781e-01
3.959529995918273926e-01
7.196502089500427246e-01
7.810672521591186523e-01
8.282346725463867188e-01
3.732621371746063232e-01
9.002135992050170898e-01
8.726117610931396484e-01
9.291669130325317383e-01
1.123343348503112793e+00
1.030204415321350098e+00
5.061224699020385742e-01
1.176537513732910156e+00
1.049417495727539062e+00
1.024110794067382812e+00
9.955446720123291016e-01
1.129831194877624512e+00
9.853021502494812012e-01
1.168414473533630371e+00
1.315399169921875000e+00
1.369546413421630859e+00
1.205897092819213867e+00
1.433213949203491211e+00
1.162330508232116699e+00
8.489228487014770508e-01
8.681659698486328125e-01
9.341794848442077637e-01
1.078572154045104980e+00
9.199709296226501465e-01
1.133509039878845215e+00
9.718071222305297852e-01
1.253344178199768066e+00
1.083852052688598633e+00
6.556537747383117676e-01
2.853635698556900024e-02
-1.136928796768188477e+00
-1.807292938232421875e+00
-1.696701169013977051e+00
-1.822387814521789551e+00
-1.726784467697143555e+00
-1.024950146675109863e+00
-4.845418632030487061e-01
-4.190060496330261230e-01
-1.508626937866210938e-01
-1.736037135124206543e-01
1.509563028812408447e-01
3.453005254268646240e-01
-1.340971887111663818e-01
4.120038822293281555e-02
-2.256393283605575562e-01
1.230547204613685608e-02
2.263710945844650269e-01
-3.937962651252746582e-01
-9.196302294731140137e-01
-2.136922031641006470e-01
4.220433831214904785e-01
4.797860085964202881e-01
1.357463896274566650e-01
2.992126643657684326e-01
2.562851309776306152e-01
6.587588191032409668e-01
6.311193704605102539e-01
1.019342184066772461e+00
9.832931756973266602e-01
4.271076619625091553e-01
8.433065414428710938e-01
1.031682252883911133e+00
1.040437221527099609e+00
8.146348595619201660e-01
6.827265620231628418e-01
8.480348587036132812e-01
9.046429395675659180e-01
8.842949867248535156e-01
8.692749738693237305e-01
9.504076838493347168e-01
8.848868608474731445e-01
9.712910652160644531e-01
1.041104912757873535e+00
9.559230804443359375e-01
6.459463834762573242e-01
7.528825402259826660e-01
6.450628638267517090e-01
-5.841818451881408691e-01
-8.442093729972839355e-01
-7.242969274520874023e-01
-2.318366020917892456e-01
-5.362223386764526367e-01
-1.070143878459930420e-01
-5.402737855911254883e-02
6.214811652898788452e-02
6.755511760711669922e-01
3.973623812198638916e-01
6.433438658714294434e-01
1.076493859291076660e+00
9.802113771438598633e-01
6.214806437492370605e-01
5.637067556381225586e-01
4.957609176635742188e-01
-3.987292349338531494e-01
-9.045051336288452148e-01
-1.952639937400817871e+00
-1.957155227661132812e+00
-1.206595897674560547e+00
-1.856674075126647949e+00
-1.847687244415283203e+00
-1.658988595008850098e+00
-9.281548857688903809e-01
-1.241592645645141602e+00
-1.691118121147155762e+00
-1.486643195152282715e+00
-9.507238864898681641e-01
-8.246945738792419434e-01
-2.807649075984954834e-01
-3.279365897178649902e-01
-2.037103623151779175e-01
-6.142210364341735840e-01
-6.262878179550170898e-01
-1.963599175214767456e-01
2.756721973419189453e-01
4.769641458988189697e-01
4.349955320358276367e-01
5.138880610466003418e-01
4.614055752754211426e-01
5.861850380897521973e-01
5.881246328353881836e-01
1.490686535835266113e-01
3.058084845542907715e-01
-1.045888438820838928e-01
2.824572324752807617e-01
3.568064868450164795e-01
1.703418493270874023e-01
5.622170567512512207e-01
3.625878691673278809e-01
6.814446449279785156e-01
1.916307955980300903e-01
7.396165728569030762e-01
5.383043289184570312e-01
4.786477982997894287e-01
2.550550997257232666e-01
2.341806143522262573e-01
1.194951757788658142e-01
2.035344690084457397e-01
7.498071342706680298e-02
-1.523115515708923340e+00
-9.733829498291015625e-01
-1.397309780120849609e+00
-1.781957030296325684e+00
-1.264460921287536621e+00
-7.856706976890563965e-01
-5.771473050117492676e-01
-1.834168910980224609e+00
-7.436119914054870605e-01
-8.253460526466369629e-01
-1.396989464759826660e+00
-5.453920364379882812e-01
-5.044572949409484863e-01
-4.844053983688354492e-01
-5.403711199760437012e-01
-8.739466071128845215e-01
-4.294075071811676025e-01
-1.802563071250915527e-01
-6.044120788574218750e-01
-8.085570931434631348e-01
-1.238478183746337891e+00
-1.444388031959533691e+00
-1.337625741958618164e+00
-9.367731809616088867e-01
-1.590515732765197754e+00
-9.590584635734558105e-01
-1.385697245597839355e+00
-1.400493264198303223e+00
-2.063836157321929932e-01
7.832330465316772461e-01
7.021499276161193848e-01
7.471008300781250000e-01
7.273013591766357422e-01
7.350910902023315430e-01
-4.507325291633605957e-01
-9.492048025131225586e-01
-4.398945569992065430e-01
2.725707292556762695e-01
5.280968546867370605e-01
4.669883549213409424e-01
-1.090780258178710938e+00
8.946951478719711304e-03
2.304679453372955322e-01
3.892815411090850830e-01
9.017015099525451660e-01
1.031219363212585449e+00
1.036276102066040039e+00
9.802614450454711914e-01
7.463451027870178223e-01
7.089751362800598145e-01
6.443840265274047852e-01
8.083143830299377441e-01
7.069343328475952148e-01
6.027765274047851562e-01
-5.756397247314453125e-01
-2.821776568889617920e-01
3.170911967754364014e-01
5.073734521865844727e-01
4.756673574447631836e-01
-5.947150588035583496e-01
-2.065648794174194336e+00
-1.699680805206298828e+00
-1.727412343025207520e+00
-1.501817703247070312e+00
-1.035799145698547363e+00
-4.069611430168151855e-01
-1.104838967323303223e+00
-8.633505702018737793e-01
-8.026592731475830078e-01
-5.392180681228637695e-01
-1.080084919929504395e+00
-4.116910323500633240e-02
1.961183398962020874e-01
1.232019886374473572e-01
2.517460286617279053e-01
6.270742416381835938e-01
6.132574677467346191e-01
5.965810418128967285e-01
1.541466563940048218e-01
-9.445433020591735840e-01
-2.108448892831802368e-01
-1.270185351371765137e+00
-1.730255484580993652e+00
-1.881914615631103516e+00
-6.141828894615173340e-01
-1.550800681114196777e+00
-3.566382527351379395e-01
6.148024201393127441e-01
6.077545881271362305e-01
7.011353373527526855e-01
4.750719964504241943e-01
6.314143538475036621e-01
-2.485022097826004028e-01
5.013590455055236816e-01
3.834660053253173828e-01
2.728356719017028809e-01
-8.151108026504516602e-01
-4.900411963462829590e-01
2.035488337278366089e-01
-2.679683566093444824e-01
-1.639222621917724609e+00
-5.309276580810546875e-01
-1.076797246932983398e+00
-3.347626030445098877e-01
3.437290191650390625e-01
8.591294288635253906e-01
7.023323178291320801e-01
2.234956175088882446e-01
-9.533944725990295410e-01
-1.914925277233123779e-01
3.303387463092803955e-01
1.240182965993881226e-01
-1.706094622611999512e+00
-2.275705486536026001e-01
-2.316858768463134766e-01
-8.708407282829284668e-01
1.429242640733718872e-01
-2.961429953575134277e-02
-9.488198757171630859e-01
-1.935860157012939453e+00
-2.106864213943481445e+00
-1.799807310104370117e+00
-1.567236661911010742e+00
-1.083893299102783203e+00
-1.602852344512939453e+00
-8.926765918731689453e-01
-8.385675549507141113e-01
-8.614063262939453125e-01
-9.581970572471618652e-01
-7.629193663597106934e-01
-1.003751635551452637e+00
-5.840462446212768555e-01
-5.808245539665222168e-01
-4.098417758941650391e-01
-3.592834770679473877e-01
-3.114364147186279297e-01
-6.169531941413879395e-01
-4.652179181575775146e-01
-6.544268727302551270e-01
-1.563402414321899414e+00
-7.001666426658630371e-01
-6.487615108489990234e-01
-9.544368982315063477e-01
-7.159590721130371094e-01
-9.114701747894287109e-01
-9.692990183830261230e-01
-6.318261623382568359e-01
8.993249386548995972e-02
6.009108424186706543e-01
5.836718082427978516e-01
3.369022309780120850e-01
4.128361642360687256e-01
-2.988414168357849121e-01
-5.084161758422851562e-01
-2.742342054843902588e-01
-8.126884698867797852e-01
-7.389694452285766602e-01
-1.729230731725692749e-01
-6.407271325588226318e-02
-1.131460443139076233e-01
-6.462338566780090332e-01
-5.569010972976684570e-01
-1.721123099327087402e+00
-1.741474509239196777e+00
-1.802627444267272949e+00
-1.804418325424194336e+00
-1.758686661720275879e+00
