3.502661883831024170e-01
2.092161625623703003e-01
-1.682941243052482605e-02
1.118092015385627747e-01
2.964249253273010254e-01
1.480063647031784058e-01
-1.608497500419616699e-01
1.157906800508499146e-01
-3.316048905253410339e-02
3.216860294342041016e-01
-5.970018506050109863e-01
-7.279230356216430664e-01
-3.953908383846282959e-01
2.487100511789321899e-01
-2.890281379222869873e-01
1.217376664280891418e-01
4.125497639179229736e-01
3.813886046409606934e-01
2.868679761886596680e-01
4.893683493137359619e-01
5.046529769897460938e-01
3.933605849742889404e-01
6.473866105079650879e-01
6.978909373283386230e-01
7.388847470283508301e-01
6.357558369636535645e-01
7.908634543418884277e-01
4.012304842472076416e-01
3.737068474292755127e-01
2.871442437171936035e-01
1.492006480693817139e-01
4.249481856822967529e-01
4.482895135879516602e-01
6.059867739677429199e-01
4.760715067386627197e-01
2.971388995647430420e-01
5.163677334785461426e-01
3.573538959026336670e-01
3.799634575843811035e-01
4.687943160533905029e-01
4.909489154815673828e-01
8.029474020004272461e-01
6.513684988021850586e-01
3.273455798625946045e-01
3.240270614624023438e-01
-1.559278741478919983e-02
3.457889854907989502e-01
4.224152863025665283e-01
4.591806232929229736e-01
3.965601325035095215e-01
2.350075095891952515e-01
1.125551909208297729e-01
-2.002573162317276001e-01
3.680480122566223145e-01
-2.182982861995697021e-02
2.706236541271209717e-01
2.374480068683624268e-01
1.215683817863464355e-01
6.539008021354675293e-01
6.868124008178710938e-01
6.178554892539978027e-01
6.448286026716232300e-02
1.137263514101505280e-02
1.825317926704883575e-02
1.694567352533340454e-01
-1.712827682495117188e-01
-8.317132294178009033e-02
-3.173942267894744873e-01
-5.131932497024536133e-01
-4.635902345180511475e-01
-1.304440051317214966e-01
-3.046348094940185547e-01
-5.790378153324127197e-02
-1.657254099845886230e-01
4.468783140182495117e-01
-1.694347113370895386e-01
1.154221743345260620e-01
4.233712553977966309e-01
6.497489213943481445e-01
4.269681870937347412e-01
5.331380367279052734e-01
7.732943296432495117e-01
6.006273627281188965e-01
2.671147882938385010e-01
7.550530433654785156e-01
9.109022617340087891e-01
9.770831465721130371e-01
8.974533081054687500e-01
8.574593067169189453e-01
9.628801345825195312e-01
1.024401664733886719e+00
8.422199487686157227e-01
7.191358804702758789e-01
7.842043638229370117e-01
2.263505011796951294e-02
2.984339296817779541e-01
4.739249348640441895e-01
4.954291284084320068e-01
5.687227845191955566e-01
5.532894134521484375e-01
7.027262449264526367e-01
6.889150738716125488e-01
8.145633339881896973e-01
4.818101823329925537e-01
6.577633023262023926e-01
8.937829732894897461e-01
1.023335456848144531e+00
1.025999784469604492e+00
1.031652808189392090e+00
8.895013332366943359e-01
8.446522951126098633e-01
7.705681920051574707e-01
1.058629751205444336e+00
-2.254939824342727661e-01
-6.193643212318420410e-01
-4.644315838813781738e-01
-3.845399320125579834e-01
-3.315215408802032471e-01
-4.239710047841072083e-02
2.039420455694198608e-01
2.211515456438064575e-01
-9.889282286167144775e-02
-2.998181879520416260e-01
1.853772699832916260e-01
6.640452146530151367e-02
1.689293682575225830e-01
3.540997505187988281e-01
5.508500933647155762e-01
7.938879728317260742e-01
4.869060814380645752e-01
9.066084027290344238e-01
1.084849596023559570e+00
1.064982891082763672e+00
1.031634926795959473e+00
1.018983244895935059e+00
1.198014855384826660e+00
8.203924894332885742e-01
6.867340207099914551e-01
1.136183619499206543e+00
8.033152818679809570e-01
8.320994377136230469e-01
-9.282051324844360352e-01
-1.201311111450195312e+00
3.338480591773986816e-01
6.897848248481750488e-01
-1.188362479209899902e+00
5.895338058471679688e-01
2.844550609588623047e-01
6.404632329940795898e-01
-2.357397556304931641e+00
-2.396521806716918945e+00
-1.463967800140380859e+00
-1.145761966705322266e+00
-1.807620525360107422e+00
-1.696347475051879883e+00
-1.951419353485107422e+00
-1.985365390777587891e+00
-1.554739117622375488e+00
-1.365653991699218750e+00
-1.880853533744812012e+00
-2.692713022232055664e+00
-1.531954050064086914e+00
-7.601083517074584961e-01
-1.086214408278465271e-01
-2.121736407279968262e-01
2.275434285402297974e-01
5.265386104583740234e-01
4.584374129772186279e-01
7.804602384567260742e-01
8.005722761154174805e-01
1.019351720809936523e+00
6.480612754821777344e-01
5.041792392730712891e-01
9.314554929733276367e-01
1.177829265594482422e+00
9.747357368469238281e-01
8.749569058418273926e-01
1.097195982933044434e+00
5.671593546867370605e-01
8.686946034431457520e-01
6.695844531059265137e-01
9.714062213897705078e-01
1.046624183654785156e+00
-2.805412001907825470e-02
6.831381320953369141e-01
7.148813009262084961e-01
7.607166767120361328e-01
5.596644058823585510e-02
6.812214851379394531e-01
5.202064514160156250e-01
6.725996732711791992e-01
8.097114562988281250e-01
6.963419914245605469e-01
5.019196867942810059e-01
5.630870461463928223e-01
2.255772054195404053e-01
3.536093607544898987e-02
3.172011375427246094e-01
-7.875348329544067383e-01
1.027512252330780029e-01
-3.034917414188385010e-01
1.866278052330017090e-01
2.311455607414245605e-01
-4.429745078086853027e-01
-4.473564922809600830e-01
-3.173944726586341858e-02
-4.037207365036010742e-01
-1.731543242931365967e-01
-3.350522220134735107e-01
-7.327784895896911621e-01
-1.906378507614135742e+00
-1.078307628631591797e+00
-1.699063181877136230e-01
1.259819418191909790e-01
-1.334152817726135254e-01
1.918205171823501587e-01
2.591360211372375488e-01
2.879326641559600830e-01
4.007226824760437012e-01
3.737669885158538818e-01
5.976609587669372559e-01
8.888289332389831543e-01
-3.058647513389587402e-01
-2.554084539413452148e+00
-4.536874592304229736e-01
5.276558399200439453e-01
2.397915273904800415e-01
7.696996927261352539e-01
3.558844625949859619e-01
4.520509764552116394e-02
-7.124760001897811890e-02
-1.167225122451782227e+00
-1.938614606857299805e+00
-1.578918814659118652e+00
-9.429989457130432129e-01
-8.095458745956420898e-01
-8.334993124008178711e-01
2.966393902897834778e-02
2.689967304468154907e-02
1.850906386971473694e-02
3.168916702270507812e-01
2.878847718238830566e-01
-6.587506532669067383e-01
-1.756910204887390137e+00
-2.081350564956665039e+00
-9.865227937698364258e-01
-7.974278926849365234e-01
-4.762232601642608643e-01
-6.805604696273803711e-01
-3.809900283813476562e-01
4.222501218318939209e-01
6.942450404167175293e-01
8.330056071281433105e-02
2.392533123493194580e-01
-9.129584431648254395e-01
3.940890729427337646e-02
1.577278524637222290e-01
4.530805349349975586e-01
-3.804904222488403320e-01
1.533776223659515381e-01
2.896194159984588623e-01
3.964057862758636475e-01
8.856639266014099121e-01
1.527891606092453003e-01
-1.153406351804733276e-01
9.245345592498779297e-01
1.105286121368408203e+00
4.557284414768218994e-01
4.704812169075012207e-01
-1.509018242359161377e-01
5.338426828384399414e-01
-1.232184618711471558e-01
7.384160906076431274e-02
1.796686905436217785e-03
-2.539458870887756348e-01
-6.047073602676391602e-01
1.239609625190496445e-02
-5.010403990745544434e-01
-7.247216105461120605e-01
-1.026048421859741211e+00
-3.464635014533996582e-01
-8.344433307647705078e-01
-8.051561713218688965e-01
-1.029129505157470703e+00
-6.776413917541503906e-01
-1.075663328170776367e+00
-5.704303383827209473e-01
-6.271298974752426147e-02
9.232667088508605957e-02
-1.146525144577026367e+00
-5.457688570022583008e-01
-6.251703500747680664e-01
3.551998734474182129e-02
5.816626548767089844e-01
1.420984864234924316e-01
2.363361418247222900e-01
2.408904135227203369e-01
7.745698094367980957e-01
8.213170170783996582e-01
8.634190559387207031e-01
3.977811634540557861e-01
6.738604307174682617e-01
9.482327103614807129e-02
-8.554736375808715820e-01
-1.497025012969970703e+00
-2.329460382461547852e+00
-1.063860774040222168e+00
-2.661087989807128906e+00
-4.980646371841430664e-01
-2.829045534133911133e+00
-1.674847364425659180e+00
-6.219688653945922852e-01
-6.877604126930236816e-01
-2.583357393741607666e-01
1.477722972631454468e-01
2.390191406011581421e-01
4.739800691604614258e-01
4.687695503234863281e-01
4.865180552005767822e-01
4.001650810241699219e-01
7.262966781854629517e-02
3.001586496829986572e-01
5.992012619972229004e-01
6.750885844230651855e-01
9.108372330665588379e-01
2.162120342254638672e-01
-2.329349994659423828e+00
-4.642720222473144531e-01
6.054104492068290710e-02
-2.753388404846191406e+00
-3.660737276077270508e-01
1.564846336841583252e-01
2.123614400625228882e-01
7.947250455617904663e-02
-2.005221992731094360e-01
-3.047759830951690674e-01
-4.982178658246994019e-02
2.891076803207397461e-01
4.492743313312530518e-01
2.176668643951416016e-01
2.102665007114410400e-01
2.213392555713653564e-01
6.043963432312011719e-01
8.198810815811157227e-01
4.555712938308715820e-01
7.211191058158874512e-01
8.892760872840881348e-01
3.648880720138549805e-01
5.484116077423095703e-01
4.093874394893646240e-01
2.747282981872558594e-01
-1.167500540614128113e-01
2.891595065593719482e-01
6.403462290763854980e-01
-7.937071919441223145e-01
-3.846069872379302979e-01
1.950296014547348022e-01
-4.888004660606384277e-01
-1.451450586318969727e-01
8.740414381027221680e-01
9.096826910972595215e-01
-4.955124855041503906e-01
2.233189493417739868e-01
6.101866960525512695e-01
2.996022105216979980e-01
8.841813206672668457e-01
7.718465328216552734e-01
3.858809173107147217e-01
4.867637064307928085e-03
7.936989068984985352e-01
1.460552215576171875e+00
2.451992779970169067e-01
5.048891305923461914e-01
8.243057131767272949e-01
8.395485281944274902e-01
1.058805465698242188e+00
8.069748282432556152e-01
1.153709173202514648e+00
8.942742347717285156e-01
2.578660845756530762e-01
-2.972879111766815186e-01
3.451859056949615479e-01
6.159276366233825684e-01
8.152529001235961914e-01
8.221218585968017578e-01
3.578800559043884277e-01
8.149209618568420410e-01
9.783000946044921875e-01
7.246881723403930664e-01
8.074315786361694336e-01
8.461714982986450195e-01
3.884275853633880615e-01
6.207774877548217773e-01
5.074347257614135742e-01
7.285012602806091309e-01
-3.093088567256927490e-01
3.373382687568664551e-01
7.085717320442199707e-01
6.625356674194335938e-01
5.286428332328796387e-01
9.070932865142822266e-02
-8.549088835716247559e-01
-2.364055216312408447e-01
3.157666027545928955e-01
5.453395247459411621e-01
-2.066433131694793701e-01
1.580471694469451904e-01
-3.788460418581962585e-02
-2.050796300172805786e-01
-1.731387853622436523e+00
-1.449359655380249023e+00
-6.337693929672241211e-01
-5.376316979527473450e-02
2.525960206985473633e-01
5.498154833912849426e-02
-3.399932980537414551e-01
-3.387860655784606934e-01
-1.643532216548919678e-01
-3.092323243618011475e-01
-1.835413455963134766e+00
-5.579264760017395020e-01
1.717125177383422852e-01
9.980593621730804443e-02
-1.420490264892578125e+00
-1.239211678504943848e+00
-1.445818662643432617e+00
-1.098548769950866699e+00
-7.819618582725524902e-01
-7.727360129356384277e-01
-1.173220276832580566e+00
-1.598770737648010254e+00
-1.964664101600646973e+00
-1.750296473503112793e+00
-8.360363245010375977e-01
-3.101252317428588867e-01
-1.023379862308502197e-01
-2.651947736740112305e-01
-3.218328952789306641e-01
-8.438906073570251465e-01
-5.590203404426574707e-01
9.599493443965911865e-02
-6.855636239051818848e-01
-6.451095938682556152e-01
-2.096923589706420898e-01
2.156102284789085388e-02
5.868455767631530762e-01
2.568827271461486816e-01
-5.663605928421020508e-01
-6.758189946413040161e-02
3.488986492156982422e-01
6.570741534233093262e-01
8.336718082427978516e-01
9.019855260848999023e-01
8.097484111785888672e-01
8.801168799400329590e-01
9.040992856025695801e-01
4.097560346126556396e-01
6.288010478019714355e-01
2.906772792339324951e-01
2.411441504955291748e-01
-1.354812264442443848e+00
-1.917280673980712891e+00
-1.276631951332092285e+00
-1.297747731208801270e+00
-1.794736623764038086e+00
-8.877453804016113281e-01
-2.776765525341033936e-01
-8.427442908287048340e-01
-6.505521535873413086e-01
-6.853579878807067871e-01
-6.517443060874938965e-01
-2.149289846420288086e+00
-1.355977654457092285e+00
-7.101448178291320801e-01
-1.082527115941047668e-01
-2.080855369567871094e-01
-1.417620182037353516e+00
-1.178251743316650391e+00
-9.277193546295166016e-01
-1.634530186653137207e+00
-1.700544953346252441e+00
-1.096557855606079102e+00
-1.639897704124450684e+00
-2.532608270645141602e+00
-1.292858958244323730e+00
-5.057181231677532196e-03
3.316063880920410156e-01
1.317677795886993408e-01
-2.261398583650588989e-01
3.238791823387145996e-01
-2.034379988908767700e-01
6.817667931318283081e-02
6.417690515518188477e-01
4.480872750282287598e-01
3.539208173751831055e-01
6.480470299720764160e-01
2.867601215839385986e-01
6.045398116111755371e-01
4.482361376285552979e-01
4.320926070213317871e-01
6.521034240722656250e-01
2.682065665721893311e-01
-1.911133646965026855e+00
-7.342518568038940430e-01
-3.580535054206848145e-01
1.728914305567741394e-02
8.845876157283782959e-02
-1.077698111534118652e+00
-5.734049677848815918e-01
2.927626371383666992e-01
-1.093943119049072266e-01
6.487383246421813965e-01
7.882903814315795898e-01
-3.043713867664337158e-01
6.847538352012634277e-01
7.381919622421264648e-01
8.652911186218261719e-01
1.078139424324035645e+00
1.117134928703308105e+00
1.038794398307800293e+00
8.508375287055969238e-01
8.214027881622314453e-01
4.480589926242828369e-01
-3.923760354518890381e-01
-1.815208792686462402e+00
-9.776834249496459961e-01
1.935523897409439087e-01
6.935327053070068359e-01
-1.849337697029113770e+00
-8.503491282463073730e-01
-5.017200112342834473e-01
9.722388535737991333e-02
4.219080507755279541e-01
3.871802985668182373e-01
-1.776791214942932129e+00
-2.741887092590332031e+00
-4.779187142848968506e-01
-1.698855757713317871e+00
-9.318261742591857910e-01
-1.616323828697204590e+00
-2.731848478317260742e+00
-1.001692652702331543e+00
-5.206667780876159668e-01
-1.005893826484680176e+00
-3.794613480567932129e-01
3.713105916976928711e-01
4.097000956535339355e-01
-1.225637122988700867e-01
3.442602455615997314e-01
5.292290449142456055e-01
-1.573926687240600586e+00
-4.669494330883026123e-01
-9.722819924354553223e-02
-3.864868879318237305e-01
-6.143077611923217773e-01
-1.771589636802673340e+00
-2.616960763931274414e+00
-1.547383904457092285e+00
-1.016113877296447754e+00
-9.077997803688049316e-01
-3.123094737529754639e-01
-3.499558568000793457e-01
-1.962245702743530273e+00
-1.484881162643432617e+00
-3.828828334808349609e-01
-1.482199728488922119e-01
7.694475352764129639e-02
1.999438405036926270e-01
-2.635852992534637451e-01
-1.166211962699890137e+00
-9.041479825973510742e-01
2.888238131999969482e-01
4.351221621036529541e-01
1.498886793851852417e-01
3.148487508296966553e-01
-2.796338498592376709e-01
1.959582120180130005e-01
-6.913378089666366577e-02
5.468049272894859314e-02
-1.545834392309188843e-01
-4.879772067070007324e-01
-1.173195838928222656e+00
-1.718823790550231934e+00
-2.467108964920043945e+00
-2.540876150131225586e+00
-1.200480222702026367e+00
-7.271980643272399902e-01
-1.360334277153015137e+00
-1.719834089279174805e+00
-1.292404532432556152e+00
-1.657178759574890137e+00
-2.052046537399291992e+00
-1.521460533142089844e+00
-1.738239884376525879e+00
-1.589329123497009277e+00
-1.546256840229034424e-01
-1.106420874595642090e+00
-2.883833050727844238e-01
-1.503333896398544312e-01
-8.642697930335998535e-01
3.341872394084930420e-01
9.049383550882339478e-02
4.387948215007781982e-01
8.285973072052001953e-01
8.378748297691345215e-01
4.085029363632202148e-01
-3.024571109563112259e-03
-1.216342210769653320e+00
-3.370878994464874268e-01
7.266151905059814453e-02
2.836395502090454102e-01
1.566866189241409302e-01
-4.885286986827850342e-01
-7.684096097946166992e-01
-2.010896921157836914e+00
-1.029518604278564453e+00
-1.156426310539245605e+00
-1.148989081382751465e+00
-1.118669509887695312e+00
-1.794362545013427734e+00
-2.038841009140014648e+00
-2.659385919570922852e+00
-1.566888689994812012e+00
-8.030737042427062988e-01
-8.950935006141662598e-01
-1.779798626899719238e+00
-1.250798702239990234e+00
-1.972377181053161621e+00
-1.648052930831909180e+00
-1.975564122200012207e+00
-9.350016117095947266e-01
-1.087301015853881836e+00
-1.042166829109191895e+00
-9.952490329742431641e-01
-1.687928199768066406e+00
-5.154073238372802734e-01
-1.090278476476669312e-01
4.273967146873474121e-01
5.146045684814453125e-01
3.183699846267700195e-01
3.128435015678405762e-01
3.344901502132415771e-01
2.991116642951965332e-01
3.597474396228790283e-01
-4.924384057521820068e-01
-2.641066789627075195e+00
-1.549297928810119629e+00
-5.612987279891967773e-01
-1.247894167900085449e+00
-1.036074280738830566e+00
-9.447848796844482422e-01
-2.992006242275238037e-01
-1.025517582893371582e+00
-1.149720788002014160e+00
-1.157936930656433105e+00
-1.711074948310852051e+00
-2.452799797058105469e+00
-2.261408567428588867e+00
-1.716162919998168945e+00
-6.232982873916625977e-01
-4.029423594474792480e-01
5.689438059926033020e-02
-2.231422513723373413e-01
3.587046265602111816e-02
1.268884390592575073e-01
-5.421830415725708008e-01
-5.375799909234046936e-02
-1.352794766426086426e-01
4.681707620620727539e-01
9.606643021106719971e-02
5.679792761802673340e-01
4.852750571444630623e-04
5.261970758438110352e-01
5.953450798988342285e-01
-6.738759577274322510e-03
3.158659934997558594e-01
4.034927189350128174e-01
4.661737680435180664e-01
-3.520549237728118896e-01
-3.271334990859031677e-02
2.857683300971984863e-01
3.621962964534759521e-01
4.763249158859252930e-01
5.298746824264526367e-01
2.253053635358810425e-01
-1.692587882280349731e-01
-3.647380471229553223e-01
-2.814299166202545166e-01
-2.337388247251510620e-01
-1.913026869297027588e-01
3.426126241683959961e-01
5.129187107086181641e-01
-2.875603139400482178e-01
-5.096148848533630371e-01
-2.027754545211791992e+00
-2.494332641363143921e-01
-4.199914336204528809e-01
1.958305090665817261e-01
2.224645465612411499e-01
1.593991816043853760e-01
-5.667022466659545898e-01
-7.200669050216674805e-01
-7.777177095413208008e-01
-2.117971628904342651e-01
-4.563275575637817383e-01
-2.290258929133415222e-02
2.366673797369003296e-01
4.183369874954223633e-01
3.508308231830596924e-01
4.026553928852081299e-01
4.571272730827331543e-01
2.891742885112762451e-01
2.617005109786987305e-01
5.252944305539131165e-02
3.333900272846221924e-01
3.075874745845794678e-01
3.897696137428283691e-01
3.184230625629425049e-01
-1.631271690130233765e-01
3.202750682830810547e-01
4.192990660667419434e-01
3.344193696975708008e-01
2.272864580154418945e-01
6.055822595953941345e-02
4.696905314922332764e-01
-8.908344060182571411e-02
1.295118778944015503e-01
3.148936331272125244e-01
2.336167842149734497e-01
-9.908619523048400879e-01
-1.745611429214477539e-01
-2.877507209777832031e-01
4.929471388459205627e-02
9.041674435138702393e-02
-5.924822017550468445e-02
1.521939635276794434e-01
1.173866167664527893e-01
-2.437956631183624268e-02
-3.474704921245574951e-01
-4.976021349430084229e-01
-3.015626370906829834e-01
-1.216360926628112793e+00
-8.834651112556457520e-02
4.883903264999389648e-01
3.836336135864257812e-01
-2.700756490230560303e-01
-4.098589420318603516e-01
-7.606107592582702637e-01
-4.864148497581481934e-01
-3.822582215070724487e-02
1.754651069641113281e-01
1.720396056771278381e-02
1.516846269369125366e-01
-3.497448861598968506e-01
-2.330766201019287109e+00
-1.647285223007202148e+00
-6.961567997932434082e-01
4.802898317575454712e-02
7.876028120517730713e-02
4.191266894340515137e-01
1.773152351379394531e-01
-1.034571900963783264e-01
-2.003990858793258667e-01
1.238363534212112427e-01
1.999979168176651001e-01
1.844142079353332520e-01
-5.356413125991821289e-01
-1.156999588012695312e+00
-2.937849462032318115e-01
-3.230396807193756104e-01
1.610281616449356079e-01
1.072545424103736877e-01
-2.302583754062652588e-01
-9.850899875164031982e-02
-1.478400230407714844e-01
-1.920957922935485840e+00
-2.488435983657836914e+00
-1.559853434562683105e+00
-2.080693393945693970e-01
-6.271918118000030518e-02
-3.036868274211883545e-01
3.630725741386413574e-01
4.712634682655334473e-01
5.734851956367492676e-01
1.722466498613357544e-01
-3.792833685874938965e-01
-4.450666308403015137e-01
-2.845473885536193848e-01
-7.673902511596679688e-01
-2.032393455505371094e+00
-1.044887185096740723e+00
-9.930965304374694824e-01
-9.967528581619262695e-01
-1.569112896919250488e+00
-2.122919321060180664e+00
-1.722070693969726562e+00
-1.823967576026916504e+00
-2.557447195053100586e+00
-1.425453186035156250e+00
-4.177516698837280273e-01
9.505003690719604492e-02
1.257913112640380859e-01
3.193570375442504883e-01
2.638000249862670898e-01
1.680553555488586426e-01
-6.831684112548828125e-01
-6.640917062759399414e-01
-1.620060503482818604e-01
-9.235195815563201904e-02
-3.667249381542205811e-01
-1.422227978706359863e+00
-1.043207764625549316e+00
-2.070090770721435547e-01
2.173149883747100830e-01
4.815968275070190430e-01
5.282558202743530273e-01
3.493544757366180420e-01
6.133389472961425781e-01
7.696772217750549316e-01
9.535700082778930664e-01
8.338855504989624023e-01
4.744438230991363525e-01
7.601497769355773926e-01
7.900251746177673340e-01
9.300929307937622070e-01
1.192918717861175537e-01
4.319392740726470947e-01
5.653799176216125488e-01
5.510974526405334473e-01
4.120633006095886230e-01
4.063318967819213867e-01
2.733196318149566650e-01
4.382315576076507568e-01
4.364453852176666260e-01
1.985979378223419189e-01
4.683035016059875488e-01
-2.419256418943405151e-02
2.403650432825088501e-01
3.006026446819305420e-01
1.174315065145492554e-01
4.243865013122558594e-01
5.922062397003173828e-01
5.510136485099792480e-01
1.357555240392684937e-01
-2.006015777587890625e-01
-3.335342183709144592e-02
-5.860009789466857910e-01
-1.599045395851135254e+00
-2.444409608840942383e+00
-1.025918722152709961e+00
-1.185049653053283691e+00
-1.903349399566650391e+00
-2.564927339553833008e+00
-9.557699561119079590e-01
-1.017357632517814636e-01
-9.964928776025772095e-02
2.051527649164199829e-01
2.880812585353851318e-01
3.134180903434753418e-01
2.558687627315521240e-01
-8.727732896804809570e-01
-9.203186035156250000e-01
-7.791068404912948608e-02
-1.117623075842857361e-01
-3.126071095466613770e-01
-1.257427409291267395e-02
-6.531405448913574219e-01
2.005013450980186462e-02
1.113241240382194519e-01
-8.995462059974670410e-01
-1.710740447044372559e+00
-1.089903235435485840e+00
3.682538866996765137e-01
2.067661136388778687e-01
2.658104598522186279e-01
4.509381055831909180e-01
6.744592785835266113e-01
2.828552424907684326e-01
-1.133405923843383789e+00
-5.238640308380126953e-01
-1.188221350312232971e-01
-1.498325467109680176e+00
-2.864109873771667480e-01
2.451541721820831299e-01
1.626637764275074005e-02
3.010470271110534668e-01
2.216775864362716675e-01
2.300143986940383911e-01
4.822759628295898438e-01
3.785235583782196045e-01
2.364550083875656128e-01
1.004915237426757812e-01
4.615211784839630127e-01
1.329939216375350952e-01
1.792898476123809814e-01
-1.965935230255126953e-01
1.729043275117874146e-01
2.800045609474182129e-01
-1.320651054382324219e+00
-2.032050609588623047e+00
-2.659273147583007812e+00
-9.618857502937316895e-01
-1.417536139488220215e+00
-2.526964843273162842e-01
-1.504220515489578247e-01
2.450441122055053711e-01
2.225886285305023193e-01
2.828352749347686768e-01
-5.015661939978599548e-02
2.185193896293640137e-01
1.999988704919815063e-01
1.523441672325134277e-01
-9.653976559638977051e-01
-3.600862920284271240e-01
-3.400541543960571289e-01
-1.091044545173645020e+00
-2.028911590576171875e+00
-8.370420336723327637e-01
-1.070632413029670715e-01
-8.456984758377075195e-01
-5.662903189659118652e-01
-1.678429365158081055e+00
-2.508956909179687500e+00
-1.295751094818115234e+00
-4.259231090545654297e-01
-4.007606804370880127e-01
-1.727523505687713623e-01
-3.094277679920196533e-01
-2.429526597261428833e-01
-2.206579744815826416e-01
4.026341438293457031e-02
1.461488008499145508e-01
1.302555650472640991e-01
-9.951163530349731445e-01
-4.040420055389404297e-01
2.092282027006149292e-01
1.407704949378967285e-01
3.464601635932922363e-01
-1.871916055679321289e-01
-3.022958636283874512e-01
-3.219057321548461914e-01
-3.585476279258728027e-01
-3.447198867797851562e-01
-2.663750052452087402e-01
-3.158924877643585205e-01
-5.934349894523620605e-01
-9.114935249090194702e-02
-8.863910287618637085e-02
4.409284293651580811e-01
7.435973286628723145e-01
7.560036778450012207e-01
8.469415307044982910e-01
7.207670807838439941e-01
8.520445823669433594e-01
5.049568414688110352e-01
1.325505077838897705e-01
4.531606659293174744e-02
2.510879337787628174e-01
-4.673211276531219482e-01
2.994028031826019287e-01
1.766959428787231445e-01
3.100680708885192871e-01
6.332165002822875977e-01
6.735848784446716309e-01
-1.485316395759582520e+00
-1.577417731285095215e+00
8.934232592582702637e-02
-1.121712684631347656e+00
-1.136453866958618164e+00
-6.150282025337219238e-01
-8.123580217361450195e-01
-6.197256445884704590e-01
-1.930999457836151123e-01
-9.115307033061981201e-02
-2.520473301410675049e-01
-3.654552400112152100e-01
-5.546894669532775879e-01
-1.983517855405807495e-01
-1.003215670585632324e+00
-2.120632410049438477e+00
-1.415542244911193848e+00
-2.626117467880249023e-01
2.210578620433807373e-01
2.304504364728927612e-01
2.964089214801788330e-01
3.445798754692077637e-01
5.482093095779418945e-01
5.011220574378967285e-01
-3.288415819406509399e-02
-1.170494437217712402e+00
-8.598797768354415894e-02
4.165300130844116211e-01
2.675783634185791016e-01
2.227585762739181519e-01
-6.933331489562988281e-01
-2.216866314411163330e-01
-2.089136838912963867e-01
1.889909654855728149e-01
4.486951231956481934e-01
1.582628190517425537e-01
4.533109366893768311e-01
3.691661953926086426e-01
2.280914783477783203e-01
-1.367016881704330444e-01
-3.649225533008575439e-01
-2.758385837078094482e-01
-2.644667327404022217e-01
-9.902166575193405151e-02
1.130289435386657715e-01
3.884017765522003174e-01
1.402154117822647095e-01
4.405216574668884277e-01
8.208320140838623047e-01
1.054896354675292969e+00
7.672368288040161133e-01
1.026962876319885254e+00
1.157993435859680176e+00
-4.088772535324096680e-01
6.687074899673461914e-01
5.326699614524841309e-01
6.409354209899902344e-01
2.551334500312805176e-01
1.205731034278869629e-01
3.292616903781890869e-01
1.699018031358718872e-01
-2.084390372037887573e-01
-2.469297945499420166e-01
2.351770363748073578e-02
-2.738144874572753906e+00
-1.686663031578063965e+00
-4.029049277305603027e-01
-2.305122762918472290e-01
3.313368856906890869e-01
4.147281348705291748e-01
3.803328275680541992e-01
-8.986525535583496094e-01
-2.362662076950073242e+00
-6.965343952178955078e-01
-1.526383876800537109e+00
-1.498712897300720215e+00
-4.547670185565948486e-01
1.539590656757354736e-01
3.771170079708099365e-01
2.991157770156860352e-01
1.773888766765594482e-01
-5.985361933708190918e-01
-9.932180494070053101e-02
3.818555176258087158e-01
2.754266560077667236e-01
1.270028948783874512e-01
4.705823063850402832e-01
7.232751250267028809e-01
2.285922616720199585e-01
-2.540758550167083740e-01
1.871922165155410767e-01
-1.181268811225891113e+00
1.895778253674507141e-02
2.126801460981369019e-01
-2.375083714723587036e-01
-5.801516771316528320e-01
3.523676693439483643e-01
4.641672372817993164e-01
2.869142889976501465e-01
-5.168054103851318359e-01
-1.316500067710876465e+00
4.401932358741760254e-01
7.623579502105712891e-01
-4.861998856067657471e-01
-3.478854298591613770e-01
2.643495202064514160e-01
5.605751872062683105e-01
7.436650991439819336e-01
4.360164701938629150e-01
-5.995217561721801758e-01
-2.726927101612091064e-01
-6.202355772256851196e-02
-2.154177129268646240e-01
-1.542423725128173828e+00
-3.484566211700439453e-01
-3.823245167732238770e-01
3.285061419010162354e-01
3.878824645653367043e-03
-4.972261190414428711e-01
-6.820787787437438965e-01
-8.706332743167877197e-02
4.038022458553314209e-01
3.599804341793060303e-01
3.452117443084716797e-01
7.561550140380859375e-01
1.068161368370056152e+00
-2.595232725143432617e-01
3.993099629878997803e-01
-4.882497191429138184e-01
1.924306303262710571e-01
-3.139722645282745361e-01
6.626593470573425293e-01
4.414785206317901611e-01
-4.696247875690460205e-01
3.211785852909088135e-01
3.098307847976684570e-01
2.063450366258621216e-01
4.343933463096618652e-01
-2.308994233608245850e-01
7.076400518417358398e-01
1.044007897377014160e+00
2.360778395086526871e-03
-4.395611286163330078e-01
-8.068822622299194336e-01
-9.726411104202270508e-01
-5.617381334304809570e-01
-7.333634495735168457e-01
7.403693348169326782e-02
-4.257814586162567139e-02
2.643878161907196045e-01
2.949477136135101318e-01
-1.309826783835887909e-02
-3.317734003067016602e-01
3.368109762668609619e-01
2.649748325347900391e-01
-4.933739453554153442e-02
4.156337082386016846e-01
-2.285972237586975098e-03
6.316627860069274902e-01
1.804174631834030151e-01
6.913885474205017090e-01
-3.038777410984039307e-01
-4.702835083007812500e-01
2.691569328308105469e-01
2.243930399417877197e-01
2.453714460134506226e-01
-2.376663833856582642e-01
-3.651507794857025146e-01
-1.073126718401908875e-01
2.690299451351165771e-01
2.857556343078613281e-01
7.297859787940979004e-01
6.386612653732299805e-01
3.735951483249664307e-01
7.477674484252929688e-01
7.275212407112121582e-01
9.862150549888610840e-01
5.789318680763244629e-01
7.139771580696105957e-01
-1.014223456382751465e+00
1.656015962362289429e-01
-7.218385338783264160e-01
-7.743865251541137695e-02
3.297631144523620605e-01
4.283093214035034180e-01
-1.158886253833770752e-01
-5.144844651222229004e-01
-1.125775456428527832e+00
-5.404328107833862305e-01
3.923786431550979614e-02
2.100781910121440887e-02
2.313740402460098267e-01
2.760341763496398926e-01
-1.450841724872589111e-01
-1.851597279310226440e-01
5.501996725797653198e-02
2.373146712779998779e-01
-3.178828656673431396e-01
4.289996325969696045e-01
1.856113821268081665e-01
9.811662435531616211e-01
8.905270695686340332e-01
8.854113817214965820e-01
8.421374559402465820e-01
-1.719902306795120239e-01
-2.398280799388885498e-01
-1.087754294276237488e-01
-3.490801528096199036e-02
-1.719941198825836182e-01
5.349275469779968262e-01
6.893274784088134766e-01
9.608598351478576660e-01
1.035258173942565918e+00
1.159118175506591797e+00
9.572392106056213379e-01
4.814684987068176270e-01
8.623335361480712891e-01
8.675648570060729980e-01
6.354011297225952148e-01
3.268715739250183105e-01
3.668892979621887207e-01
1.881608963012695312e-01
2.104567438364028931e-01
4.123508930206298828e-01
-5.919038057327270508e-01
-1.736085265874862671e-01
2.907992005348205566e-01
-3.991980254650115967e-01
-5.217505097389221191e-01
-5.866350531578063965e-01
-2.303839325904846191e-01
-7.809064984321594238e-01
-3.106702864170074463e-01
-1.874951869249343872e-01
2.131583243608474731e-01
6.381534039974212646e-02
-2.077155411243438721e-01
-1.771016120910644531e-01
1.662437468767166138e-01
-3.228265047073364258e-01
-1.277473688125610352e+00
-1.673754096031188965e+00
-1.081766843795776367e+00
-8.292432427406311035e-01
-4.201437234878540039e-01
-3.982183337211608887e-01
-5.183244943618774414e-01
-3.708782196044921875e-01
-3.707543313503265381e-01
-3.078750371932983398e-01
-8.644989132881164551e-02
-7.400524616241455078e-02
1.950286030769348145e-01
-1.390012800693511963e-01
-5.585788562893867493e-02
-1.236723549664020538e-02
-2.196806520223617554e-01
-2.008511573076248169e-01
-6.888340711593627930e-01
2.993212938308715820e-01
3.724224269390106201e-01
3.549655079841613770e-01
5.130230784416198730e-01
4.046634137630462646e-01
1.745036989450454712e-01
3.552104234695434570e-01
4.396944344043731689e-01
5.994185805320739746e-01
8.521222472190856934e-01
4.510830640792846680e-01
4.984666407108306885e-01
5.122037529945373535e-01
2.647904157638549805e-01
-2.665427625179290771e-01
-3.348873853683471680e-01
1.505089849233627319e-01
-3.085503280162811279e-01
-2.027415633201599121e-01
-1.622991412878036499e-01
-1.158824563026428223e+00
-8.621141910552978516e-01
-1.405148506164550781e+00
-1.593080043792724609e+00
-1.552967190742492676e+00
-2.031208515167236328e+00
-1.542753338813781738e+00
-5.618825554847717285e-01
1.513428390026092529e-01
1.793679744005203247e-01
2.960920631885528564e-01
2.941166758537292480e-01
2.563171386718750000e-01
4.694007635116577148e-01
5.704497098922729492e-01
3.527574539184570312e-01
1.828362792730331421e-01
2.165793925523757935e-01
2.528507411479949951e-01
3.455603122711181641e-01
-1.328939646482467651e-01
-1.421858370304107666e-01
3.727363646030426025e-01
3.075491189956665039e-01
1.661656051874160767e-01
-5.611789822578430176e-01
-1.334389895200729370e-01
6.759803742170333862e-02
4.844099879264831543e-01
3.971458375453948975e-01
5.151120424270629883e-01
7.455391883850097656e-01
5.087053775787353516e-01
4.458090662956237793e-01
5.757398009300231934e-01
5.178067088127136230e-01
1.151029020547866821e-01
-1.595256328582763672e-01
1.934624165296554565e-01
-5.228881835937500000e-01
-1.105529665946960449e-01
-2.983352243900299072e-01
-2.185809761285781860e-01
-7.880108952522277832e-01
-3.599682152271270752e-01
-4.307266771793365479e-01
-8.477267026901245117e-01
-4.061814546585083008e-01
-1.166286826133728027e+00
-1.821722745895385742e+00
-1.289966225624084473e+00
-1.997501373291015625e+00
-1.443100452423095703e+00
-1.298767566680908203e+00
-2.590908288955688477e+00
-2.517499923706054688e+00
-2.485505104064941406e+00
-2.669211387634277344e+00
-1.754322409629821777e+00
-7.916324138641357422e-01
-9.438204020261764526e-02
-1.588590741157531738e+00
-6.904305219650268555e-01
-2.065846920013427734e+00
-1.856780171394348145e+00
-6.752657294273376465e-01
-2.148454904556274414e+00
-1.426417946815490723e+00
-6.492709517478942871e-01
1.031044051051139832e-01
-3.065343499183654785e-01
-6.767774820327758789e-01
-5.093030929565429688e-01
-1.424731612205505371e+00
-1.326500892639160156e+00
-1.068606138229370117e+00
-6.812071800231933594e-01
-8.407120704650878906e-01
-4.771984517574310303e-01
-1.353568136692047119e-01
-1.578220427036285400e-01
-1.420423090457916260e-01
2.524467408657073975e-01
4.384883046150207520e-01
5.727500319480895996e-01
1.119710877537727356e-02
-4.934529960155487061e-02
-7.578261196613311768e-02
-1.825626939535140991e-01
5.385956261307001114e-03
-1.352181434631347656e-01
-1.850217103958129883e+00
-2.081444025039672852e+00
-9.285567998886108398e-01
-2.992838025093078613e-01
-6.313886046409606934e-01
-4.896112084388732910e-01
1.890608370304107666e-01
2.021211236715316772e-01
2.854738831520080566e-01
5.067944526672363281e-01
1.873920559883117676e-01
-7.407188415527343750e-01
-1.247856497764587402e+00
-3.710286319255828857e-01
-3.617825731635093689e-02
-9.135629534721374512e-01
-9.311794042587280273e-01
-1.168893575668334961e+00
-2.153875350952148438e+00
-2.117223978042602539e+00
-1.123253583908081055e+00
-1.189849376678466797e+00
-1.137571930885314941e+00
-9.417238235473632812e-01
-5.926422476768493652e-01
-2.638452351093292236e-01
4.798060655593872070e-02
-4.239065349102020264e-01
-6.117824316024780273e-01
-1.085330963134765625e+00
-7.796125411987304688e-01
-1.005709886550903320e+00
-1.481743007898330688e-01
-1.023689433932304382e-01
-7.668178081512451172e-01
3.821812570095062256e-03
-9.605939388275146484e-01
-2.795833647251129150e-01
3.015803396701812744e-01
-9.150023460388183594e-01
-8.873288631439208984e-01
-6.160284280776977539e-01
-3.775866627693176270e-01
-7.516497373580932617e-01
-1.716907978057861328e+00
-9.276269078254699707e-01
-7.112340927124023438e-01
-8.309419155120849609e-01
-8.386675119400024414e-01
-6.012529730796813965e-01
-1.362123727798461914e+00
-1.836244702339172363e+00
-2.610673189163208008e+00
-8.443220853805541992e-01
-2.946211695671081543e-01
1.804908215999603271e-01
6.006740927696228027e-01
-3.763078898191452026e-02
-1.251667380332946777e+00
-2.392772197723388672e+00
-2.282351016998291016e+00
-2.850370645523071289e+00
-1.750842332839965820e+00
-1.569019556045532227e+00
-1.348883628845214844e+00
-1.586226820945739746e+00
-1.180823683738708496e+00
-1.916846394538879395e+00
-1.208836197853088379e+00
-1.939519882202148438e+00
-1.711490869522094727e+00
-4.103507697582244873e-01
1.973970383405685425e-01
-1.136333718895912170e-01
-3.781015574932098389e-01
2.117735296487808228e-01
-7.017273306846618652e-01
-3.493587970733642578e-01
-3.074999153614044189e-01
-5.108197331428527832e-01
-1.052759170532226562e+00
-1.226889014244079590e+00
-2.461578369140625000e+00
-2.120296955108642578e+00
-2.272985696792602539e+00
-2.384956598281860352e+00
-1.787238121032714844e+00
-1.003314852714538574e+00
-9.470011591911315918e-01
-6.549168229103088379e-01
-9.961167573928833008e-01
-7.988598346710205078e-01
-2.397093027830123901e-01
-6.958772242069244385e-02
-1.036443710327148438e+00
-1.416410088539123535e+00
-1.796005725860595703e+00
-2.078053474426269531e+00
-7.612504363059997559e-01
-1.433872580528259277e+00
-1.954591989517211914e+00
-1.572350740432739258e+00
-2.030374050140380859e+00
-2.160187959671020508e+00
-2.057892799377441406e+00
-1.743776440620422363e+00
-1.469011545181274414e+00
-1.662797331809997559e+00
-1.998521804809570312e+00
-1.966713428497314453e+00
-1.267891049385070801e+00
-7.329833507537841797e-01
-6.343107223510742188e-01
-1.015752911567687988e+00
-1.697786808013916016e+00
-5.169917345046997070e-01
-1.052501425147056580e-01
-1.015435308218002319e-01
2.951850369572639465e-02
-2.390781044960021973e-01
3.114444613456726074e-01
6.240301132202148438e-01
-2.633858025074005127e-01
3.720267713069915771e-01
7.960942983627319336e-01
8.282961845397949219e-01
8.647631406784057617e-01
1.211276650428771973e+00
1.254329800605773926e+00
8.554333448410034180e-01
7.909434437751770020e-01
-2.792174518108367920e-01
4.879651367664337158e-01
-4.207624495029449463e-01
5.242452025413513184e-01
-2.509451806545257568e-01
-3.903738688677549362e-03
3.803640305995941162e-01
7.806737422943115234e-01
6.863897442817687988e-01
4.794260859489440918e-02
-1.051489114761352539e-01
-7.808154821395874023e-01
-3.400205671787261963e-01
4.336700737476348877e-01
-8.198674023151397705e-02
1.552012562751770020e-01
-1.429587155580520630e-01
1.592673361301422119e-01
7.391794323921203613e-01
6.425547599792480469e-01
7.570320963859558105e-01
7.729307413101196289e-01
6.442939639091491699e-01
7.543109655380249023e-01
3.238056004047393799e-01
7.450795173645019531e-01
7.195522785186767578e-01
6.519213914871215820e-01
-6.026678085327148438e-01
-1.312806725502014160e+00
-1.840182781219482422e+00
-5.756369829177856445e-01
-8.071445226669311523e-01
-4.842195510864257812e-01
2.579239606857299805e-01
3.654601275920867920e-01
2.147075682878494263e-01
5.491843223571777344e-01
2.218830436468124390e-01
9.161868095397949219e-01
9.977356791496276855e-01
5.008292198181152344e-01
9.677358865737915039e-01
6.477651000022888184e-01
6.016361117362976074e-01
7.165188193321228027e-01
1.080124378204345703e+00
8.676870465278625488e-01
5.323019623756408691e-01
6.941114068031311035e-01
-6.706160306930541992e-01
9.945345669984817505e-02
5.905554890632629395e-01
6.471369862556457520e-01
4.135142862796783447e-01
3.576810061931610107e-01
1.628825813531875610e-01
4.763914644718170166e-01
5.050271749496459961e-01
5.557140707969665527e-01
4.693384766578674316e-01
7.537209987640380859e-01
9.877399802207946777e-01
-2.658208608627319336e-01
5.442669391632080078e-01
-1.219396471977233887e+00
-3.527004420757293701e-01
3.015104830265045166e-01
7.443010210990905762e-01
7.190203070640563965e-01
8.947904109954833984e-01
7.782519459724426270e-01
5.774887278676033020e-03
5.951794981956481934e-01
1.096733093261718750e+00
1.088457226753234863e+00
7.094888687133789062e-01
-2.159464359283447266e-01
-8.179962038993835449e-01
-1.952489614486694336e+00
-2.197512865066528320e+00
-5.040850043296813965e-01
7.309726476669311523e-01
7.783409357070922852e-01
-9.539221525192260742e-01
-2.434853553771972656e+00
-1.884320497512817383e+00
-7.067703008651733398e-01
-6.921144127845764160e-01
-8.752049803733825684e-01
-5.051702260971069336e-01
-8.459744453430175781e-01
-2.520010173320770264e-01
2.540130019187927246e-01
5.737172812223434448e-02
2.451502233743667603e-01
2.863363921642303467e-01
4.047838747501373291e-01
7.360187768936157227e-01
3.708426654338836670e-01
6.096377372741699219e-01
8.712819814682006836e-01
8.944460749626159668e-01
9.769828915596008301e-01
1.277745246887207031e+00
1.348269224166870117e+00
9.981139302253723145e-01
-2.458113990724086761e-02
3.328756615519523621e-02
1.542902886867523193e-01
-1.256250858306884766e+00
-1.888979554176330566e+00
-2.770646572113037109e+00
-2.837131023406982422e+00
-1.066537857055664062e+00
1.999177224934101105e-02
4.314413666725158691e-01
5.485764741897583008e-01
7.213693261146545410e-01
6.770263314247131348e-01
7.376743555068969727e-01
7.461141943931579590e-01
7.869459986686706543e-01
7.147309780120849609e-01
6.976910829544067383e-01
9.660345315933227539e-02
-1.218485906720161438e-01
-1.278182983398437500e+00
-1.853621006011962891e+00
-2.122282981872558594e+00
-1.968177318572998047e+00
-1.202116489410400391e+00
-9.942734837532043457e-01
-9.836220145225524902e-01
-1.942292332649230957e+00
-1.025015115737915039e+00
-2.527598440647125244e-01
9.556195884943008423e-02
6.481813788414001465e-01
3.382807970046997070e-01
1.763663440942764282e-01
1.184720471501350403e-01
-1.732063293457031250e-01
-2.476664781570434570e-01
1.217623651027679443e-01
3.315779566764831543e-01
3.798702061176300049e-01
4.679646193981170654e-01
9.697937220335006714e-02
-7.230572104454040527e-01
4.122228920459747314e-01
7.258669734001159668e-01
1.044832229614257812e+00
1.047455072402954102e+00
1.379946708679199219e+00
1.424461007118225098e+00
1.418727159500122070e+00
1.415481328964233398e+00
1.496077060699462891e+00
1.279030680656433105e+00
1.320678114891052246e+00
1.238401412963867188e+00
1.500584721565246582e+00
1.199514389038085938e+00
1.416244983673095703e+00
1.431491971015930176e+00
1.632018685340881348e+00
1.305814862251281738e+00
1.652168273925781250e+00
1.707550883293151855e+00
1.760565280914306641e+00
1.303496479988098145e+00
1.669226884841918945e+00
1.310632824897766113e+00
1.313846707344055176e+00
1.232067704200744629e+00
1.299765348434448242e+00
1.389450311660766602e+00
1.437894105911254883e+00
1.610396265983581543e+00
1.195154786109924316e+00
1.652193188667297363e+00
1.261305332183837891e+00
1.006651282310485840e+00
-1.663583964109420776e-01
-2.019567728042602539e+00
-2.470185279846191406e+00
-2.233113527297973633e+00
-2.704168558120727539e+00
-4.961139708757400513e-02
6.174669861793518066e-01
6.657333374023437500e-01
1.775304526090621948e-01
4.249685108661651611e-01
7.328573465347290039e-01
5.714896321296691895e-01
8.126558661460876465e-01
8.525444567203521729e-02
1.725148111581802368e-01
-7.817334681749343872e-02
6.310060620307922363e-02
3.594915866851806641e-01
-4.106872379779815674e-01
-6.099674701690673828e-01
-6.621521711349487305e-02
6.230696439743041992e-01
7.984958887100219727e-01
1.900408267974853516e-01
5.235511660575866699e-01
4.910649955272674561e-01
8.886502981185913086e-01
1.035604715347290039e+00
1.183565974235534668e+00
1.187053203582763672e+00
5.458780527114868164e-01
1.004866957664489746e+00
1.187823772430419922e+00
1.218736886978149414e+00
1.112071156501770020e+00
8.472186923027038574e-01
8.739095926284790039e-01
9.989728927612304688e-01
1.030852913856506348e+00
1.095943808555603027e+00
9.880850911140441895e-01
1.127359271049499512e+00
1.191382646560668945e+00
1.170231819152832031e+00
1.245906591415405273e+00
5.298495292663574219e-01
8.516849279403686523e-01
1.040364623069763184e+00
-1.866968393325805664e+00
-1.558549165725708008e+00
-1.213107109069824219e+00
-4.108031690120697021e-01
-1.005337834358215332e+00
1.778360307216644287e-01
3.573842048645019531e-01
1.388204842805862427e-01
7.646821737289428711e-01
9.582076072692871094e-01
1.070550084114074707e+00
1.188414573669433594e+00
1.243114113807678223e+00
1.169287204742431641e+00
6.388269662857055664e-01
4.837259948253631592e-01
-8.764228820800781250e-01
-1.952674627304077148e+00
-2.343663930892944336e+00
-2.112401723861694336e+00
-5.308657418936491013e-03
-2.162433624267578125e+00
-2.065180540084838867e+00
-7.692208886146545410e-01
-6.838003993034362793e-01
-1.662974357604980469e+00
-2.745957851409912109e+00
-2.049695730209350586e+00
-1.149979472160339355e+00
-8.856655359268188477e-01
-4.346108064055442810e-02
4.456446319818496704e-02
-3.243531882762908936e-01
-8.067942857742309570e-01
-7.626118659973144531e-01
5.180095322430133820e-04
3.995221853256225586e-01
7.438313364982604980e-01
8.832125663757324219e-01
8.017238974571228027e-01
8.711786866188049316e-01
8.262054324150085449e-01
8.594647645950317383e-01
2.069478034973144531e-01
4.408790469169616699e-01
-3.342039585113525391e-01
2.949095964431762695e-01
3.983661532402038574e-01
1.978837549686431885e-01
5.278444290161132812e-01
8.250419497489929199e-01
9.316814541816711426e-01
3.433600962162017822e-01
8.956789374351501465e-01
7.432421445846557617e-01
8.481153249740600586e-01
1.224847510457038879e-01
2.196613401174545288e-01
1.181674897670745850e-01
1.359295547008514404e-01
1.842315346002578735e-01
-1.318556785583496094e+00
-1.041532993316650391e+00
-1.962152242660522461e+00
-2.309558153152465820e+00
-1.287855267524719238e+00
-8.806998133659362793e-01
-8.062631487846374512e-01
-2.302884817123413086e+00
-7.571898698806762695e-01
-1.196218490600585938e+00
-2.239506959915161133e+00
-3.045725524425506592e-01
-1.949435174465179443e-01
-3.698275089263916016e-01
-3.649259209632873535e-01
-1.060163497924804688e+00
-8.604673147201538086e-01
-2.593300119042396545e-02
-1.059549331665039062e+00
-1.274057269096374512e+00
-2.119018316268920898e+00
-1.472594976425170898e+00
-1.872208833694458008e+00
-5.976129770278930664e-01
-2.800772428512573242e+00
-8.288131952285766602e-01
-2.157066345214843750e+00
-1.811324596405029297e+00
-1.265914924442768097e-02
8.171394467353820801e-01
1.144429802894592285e+00
1.215561985969543457e+00
1.125227570533752441e+00
8.407042622566223145e-01
-4.115141928195953369e-01
-1.148902177810668945e+00
-6.066159009933471680e-01
2.932221591472625732e-01
7.038133740425109863e-01
6.942614912986755371e-01
-1.245596647262573242e+00
-3.876730799674987793e-01
2.158557623624801636e-01
5.726219415664672852e-01
9.533190131187438965e-01
1.071679830551147461e+00
1.029080390930175781e+00
1.206242680549621582e+00
8.878538012504577637e-01
1.092017173767089844e+00
9.479314088821411133e-01
8.813836574554443359e-01
8.213930726051330566e-01
7.986263632774353027e-01
-5.660646557807922363e-01
-3.898423612117767334e-01
3.087861835956573486e-01
9.807454943656921387e-01
1.870249360799789429e-01
-6.349966526031494141e-01
-2.856066226959228516e+00
-9.442484974861145020e-01
-2.981641590595245361e-01
-9.686938524246215820e-01
5.779919028282165527e-01
7.416146993637084961e-01
4.113399088382720947e-01
-1.257566958665847778e-01
-1.224823594093322754e-01
-2.529473602771759033e-01
-1.040421128273010254e+00
3.707632794976234436e-02
5.570756196975708008e-01
7.296768426895141602e-01
6.430973410606384277e-01
7.966241240501403809e-01
7.294705510139465332e-01
8.114679455757141113e-01
4.236178696155548096e-01
-7.885272502899169922e-01
-3.852483630180358887e-01
-1.318970203399658203e+00
-2.144062519073486328e+00
-2.328336238861083984e+00
-5.404045581817626953e-01
-2.206869602203369141e+00
-4.729656875133514404e-01
4.928978681564331055e-01
1.047501444816589355e+00
8.930073380470275879e-01
5.206660032272338867e-01
6.172912716865539551e-01
-3.716325163841247559e-01
5.762881636619567871e-01
7.682474851608276367e-01
2.742888331413269043e-01
-1.388548016548156738e+00
-2.338691204786300659e-01
2.604018449783325195e-01
-1.878636702895164490e-02
-2.488126277923583984e+00
-5.641523003578186035e-01
-1.714502334594726562e+00
-3.289303481578826904e-01
5.176277160644531250e-01
1.091901898384094238e+00
9.975699186325073242e-01
6.411730647087097168e-01
-1.647704839706420898e+00
-3.847511708736419678e-01
2.762797474861145020e-01
-4.813558608293533325e-02
-2.343048095703125000e+00
-1.094096451997756958e-01
-3.070007860660552979e-01
-1.228967905044555664e+00
2.012664228677749634e-01
2.865525186061859131e-01
-2.010773658752441406e+00
-1.634391665458679199e+00
-2.638001203536987305e+00
-2.342721462249755859e+00
-9.660747647285461426e-01
-1.260301113128662109e+00
-6.168259382247924805e-01
-6.154896020889282227e-01
-8.059660792350769043e-01
-8.401987552642822266e-01
-8.216730356216430664e-01
-2.559949159622192383e-01
-7.906805872917175293e-01
1.167075932025909424e-01
7.134908437728881836e-02
3.714985549449920654e-01
3.712963461875915527e-01
1.591878980398178101e-01
-4.515470862388610840e-01
5.896166712045669556e-02
-5.094721317291259766e-01
-1.569498181343078613e+00
-3.164424598217010498e-01
-5.448392629623413086e-01
-6.667336821556091309e-01
-1.322787255048751831e-01
-9.135751128196716309e-01
-5.644607543945312500e-01
-1.739619672298431396e-02
6.176395416259765625e-01
9.590224623680114746e-01
9.974671602249145508e-01
8.091680407524108887e-01
8.081138134002685547e-01
1.590437591075897217e-01
-2.503581047058105469e-01
6.852704100310802460e-03
-4.927718043327331543e-01
-4.018762111663818359e-01
1.339842081069946289e-01
2.670879662036895752e-01
1.480012983083724976e-01
-3.970193564891815186e-01
-1.084160506725311279e-01
-2.027365684509277344e+00
-2.761783123016357422e+00
-2.725658655166625977e+00
-2.759527921676635742e+00
-2.760530471801757812e+00
