1.803020042105738519e-01
2.159939870821334651e-01
-1.726898215498975375e-01
-3.961572087419495958e-02
2.037208829658059273e-01
6.818187664833885719e-02
-2.500389984348307948e-01
4.286382032129010256e-02
-2.198447218649079993e-01
2.094893308860070746e-01
-7.369244608063847402e-01
-6.712361647622677729e-01
-3.617373580450919945e-01
5.994125906434755180e-02
-2.458280612269394538e-01
-6.457353012890454380e-02
1.758508877191684583e-01
2.453221853600564550e-01
2.650463760907975086e-01
6.939617743087760360e-01
6.816513727871500450e-01
6.278322921319965388e-01
9.040708226319926766e-01
9.286790727307616677e-01
8.866114613660194266e-01
7.576675859054655682e-01
9.196451743044038452e-01
4.624256403033557561e-01
2.791269309529833542e-01
1.545851212449993461e-01
2.024030704441881490e-01
5.634218146352276690e-01
4.206636361047846329e-01
5.112822656990818615e-01
4.277563236758181731e-01
2.141694646166767413e-01
5.772836150489921714e-01
4.307260086527735510e-01
3.605960134021217733e-01
4.898930975629989248e-01
6.442425120755084222e-01
9.452901556760582302e-01
6.083015340839423857e-01
2.589906592719364298e-01
2.483356410216281951e-01
-8.649325577369637585e-03
4.304307119150232452e-01
6.242910734345179513e-01
5.628247429803225899e-01
4.321924472807592288e-01
2.883343333157233346e-01
2.784083928416443143e-01
-1.025639185455800018e-01
2.453633622424775673e-01
1.018600842168351228e-01
2.235344565176857756e-01
3.046591325735921174e-01
1.807634315847561624e-02
7.310926157592603225e-01
4.556129277379858955e-01
5.558655319860275057e-01
-1.283313698418018234e-01
-9.316728336413504508e-02
-1.243884911898209822e-01
1.416116998579060038e-01
-1.706567577524031876e-01
-8.934528862032298235e-02
-4.594967003376737580e-01
-7.189231889104834572e-01
-4.372965562847763721e-01
-1.353307372128704777e-01
-6.486134729572194946e-01
-2.118014526603761993e-01
-1.640791719148881889e-01
3.768833433017042545e-01
-3.517348209156940797e-01
7.654799412540524983e-02
4.684707401792205239e-01
8.124254149926017909e-01
5.478739748103715890e-01
6.357657451049778530e-01
7.906757877128831602e-01
9.229731317185461137e-01
4.910779181836018026e-01
8.706130694310787455e-01
1.028990657716762680e+00
1.197814309006721700e+00
1.193170702877698108e+00
1.124043294565182816e+00
1.188038023790000342e+00
1.216806893455363969e+00
1.028258473586950217e+00
7.810856116803073235e-01
7.795988401503564091e-01
1.526201476929935907e-01
2.157086862094597102e-01
5.167358360070122281e-01
6.300622910761686235e-01
7.461866691297203147e-01
5.503953469228832773e-01
6.620925822902119506e-01
7.001049188498318365e-01
8.722449304714676721e-01
5.815760310892530427e-01
7.640694510054273358e-01
1.064345104451633883e+00
1.317163701267009213e+00
1.035673422920805997e+00
1.141147429074967690e+00
8.742948607692255791e-01
8.686356966595760731e-01
7.772638309701420667e-01
9.843268157477012004e-01
-1.293893377525523469e-01
-4.054283116485333238e-01
-4.447370941206756356e-01
-4.945466476685407287e-01
-3.693297123288066253e-01
-1.656478326846824167e-01
9.537650675347375540e-02
2.846335293825927870e-01
-2.031906905032494493e-01
-3.219652659605127809e-01
1.494916630690719117e-01
7.461001194999505870e-02
1.382956394127665689e-01
4.993872018845215699e-01
6.579820068403003930e-01
9.302128549432935323e-01
5.114443878839196600e-01
1.148422895210412520e+00
1.488509221329109344e+00
1.442056447194437929e+00
1.363329346215795379e+00
1.406105164410996089e+00
1.503101089111744670e+00
8.994887020655575327e-01
8.443951557638031957e-01
1.305844858947451836e+00
7.614781242102064418e-01
9.293793630939299888e-01
-1.105484629456606527e+00
-1.366442502811591631e+00
2.186603651939966753e-01
6.587178884002997670e-01
-1.321586498116995578e+00
4.754020486170951187e-01
2.198448928614498143e-01
5.734020044230261348e-01
-1.895571051419531861e+00
-2.286990519149012080e+00
-1.383626793576242076e+00
-1.067806212332794713e+00
-1.814409098465297854e+00
-1.672544560566321614e+00
-2.009060550833084768e+00
-1.802160911402917343e+00
-1.723572743389400364e+00
-1.545260012265171179e+00
-1.539048863454067995e+00
-2.440040387222574214e+00
-1.808476561925329129e+00
-5.355274264894358538e-01
-2.572487016343405486e-02
-2.312417357301725929e-01
7.710587470342700200e-02
7.137395835605127026e-01
5.286407302772042627e-01
9.353460251279561710e-01
1.114039559201659646e+00
1.145974962054862711e+00
1.067431015957262641e+00
4.787381994021497889e-01
1.504772127905581236e+00
1.269784894912149742e+00
1.105363596711924412e+00
1.226847671827785202e+00
1.478835869885224419e+00
8.518000487370587237e-01
1.182848952208581661e+00
7.245335281809910377e-01
1.502342671980967381e+00
1.373167847122465535e+00
1.458851939318921431e-01
8.569100195161176714e-01
8.174042771190821455e-01
9.713296521047425358e-01
2.019605486026447849e-01
6.573821988031980368e-01
4.722222373674727081e-01
6.921342697188763715e-01
1.090214255348302519e+00
8.255967161982535885e-01
4.384100379993327579e-01
6.109393516734509255e-01
9.890279076151564652e-02
3.530140893190525375e-02
7.712801190198748102e-02
-1.116024485379331299e+00
-1.139350531491833962e-01
-4.094739030615359709e-01
-1.007002213673993118e-01
9.037301086922422400e-02
-3.425214047521656369e-01
-6.992400284616135941e-01
2.123907222021559349e-02
-2.944937641877691803e-01
-2.017815051323790243e-01
-5.556164193160531006e-01
-1.040413291710156285e+00
-2.129755214695749466e+00
-1.206278460424816457e+00
-3.269871186942512331e-01
8.076681931918061608e-02
-6.290271054749929647e-02
2.978445376377476528e-01
3.954761977590535160e-01
2.670040462030178752e-01
4.744824349852687639e-01
5.615140677449379503e-01
8.035818521530764258e-01
9.950164248624768781e-01
-4.004983252107590097e-01
-1.683845171295855092e+00
-7.649450361388547837e-01
5.413291448352359758e-01
2.544120621649970104e-01
1.024849305834192315e+00
6.453470968666099594e-01
5.418585393828667662e-02
-9.763265567420287283e-02
-9.555354384618044428e-01
-1.857294085367862113e+00
-1.780588328204381066e+00
-1.158080485391822290e+00
-7.016929838995276114e-01
-4.859952790521386845e-01
-1.795957800950427341e-01
-2.061453960173564859e-01
4.491985509198492821e-02
4.293683354478989855e-01
4.507537189172272640e-01
-5.777534362267449097e-01
-1.539686894795790462e+00
-1.661418609108670674e+00
-1.404059743414222350e+00
-8.777347670679054303e-01
-2.789721829367577399e-01
-7.147034685551527655e-01
-1.561784943162423112e-01
4.351700288376552095e-01
6.978833258499430592e-01
1.079512189795810428e-01
5.288741368140676968e-01
-8.266271007069700971e-01
-1.239000981280495850e-01
4.224941072271759523e-01
4.513120748909758007e-01
-4.738072602437286562e-01
3.097710534666919813e-02
2.335290878117133317e-01
3.908186236073190045e-01
1.163581429982619486e+00
4.933069685687074823e-01
2.668697999622873240e-01
1.272744460237002606e+00
1.370882471388434443e+00
6.587248670021477182e-01
5.756378004886317790e-01
-1.260490224358417066e-01
7.006466382919378511e-01
-2.952561324972564627e-01
1.669751848939826644e-01
1.018463351013503271e-01
-2.183692079240868722e-01
-5.081095175476635362e-01
7.687739190237774523e-02
-5.760996573395438247e-01
-6.346186966219269365e-01
-8.771048300762072092e-01
-3.198686071891740923e-01
-7.247464569153989622e-01
-5.997188113600846471e-01
-7.903748220886928078e-01
-4.309689164665559957e-01
-8.189938792241200360e-01
-3.115840826190634516e-01
2.288251897503545962e-02
3.211767250056496437e-02
-1.286879741178759584e+00
-2.496729837470996749e-01
-6.048021940458707668e-01
4.572801354279696362e-01
7.237721413777906676e-01
1.204084506481795103e-02
3.798803542239657105e-01
2.705575521522280980e-01
8.265634335035518809e-01
8.747491511304232858e-01
9.790923260334389866e-01
5.060467635241066020e-01
7.942585088774802848e-01
5.604683292188550325e-03
-6.733898155636939276e-01
-1.440378006822070844e+00
-2.086540342731111775e+00
-1.390010918822520480e+00
-2.057356447054922377e+00
-1.547759423870127549e-01
-2.023381640388828284e+00
-1.584955707207547748e+00
-5.428013683071428730e-01
-4.942962831107990951e-01
-1.490585862852311649e-01
2.096701991616409799e-01
1.271666315250064017e-01
4.758586683364840475e-01
5.197885548740348582e-01
4.803069196137017549e-01
3.519993925865279039e-01
-3.439517897401778157e-02
2.542629697551257451e-01
5.741776560845255339e-01
8.863298557464061034e-01
1.599676392068432484e+00
2.537326269184259075e-02
-1.896019057597475355e+00
-4.986129051236978249e-01
-2.078117972964932392e-02
-2.237972727162497399e+00
-3.253273750274772169e-01
2.398780492970304934e-01
3.108129465489679610e-01
2.916935790022963104e-01
-2.359960419391970987e-01
-2.651979569868272435e-01
-4.956623254077152652e-02
4.372595641808083577e-01
4.717921744654054450e-01
3.350183508149204847e-01
2.056121088933635654e-01
9.050623843257588064e-02
8.469922351988872222e-01
9.499216297481010152e-01
5.060844222222184996e-01
9.616792285046478206e-01
1.053972211899342426e+00
7.105588927485828599e-01
6.121941165280309072e-01
4.175528024570343000e-01
3.070833930740288764e-01
3.968145698792087117e-01
4.669258358932806274e-01
7.227929296354149713e-01
-5.047444410487935684e-01
-5.174653641587529940e-01
4.542424821035950799e-02
-7.349291106527837680e-01
-3.198568665905154873e-01
1.115534600315255531e+00
1.010136552009728739e+00
-4.806863817696886976e-01
1.918787745108021525e-01
5.768334628212823390e-01
4.364499969863042672e-01
8.911121824453962503e-01
7.825755610832487719e-01
4.726670593653681252e-01
-8.510390145048951638e-03
1.105519459657502424e+00
2.486632243286369004e+00
5.493186482379277535e-01
8.350628150941714622e-01
8.995824876509228574e-01
9.188287424357000077e-01
1.025448615450561984e+00
8.236840450281874837e-01
9.974771780945324018e-01
9.063337312602879337e-01
3.061334911800743797e-01
-2.579120595252208936e-01
2.619511970141870094e-01
6.898669048721295383e-01
7.762912117814209090e-01
7.935389534084444918e-01
1.240851752119866980e-01
7.747314968811203073e-01
1.237548631027778789e+00
6.379248526727008262e-01
8.252925265300636859e-01
9.004598101650973518e-01
3.734740828861875528e-01
6.672901163430893234e-01
5.501556364697570700e-01
7.631436849801835898e-01
-3.686565624455448997e-01
1.436017827496773869e-01
8.310925208961332800e-01
7.623436537687755532e-01
5.145740367696456374e-01
-3.350925526337444893e-02
-7.538852453284428101e-01
-1.522884062850642373e-01
1.934934844624667249e-01
8.257017911442621205e-01
-2.213447299783357636e-01
4.577581292990640094e-02
-6.151681487411853055e-03
-4.683064771825802275e-01
-1.378598157682207503e+00
-1.413574446707562604e+00
-4.120612634130123020e-01
-6.460247508941030503e-02
5.146288106751826241e-01
1.289706020707428458e-01
-5.011316523427562508e-01
-4.291078041315432579e-01
9.796952016349536052e-02
-1.152402437276562885e-01
-1.479745659558569848e+00
-4.048908480732094084e-01
1.698389953916707995e-01
9.082512706676526548e-02
-1.152523900900403131e+00
-1.229229213482777805e+00
-1.177320436628399580e+00
-1.087533982558133605e+00
-5.177511794854292582e-01
-1.060054470890563927e+00
-1.782615206084918746e+00
-1.938931240914539611e+00
-1.964833430188599017e+00
-1.626324927351047833e+00
-8.035139107664335256e-01
-4.334727607660120441e-01
-2.022636832110302763e-02
-3.159234828624484237e-01
-3.823730106061944412e-01
-1.197234554125347294e+00
-6.589141352496321602e-01
-1.276382422940658401e-02
-8.375631002600627539e-01
-6.715541222323411219e-01
-4.897945133557817243e-01
-6.361661602385826342e-02
4.860475237767452050e-01
8.457987617442430661e-03
-6.445868798962772761e-01
-3.450963839670109223e-01
8.525618053822325848e-02
5.397263020130660394e-01
4.567674765169043027e-01
5.254716700493364812e-01
6.278287948228911119e-01
6.357750327352063024e-01
6.203493679385472248e-01
2.445346992789305673e-01
6.834829965009334707e-01
5.817004523814208738e-01
3.454246498726636361e-01
-9.102275113021363051e-01
-1.605965562203826913e+00
-1.310470018872712084e+00
-1.347227502847246239e+00
-1.658070689201201819e+00
-1.191547646690497952e+00
-2.192027409805512583e-01
-9.560830100969268663e-01
-6.759940219301101560e-01
-6.643939233907354414e-01
-5.734168057665973706e-01
-2.053505773736486351e+00
-1.217688879989710315e+00
-6.375414752920023354e-01
-1.564157731124748985e-01
-2.803811828093856207e-01
-1.358171790843980098e+00
-1.485290133335980922e+00
-1.165137733934181519e+00
-1.602429561647698453e+00
-1.590756956276892398e+00
-9.627234766681898037e-01
-1.595324963229880488e+00
-1.987610001774010815e+00
-1.244509472492709712e+00
2.042697026258539772e-01
2.937639867716659303e-01
-2.584950690449305810e-02
-2.004489055019091914e-01
2.640451882633740865e-01
-1.432346716757439964e-01
-5.383209094899354952e-02
4.790995680993477279e-01
5.703784318199138781e-01
6.082035794288418451e-01
7.268192609816059857e-01
5.288775597593895483e-01
8.150854027830307658e-01
5.296751547685545347e-01
4.486073154698395626e-01
5.115065334626969218e-01
-1.061418509676865796e-01
-1.633270982393045356e+00
-1.060187733791731812e+00
-6.465036643829749075e-01
-2.950848215951022979e-01
-2.518372113975813065e-01
-1.450312498716570975e+00
-1.096827353740471800e+00
2.129422654846888641e-01
-4.643036570667518070e-01
4.421508679245058637e-01
6.608015271056713047e-01
-4.762190626944078353e-01
5.669830218130824662e-01
5.577735898074265286e-01
9.744188060340954749e-01
1.235540654387989434e+00
8.894355102667299562e-01
8.277387865886445262e-01
6.808335685331088349e-01
7.309617010715983021e-01
4.106243921171532918e-01
-3.262386384394888594e-01
-1.646260466588438831e+00
-1.068279155876073361e+00
5.977120707008953815e-02
6.482949458202278414e-01
-1.257945341885604584e+00
-1.040588487240329263e+00
-6.332804081521834494e-01
2.150704367128009054e-02
2.661454816467263562e-01
1.994678571432872971e-01
-1.345025032805635234e+00
-2.125668514973569678e+00
-5.693314821507127199e-01
-1.631712683707769340e+00
-1.183165722566502653e+00
-1.668340195942587201e+00
-2.255321168079102101e+00
-1.008967035766831222e+00
-5.629459856680325558e-01
-9.978348648515522612e-01
-4.651954602873153988e-02
5.178029135701809338e-01
5.024070000015825599e-01
-2.671406320005642598e-02
4.691378337646652241e-01
4.755765514986789455e-01
-1.179143950659944595e+00
-3.450339858766700019e-01
-1.415889132014331864e-01
-1.721764584707181633e-01
-7.618713727421726478e-01
-1.635508752670665533e+00
-2.231356855412731210e+00
-1.841555104578757263e+00
-1.424360008744636641e+00
-9.016164785499642953e-01
-4.369744459279587545e-01
-5.709863033827247136e-01
-1.748124734026787364e+00
-1.285537858486653917e+00
-3.582677894602319668e-01
-8.003995466810875925e-02
1.482325441700753643e-01
5.607300177036083078e-01
-1.478748317084472852e-01
-9.066733670495774611e-01
-1.075255238961918991e+00
2.027992618826539584e-01
6.490501718014871635e-01
2.390066214547639234e-01
4.945188878451260983e-01
1.803791954857905111e-01
3.917337990448661600e-01
7.489682518476925566e-02
7.508806887839414301e-02
-1.350893135879527307e-01
-3.728576387070452469e-01
-1.226345266610735063e+00
-1.588995458440968012e+00
-2.135984496947214595e+00
-1.814045251609986753e+00
-1.027957023263318614e+00
-9.637421787359605752e-01
-1.705150820011942070e+00
-1.834893310836497760e+00
-8.178056910163760129e-01
-1.457900714500754535e+00
-1.989830661274392343e+00
-1.403780539189774856e+00
-1.604544988440201880e+00
-1.762747201288771048e+00
-2.752139273084885929e-01
-7.373544224218426812e-01
-6.881237464550862271e-01
-3.982756399399973724e-01
-1.060935179258388761e+00
1.220895509376260790e-01
-8.092745503550879960e-02
4.482002341322264272e-01
8.612987106114267100e-01
8.327712488478651309e-01
8.933001925030481516e-02
-4.893289655117731840e-01
-1.120841525395481320e+00
-4.856682086519779062e-01
-1.648410015627543856e-01
2.236817484850424087e-01
-4.911455484003290906e-03
-2.895569897863929931e-01
-1.140165257358605633e+00
-2.225083011053330839e+00
-1.341006868562863108e+00
-1.336840934906806666e+00
-1.284132750834927172e+00
-9.432477008257365014e-01
-1.491363950205583100e+00
-2.140669818490933185e+00
-2.685093303922564623e+00
-1.576215715718971566e+00
-1.059354172814255701e+00
-8.218691179975257111e-01
-1.825828176481746112e+00
-1.326984092218748357e+00
-1.958341562779239986e+00
-1.849364354263272059e+00
-1.983824684440819164e+00
-1.161804602495250860e+00
-1.211323518436155267e+00
-1.680486664069823277e+00
-1.699152634198220158e+00
-2.003436834127865218e+00
-8.326688198528733320e-01
-1.896675389196236239e-01
3.699357008741892550e-01
2.619572486136778622e-01
2.595045188331988051e-01
1.485343820417490690e-01
4.028153113662442664e-01
-4.847751908813835442e-02
1.514154648973193851e-01
-8.356653563007379049e-01
-2.274316214688306470e+00
-1.762347498222453623e+00
-8.409102917517570219e-01
-1.269274992319110229e+00
-9.201414113981920551e-01
-9.166036998535971314e-01
-4.212720955145208279e-01
-1.137567474769027198e+00
-9.498020708727388239e-01
-1.094755488688360812e+00
-1.832339852346031250e+00
-2.170065843400363903e+00
-2.176245730779095222e+00
-1.774791243700881704e+00
-8.112906878026662216e-01
-5.150510932019414234e-01
-3.617283124055514776e-03
-8.775588694679248292e-02
-5.126574301768949127e-02
1.261563392686202434e-01
-5.171793587918509516e-01
-8.974704963309410033e-02
-9.069632267900651357e-02
4.177280658585598161e-01
8.943784010480637647e-02
4.900602572643295574e-01
-1.976959833134253053e-01
3.339899176999070463e-01
3.695563680875335599e-01
-2.309662670574796905e-01
7.471391256330761621e-02
1.930234408776319022e-01
3.064521242084166097e-01
-6.426136859528326362e-01
-3.653171603087024266e-01
1.033667479134514622e-01
2.101554475089506546e-01
4.075837661924954780e-01
4.056433172899338579e-01
-7.396081045627811434e-02
-4.436650216668098778e-01
-7.468161729918696423e-01
-4.865249997063356702e-01
-2.838774272986857028e-01
-2.866344886689145000e-01
2.009837274018027031e-01
2.994381915988015841e-01
-3.164575989687579138e-01
-4.207400022785794391e-01
-1.744706687379499854e+00
-1.311407723979876039e-01
-4.155394830805514417e-01
2.458779966270876471e-01
1.262476518237960477e-01
-3.896121533023322314e-03
-6.640956428158055758e-01
-8.588366335046810907e-01
-1.015895547208341743e+00
-3.675201273114776512e-01
-5.622739291057134992e-01
-3.233878499229496661e-01
5.702045126490595806e-02
2.473732774580801319e-01
2.177934289954963631e-01
5.208665958052272060e-02
1.661216438476293966e-01
-5.195100120272888589e-02
-5.715973746822955448e-02
-2.149309578376601415e-01
6.952293386431662725e-02
-1.359449599433659728e-02
1.189339555961144157e-01
-1.059764533854408164e-01
-4.146519031869488892e-01
1.844593594015808691e-02
2.584902835552056466e-01
-1.345095493783388108e-02
-1.331368895673268327e-02
-2.208090093658450215e-01
2.581133136168372033e-01
-3.597975356560532134e-01
-1.569814496540078430e-01
1.495377091738476771e-01
-7.818505185073387764e-02
-7.934835041989010129e-01
-5.077929760248141022e-01
-4.155204251862447684e-01
-1.162462935210037962e-01
-1.288563869006837947e-01
5.514456678218238039e-02
-2.120349381008295175e-01
-2.426971137115843113e-01
-2.445475690266052382e-01
-5.422877425623804371e-01
-7.309101695981927715e-01
-5.408180796750841068e-01
-1.252840797567908560e+00
-2.199642391419498466e-01
4.400106358087483294e-01
5.507959110042239814e-01
-2.088995478634139147e-01
-7.284064265969276697e-01
-1.346649966097405171e+00
-5.371277185357712369e-01
-3.143342011863134999e-01
-2.621675231185447430e-01
-3.417298357159133104e-01
-9.152351079933218614e-02
-5.207162087776961990e-01
-1.539229093718482044e+00
-1.706277887620787137e+00
-5.730291185621898542e-01
7.591446876390950393e-02
-1.221537603095192992e-01
3.298181674821369924e-01
-3.800067320661515424e-02
-2.903237170105392728e-01
-3.643866750936717303e-01
-1.595768116654334712e-01
-6.650451850793404063e-02
-4.758022040130738262e-02
-6.661668878773050473e-01
-1.194517572702977093e+00
-4.033623027529271710e-01
-5.413385116490512239e-01
-2.023596411613892698e-01
-2.270304733086501159e-01
-5.278600312904333514e-01
-2.541307711591449525e-01
-2.429274379560384389e-01
-1.738456842192992458e+00
-2.041905150527452584e+00
-1.558127590333312718e+00
-1.541296206990483419e-01
-6.509016094902486671e-02
-3.718479609616602843e-01
2.335069355706638206e-01
3.577286833540269662e-01
4.137862733485726530e-01
3.732526404306657497e-03
-4.337704878896899707e-01
-6.452134055274967306e-01
-3.629239911037527300e-01
-8.998196403571565583e-01
-1.825712419767228756e+00
-1.535571528369387595e+00
-1.256765459694823894e+00
-1.171296632449028374e+00
-1.373806716870795697e+00
-2.061312122831936655e+00
-1.450786847865063844e+00
-1.536177333328304861e+00
-2.248252117990058530e+00
-1.211393400939350773e+00
-5.177502378166396468e-01
1.906450709287739187e-01
9.673399637439095144e-02
3.142716472672022476e-01
1.408652933531100437e-01
-6.521221865944504259e-03
-7.772124797415540520e-01
-7.155133073173445268e-01
-2.029494447379178723e-01
-2.271465446115064069e-01
-5.765345850257306282e-01
-1.644594587772685745e+00
-1.157234146963789900e+00
-1.688939530639554931e-01
1.137867103927217016e-01
5.861549372159542415e-01
4.423638554427888891e-01
1.844747772898287508e-01
4.586539299643708212e-01
6.953925975989236896e-01
8.876908953486890574e-01
6.745060769587127858e-01
3.031410479706284633e-01
5.290922849697516916e-01
6.652134648791352411e-01
7.337229294316389705e-01
-9.736522396323277206e-03
3.001116506823207075e-01
3.012790989880018699e-01
4.007995455316755162e-01
3.449562495982565480e-01
1.866190912435516935e-01
8.220352334119196414e-02
4.058614998447187538e-01
3.170022552667495219e-01
1.406615313415198187e-01
5.909565791314492778e-01
-1.263130526005356025e-01
1.407664363733993618e-01
7.101025517286529976e-02
-6.303521274774803729e-02
2.872292615045624053e-01
6.038382850654007150e-01
5.294431748069592381e-01
-1.002357842774559415e-02
-3.776591717496140532e-01
-1.659507395652579653e-01
-7.310114163826257894e-01
-1.648925929328152629e+00
-2.360211632378499846e+00
-1.224329787284810012e+00
-1.232123270343084886e+00
-2.083695011126090790e+00
-2.524238901598533147e+00
-1.204282281984393022e+00
-1.846950112471557048e-01
-3.538255903969949046e-01
-7.207411822372300492e-02
1.074638281000148687e-01
5.484118103480550843e-02
7.446937429745670300e-02
-8.878730524856670581e-01
-8.279543225370127324e-01
-4.248861011039739566e-01
-3.142663228495425898e-01
-2.591298727409334646e-01
-2.359546540935721914e-01
-9.435992445251948357e-01
-3.419869121050846950e-01
-1.239632598810209707e-01
-7.714758092422475677e-01
-1.736355534640866560e+00
-9.128469471468163565e-01
3.451064029057766547e-01
1.511900780565671454e-01
1.304000535094158586e-01
4.906397230033636703e-01
8.170273531980267734e-01
-8.683581149143115852e-02
-1.251850407222048656e+00
-6.410618924260820251e-01
-1.667635051658558076e-01
-1.126116617741177439e+00
-4.079124558193374384e-01
-4.016497722718881391e-02
-1.901119185838906489e-01
2.038157904701600742e-01
1.521720393795291670e-01
1.051420556843547516e-01
2.585736833925262879e-01
2.435504683343143739e-01
1.759439588184061876e-01
-9.261983879773882933e-02
2.716662067012407533e-01
-1.658723734392282267e-01
-7.417529969841396564e-02
-1.921423651636566809e-01
5.585003947531141932e-02
-1.477238673040126571e-02
-1.228696242080850265e+00
-1.948848515400980030e+00
-2.203297040065902213e+00
-9.692233788814519357e-01
-1.501693056359203027e+00
-3.182375722377042138e-01
-3.084996015460421681e-01
2.334344782663220208e-01
-3.907922617836501189e-02
1.914739012663382312e-01
-1.975503908536415665e-01
-8.866467171928338331e-02
-1.513825895299776292e-01
-1.021929501454765798e-02
-8.973986618570135576e-01
-5.029710196774574982e-01
-6.267998744010645495e-01
-1.175536150828256021e+00
-2.192073443729079418e+00
-1.203823226210981812e+00
-4.503799221861894964e-01
-8.739609555242242589e-01
-7.100757025142603318e-01
-1.906691380912702183e+00
-2.041565214606748668e+00
-1.511377780903484291e+00
-3.892978369936024308e-01
-4.452201589643953739e-01
-1.037447067360033337e-01
-4.553531815415396977e-01
-4.177455535429039912e-01
-3.926534509593029298e-01
-2.469098268579363875e-01
4.427363211912371810e-02
2.179221461603693122e-01
-1.258249310949907773e+00
-6.394599860842287153e-01
-1.703694462448579472e-02
-7.532472850479088322e-03
1.612554713188645295e-01
-3.836449414841442973e-01
-6.049534964581821939e-01
-7.260242567852936979e-01
-9.135682209914299801e-01
-6.458229570664335562e-01
-3.695509455666008414e-01
-3.441172520515713984e-01
-6.753448840194076208e-01
-9.734122200769057542e-02
-2.765321663578026445e-01
3.574982026000013136e-01
7.195291171534559105e-01
5.905610974578379135e-01
7.835853288716587706e-01
5.469292525186304488e-01
8.077308339631605882e-01
5.104908244014194629e-01
-7.776482175390775353e-02
-2.051713685787470709e-01
-1.202023415457045274e-01
-7.454286665101581555e-01
-6.080172342234302363e-02
-1.821368220002157479e-01
-9.893910164611607883e-03
4.368759443369354400e-01
2.922525776180617818e-01
-1.192481399437032241e+00
-1.878190664057582726e+00
-1.248982588716529563e-02
-1.217028656591944369e+00
-1.365111678242806104e+00
-6.469184413606108297e-01
-1.134108662546521096e+00
-8.700443389096284008e-01
-3.864527761966729535e-01
-2.835680423628144098e-01
-4.634828156473993488e-01
-8.998067923194843498e-01
-1.148783816318728057e+00
-6.174302025094597912e-01
-1.513361907453219857e+00
-2.134655324596912429e+00
-1.639334944272798467e+00
-3.696168753837425491e-01
8.200390149169045628e-02
-1.187519691313188019e-01
7.561059686565618776e-02
2.419859578536516231e-01
4.247872303928397208e-01
3.193112203611301325e-01
-1.577510785145195271e-01
-1.290548604029052360e+00
-2.616434121690760506e-01
2.764694601732076151e-02
-3.865004442060682166e-02
-2.261738844088654332e-01
-1.061591715617066889e+00
-4.670305936725300811e-01
-4.060356189053151432e-01
1.426401713917413439e-01
3.553579830245321425e-01
8.524183224928982838e-03
4.262443381674705378e-01
2.019980499778504246e-01
2.865030802282926281e-01
-2.394510583396414205e-01
-6.587829091183170505e-01
-3.831461911484326244e-01
-5.622365349136488888e-01
1.112263335944119191e-01
2.954568476046937064e-02
4.689209950621262557e-01
-8.742639992303402607e-02
4.177328749097641847e-01
6.980762105009290508e-01
8.747237561607255074e-01
7.004089575293992453e-01
7.823475379791227091e-01
1.130245356038020788e+00
-4.422933667463437857e-01
6.186598782841681299e-01
4.546485681499805587e-01
6.824038233424758459e-01
3.094403398103060532e-01
-6.107060044457179870e-02
3.622309841588613466e-01
1.396487090680498255e-02
-1.689171829849556161e-01
-4.731319599133900766e-01
-2.339072888033317810e-01
-2.222897087832877983e+00
-1.584759834091489683e+00
-3.506150714068589913e-01
-3.921025912943991720e-01
5.420595869349931206e-02
2.055842158751515214e-01
4.765883379504800565e-01
-6.527896924436269455e-01
-2.164433757762019184e+00
-1.181880724944478933e+00
-1.596872096121028761e+00
-1.675482653980524095e+00
-6.526364237899289211e-01
2.099864646909370691e-01
5.485215396821612188e-01
4.466870488168512843e-01
2.916174051782913779e-01
-4.626643708942017597e-01
9.287377073623481749e-03
3.399026740339410324e-01
2.523176816387140420e-01
3.283827399025467386e-01
5.440909071685222642e-01
7.321385611273534266e-01
3.806552639739075872e-01
-2.274656993576416042e-01
2.947796745473096891e-02
-7.356860780819207690e-01
2.424356906361690989e-02
3.782730804343015230e-01
1.538725745460878258e-02
-8.551508028888452628e-01
3.012252929468637319e-01
5.062791805070068207e-01
2.629932106242529599e-01
-6.652092004248328916e-01
-1.149850549013089251e+00
4.455650391364511798e-01
9.011400239648961197e-01
-1.087601268940217025e-01
-6.494563393271501894e-01
2.024969894711499130e-01
6.732857714257316495e-01
6.479389331775289307e-01
5.316776973951182761e-01
-4.295819855828013623e-01
-2.223009264669446594e-01
-1.666722108832212612e-01
-8.281606233262417405e-02
-1.640783362100001419e+00
-3.388290126616015918e-01
-2.723131397189142433e-01
2.962317649412580245e-01
-5.894508448995505745e-02
-5.524002926457538543e-01
-1.248910333544547502e+00
-3.224156950853984682e-01
5.072962574800561342e-01
5.758984553305621645e-01
5.941491933818952020e-01
8.292463592397978367e-01
1.460661271552169183e+00
-2.138332708475179089e-01
2.346724150993857450e-01
-4.766705831024746765e-01
3.247716946495011747e-01
-3.072030605749667131e-01
1.020047706208218052e+00
7.109783286620179332e-01
-6.485857450042542549e-01
3.665402411685825257e-02
2.053429491445020183e-01
3.285158608544369585e-02
3.146010387976434508e-01
-3.381838820393072709e-01
9.587220898745636433e-01
1.241567075283749766e+00
-1.270893664193319950e-01
-7.746182441763154181e-01
-8.973111381426943645e-01
-1.270345794961686092e+00
-8.256344611191557270e-01
-7.204596795893318806e-01
-2.017331599636840167e-01
-5.164352103999769739e-02
1.985099261527891734e-01
1.576167052574475314e-01
1.450705003928862702e-01
-5.081232828580519723e-01
2.805101039690791609e-01
1.066303352434228024e-01
-2.410717677477007825e-01
2.520979078980336574e-01
-9.398969385034616764e-02
5.783148956693935361e-01
1.305478617996014279e-02
4.268184843023812292e-01
-5.185408314172108568e-01
-6.883463378619050221e-01
-1.824744458221516652e-02
-2.122190492496889291e-02
1.140674671728394429e-01
-3.585943954012580370e-01
-6.130768117793665706e-01
-3.282967950739710261e-01
1.558956158997006902e-01
4.461071275900336808e-01
8.113475992341472320e-01
5.384036021447760056e-01
2.239583625728109872e-01
6.454420750938849594e-01
7.142390102430526966e-01
1.193937508151822424e+00
9.741807836506870544e-01
7.813905980301267817e-01
-8.010524193033092821e-01
-1.003689265758747062e-01
-4.897467755012256951e-01
-1.954833886289399913e-01
3.223259466689745167e-01
5.550156852390091267e-01
-2.635937467513724819e-01
-8.431187825483805742e-01
-1.454185687797712845e+00
-8.735089232223989253e-01
-5.438358901133311107e-02
-2.633939674255860730e-01
2.256392908597515401e-02
1.819489778005838332e-01
-3.165488323567977602e-01
-3.532966762668108274e-01
-1.482072393713633751e-01
1.843968010869989627e-02
2.477058434010173116e-01
5.206769863769737938e-01
2.796579271131198752e-01
1.098744221106794594e+00
1.160848772997029155e+00
1.090542673372428162e+00
1.046356619300332191e+00
-2.803175685556089647e-01
-4.840439277112906780e-01
-3.336006592633777856e-01
-5.964625512370602678e-02
-4.241951842483615565e-01
2.030373353723202712e-01
6.857267358390699563e-01
1.078934433227966672e+00
1.118378330272436383e+00
1.217603115006721026e+00
1.179788028439285874e+00
4.789652568104725283e-01
8.908383247618907319e-01
8.069770627231327431e-01
6.002056576108976138e-01
4.381655536047430743e-01
5.320603687086444822e-01
2.734459855110555893e-01
4.333019430733360267e-01
4.667236973581512238e-01
-1.670907312956098068e-01
-2.013724067115476579e-01
6.786313054321357896e-02
-3.912533692837159016e-01
-4.916980471754923698e-01
-4.395780845774637235e-01
-2.025601860885739569e-01
-8.426656309123548017e-01
-3.649539523767799665e-01
-4.521867488233777266e-02
1.820258977197926065e-01
2.968021774735873919e-02
-3.022309541933836385e-01
-1.073546882942197911e-01
-5.743665100149542013e-02
-5.234387301137370940e-01
-1.144475693019536777e+00
-1.429619523559117589e+00
-1.097124533487940923e+00
-7.283684161173327176e-01
-2.172615868454990107e-01
-3.574659820666448162e-01
-3.489432257381719360e-01
-5.886847553227370078e-01
-6.976534601934836211e-01
-4.341626719151392422e-01
-2.088183707350919072e-01
-9.596778856914855993e-02
2.883518098493347281e-01
-1.237435418131043185e-01
-8.273507570156546365e-02
-2.558778557893925942e-01
-4.932254163231917232e-01
-2.578556255254085272e-01
-5.667469224074643819e-01
3.273729382877128558e-01
4.479406993467494047e-01
4.765098196521790896e-01
4.783869857697480299e-01
5.193534435097122426e-01
1.045843120655436387e-01
5.262202301106708724e-01
3.894984173626698798e-01
5.886111030374072683e-01
7.596743592495531772e-01
4.652247778384870358e-01
4.325496607574139674e-01
4.087541749528744717e-01
2.526665579013380736e-01
-3.810681276608098855e-01
-3.730496766510613682e-01
-9.279683766898827457e-02
-3.741718040310781923e-01
-1.598240068148015780e-01
-7.705162565693779442e-02
-1.317144973590777646e+00
-1.630652330539142270e+00
-1.667389489286363879e+00
-1.873880044593366545e+00
-1.725291954940292527e+00
-1.951917950519044709e+00
-1.488356876000220375e+00
-5.741100596591057759e-01
1.050160567931319733e-01
1.955336787925805453e-01
3.788266199954359870e-01
2.740383304017788291e-01
3.577491889650756818e-01
5.549093438293137837e-01
6.667786710904461955e-01
5.898505376924112475e-01
2.182970443952130246e-01
2.725406966533370223e-01
-1.382801445090597880e-02
3.796771845064674800e-01
-1.401995763566783459e-01
-7.341876193954943730e-02
3.819843560196356513e-01
1.978622583020417380e-01
7.081321896556502793e-02
-5.399187143873378503e-01
-3.706149063163146629e-01
-1.666195006577861903e-01
3.211253676730168038e-01
3.377507557770735858e-01
5.033493500920487307e-01
5.026385201124021762e-01
4.143876144499754055e-01
3.796760791187709927e-01
5.217663862596353397e-01
4.497645481267609213e-01
5.079849812888648231e-02
-3.916388947087483530e-01
-2.439682516254464417e-01
-5.393712412788804755e-01
-4.710818163805208236e-01
-7.659209992714541837e-01
-4.098963492551508381e-01
-7.893884445773138303e-01
-6.784000884926633113e-01
-7.667585870134003834e-01
-9.330678459533801039e-01
-7.156517997170512846e-01
-1.685163940077646139e+00
-1.779028227859714484e+00
-1.695272814371962866e+00
-1.891651851202651891e+00
-1.777062694391339459e+00
-1.751089530625062451e+00
-2.224310243936139742e+00
-2.304826502348240602e+00
-2.261703508139349950e+00
-2.472854924739001259e+00
-1.869859474712061154e+00
-1.065642542699035022e+00
-2.502417964857839294e-01
-1.567483061546035561e+00
-9.491601585813054243e-01
-1.488971209864871970e+00
-1.883610686960815572e+00
-1.018930209401081921e+00
-1.985776190273600861e+00
-1.684469820965814879e+00
-8.615643173419662570e-01
-3.172364577369162220e-01
-4.782765054566997520e-01
-9.248561258729626200e-01
-6.562797503550810152e-01
-1.421098088398395021e+00
-1.374389616252552404e+00
-1.283150380409653346e+00
-9.878065796810635568e-01
-9.298081557254516127e-01
-7.601638758764206472e-01
-4.658629969551539851e-01
-4.241414142282691202e-01
-6.348143538167336786e-01
-2.583437103284533798e-01
3.838937618397109119e-02
2.700758109564422860e-01
-8.828812852688017188e-02
-2.498500715578555464e-01
-4.897493740497171899e-01
-6.310483395846846477e-01
-2.604721585016500640e-01
-3.895897595310904293e-01
-1.630164235273745099e+00
-2.104113304532927664e+00
-1.395993044800506233e+00
-6.438403706365976031e-01
-7.694184255928062655e-01
-7.106813815343069329e-01
-1.139897229631277042e-01
-9.863318125567888117e-02
-1.765270997852819157e-01
9.254365559656285711e-02
3.908773488372752070e-02
-9.339073913257989190e-01
-1.862484861772574662e+00
-8.021474168282138884e-01
-2.201083803855956589e-01
-1.241273955548358732e+00
-1.292920344450007919e+00
-1.536029965424305033e+00
-2.163027772606180843e+00
-2.131527617697970722e+00
-1.637991686379371759e+00
-1.527694614706294862e+00
-1.274421441041290404e+00
-1.173972516735164895e+00
-8.718175899818332297e-01
-6.141768276944152838e-01
-2.317974377602074476e-01
-7.854699131037414794e-01
-8.103792886908753879e-01
-1.426994947953087678e+00
-1.175214170411465142e+00
-1.406921751312268931e+00
-5.196846086805053666e-01
-5.260655447510105276e-01
-7.159759115523174344e-01
-4.528283399835313361e-01
-1.404286474128065620e+00
-6.860447325813883168e-01
-1.501730658592905776e-01
-9.820278962910831133e-01
-1.369834538723099016e+00
-1.007788251710765470e+00
-6.377195355570839386e-01
-8.649724484878147379e-01
-1.526533050211362763e+00
-1.228923052979286723e+00
-8.073823491918992179e-01
-8.376318352727158967e-01
-9.706348431147708844e-01
-6.627039231905413885e-01
-1.887197256695409608e+00
-2.161688032615362243e+00
-2.440971561502458531e+00
-1.421986350945089406e+00
-6.863776348196257704e-01
-2.906523893633519151e-01
1.214888416914803315e-01
-3.757025006013003932e-01
-1.390755094941265924e+00
-2.269504904160903891e+00
-2.488788553881257748e+00
-2.874545984929052445e+00
-2.016559863429259192e+00
-1.779141375412906623e+00
-1.666923300962852572e+00
-1.628350033060299573e+00
-1.392537426759350883e+00
-1.871760481424677547e+00
-1.507606285953335679e+00
-1.693915043883321037e+00
-1.606466538200543859e+00
-7.678479213784299429e-01
-3.031991068658648203e-01
-3.613039337390011596e-01
-7.073176843410988734e-01
-4.251958115475416022e-01
-1.220384610296090688e+00
-8.517974647554114043e-01
-5.701402451874391097e-01
-1.101916305758503967e+00
-1.570141120991520811e+00
-1.961608686682239089e+00
-2.338863438362909442e+00
-2.314858122860125711e+00
-2.231482743685581305e+00
-2.000999732815039511e+00
-1.710918227722712626e+00
-1.519605866804333294e+00
-1.127941901107133216e+00
-9.578634062468820431e-01
-1.129444408256144117e+00
-7.857103760758501476e-01
-5.044616816247198265e-01
4.294906368879258807e-02
-1.225339322858577606e+00
-1.340740452347471301e+00
-1.646951027122334876e+00
-1.942470743998212512e+00
-1.090938323689484069e+00
-1.117709994954884767e+00
-1.599460188522761950e+00
-1.457659019300483916e+00
-1.725028968275454933e+00
-2.007768262691327799e+00
-2.018960884212641638e+00
-1.597475952775710528e+00
-1.198805173838126237e+00
-1.350172691183849194e+00
-1.983271599500872284e+00
-1.617632442893012890e+00
-1.095145293850339652e+00
-8.019005794330831272e-01
-1.051832857660737863e+00
-1.055733434286599159e+00
-1.974794499400838843e+00
-8.889521674662739237e-01
-6.028741387465590407e-01
-3.658124450167186126e-01
-3.850842798962617053e-02
-4.697233587933693499e-01
1.624083064163839296e-02
4.563460003860528857e-01
-3.520390753362652170e-01
2.053677082665941178e-01
3.029823273221574631e-01
2.794603176588479343e-01
9.440933575609706807e-01
1.198215744843699415e+00
9.093585920082412066e-01
5.009199735478349069e-01
4.540269775782510564e-01
-9.327701074037957341e-01
-1.805668477242337033e-01
-7.939040650918480768e-01
-3.189893285866496342e-03
-6.670581502134969032e-01
-3.570580544982293603e-01
2.191000550012800474e-02
5.845729574066664824e-01
2.768867070088170124e-01
-2.857081607218412422e-01
-4.471043151507489988e-01
-1.133384660099165053e+00
-6.428218845659023906e-01
7.577926720247241121e-02
-3.320642623983962594e-01
-1.811178821102110703e-02
-4.441446469625751625e-01
-1.283881579639345460e-01
3.941703493917785295e-01
3.923085929550369499e-01
1.986615587269380256e-01
3.697000834961490234e-01
6.333580702763397241e-02
3.576150401837394632e-01
4.284329816977638927e-02
4.258597198767275493e-01
5.476497605432619764e-01
1.578014423864892990e-01
-1.395193027413762721e+00
-1.620868507504637179e+00
-2.145983685157724974e+00
-1.191791600883611579e+00
-1.077466644726572165e+00
-1.216687329591555677e+00
-1.429819582261964150e-01
-1.412677364236669675e-01
-1.512998231350772826e-01
1.588694536558525883e-01
1.821924516547834827e-01
6.493151386152318238e-01
4.958834636492035486e-01
-7.443738991521398063e-02
6.015197589608400897e-01
1.081413689072592277e-01
1.707310238142865089e-01
4.262344525877832524e-01
5.295710223426692842e-01
2.152967014162761039e-01
-1.447730385525947128e-01
1.764909254197752908e-01
-8.376119276051698925e-01
-5.981047189256192276e-01
-1.281490271683387583e-01
-4.287970444392952274e-02
-1.687359127940597503e-01
-3.105893875915546332e-01
-4.045565297524311710e-01
-3.348396757171059335e-01
-3.457691773719653305e-01
8.091243036336681627e-02
-3.987662145200125963e-01
3.407825689094807764e-01
3.534138530772055198e-01
-9.650433053645592896e-01
-2.744198758976166275e-01
-1.540688708117017303e+00
-9.892514021074074737e-01
-2.730291526836765570e-01
-5.318896563665465038e-02
4.362268056703801911e-01
4.788632771659608878e-01
1.284629031866963977e-01
-3.862775076347029213e-01
-2.547298473354002724e-01
4.330407862329819224e-01
4.531991017220988738e-01
4.436164559357402837e-02
-9.095734874141716553e-01
-1.320705494100919530e+00
-2.049968526090428789e+00
-2.315377133717636315e+00
-1.188760058442941414e+00
1.132936002396078834e-01
4.043128826110842233e-01
-1.193787691498923831e+00
-2.321670868516988229e+00
-2.150592734841291431e+00
-1.434285517302551494e+00
-1.091389870690232744e+00
-6.824376305619230809e-01
-7.391326341698323255e-01
-5.328359347177449301e-01
-7.076824352376807070e-01
-3.709686129266565047e-01
-2.299040226555586486e-01
-4.373376389822762889e-01
-2.669511509675386307e-01
-1.497990259145534075e-01
3.819992700232273108e-01
-2.028341422490420598e-01
1.269611555698033634e-01
5.664732814090234214e-01
4.065014562813109578e-01
5.194313526501885825e-01
6.730844209014246182e-01
7.753339254203557296e-01
6.960023797707930449e-01
-2.753611050652593484e-01
-4.285078335278855732e-01
-9.806882373256398111e-02
-1.538004836235548289e+00
-1.943553432461743391e+00
-2.600999017406884661e+00
-3.035818417221306742e+00
-1.741637577697592754e+00
-7.350887699165715716e-01
9.952587435820126061e-02
4.916443390132441138e-02
3.880527920898919625e-01
6.891506357405821070e-01
5.065597605626255273e-01
3.921598239895134341e-01
6.325893783377329882e-01
5.340101374744667950e-01
7.412326013636851840e-01
2.546609273256108530e-01
-1.619571663118906102e-01
-9.254855032632596235e-01
-1.111062811449812227e+00
-1.711389907069490013e+00
-1.726562253706278582e+00
-1.276058348666912590e+00
-1.098890193582696462e+00
-9.599192960054814261e-01
-1.566157436064347097e+00
-1.220207987276134887e+00
-4.218636164816684797e-01
1.406567096319846222e-01
7.389364951861123743e-01
5.929649127892537841e-01
-2.197280364223530569e-02
1.507472663168578642e-01
-4.024556532518381857e-01
-3.752821677977529191e-01
-4.067087955878854189e-01
3.126831213498668660e-01
2.652163184088740522e-01
2.149823502245125084e-01
-1.443808470912557596e-01
-8.645027515168046683e-01
2.807966567610091779e-01
4.931599990237325315e-01
9.844235345698213457e-01
1.359070629020094234e+00
1.499296273540787539e+00
1.206178326137279821e+00
1.311410321751991237e+00
1.076707342770325759e+00
1.534843573708497111e+00
1.392677381198076603e+00
1.503346827984690215e+00
1.424631441234379459e+00
1.678641358362364500e+00
1.458019673648264458e+00
1.524806265481175593e+00
1.612110851265239120e+00
2.266738133717780102e+00
2.652508877377361074e+00
2.177018617740658080e+00
2.582981711379327194e+00
2.391129507191438464e+00
1.684634655048690810e+00
2.068620971671446540e+00
1.640849316770058408e+00
1.281326833122947484e+00
1.578469066770618490e+00
1.345383965714030960e+00
1.615665442989651979e+00
1.584850401505360828e+00
2.282574899133446245e+00
2.544253463974239793e+00
2.918050670777360800e+00
2.992346971407193301e+00
1.704989632983122227e+00
3.195673766961748541e-01
-1.633331284462993027e+00
-2.305208927364002847e+00
-1.746901855063120568e+00
-2.067772988155199609e+00
-4.111011941257851632e-01
9.324084072131006984e-01
6.817655085742599930e-01
3.482325812468358706e-01
7.946021287238158592e-01
8.695970389437022163e-01
9.265887457455201925e-01
8.722210054945165325e-01
6.766815188135355541e-01
3.203821683256928843e-01
5.112974144266626553e-01
3.507267458012393035e-01
7.068218364173981527e-01
1.680307382269674576e-02
-2.034490987416179841e-01
6.738181890216146108e-01
7.242846322492009214e-01
9.019279053918727307e-01
7.113496496341711328e-01
7.290413598176175292e-01
7.262450276152403461e-01
1.328422457734506956e+00
1.308210867928931265e+00
1.759035788098294972e+00
1.504660725239893360e+00
7.774219387011966909e-01
1.070457655407437869e+00
1.932447737533787624e+00
1.596482514107703032e+00
1.185465934329499760e+00
1.015382323937052966e+00
9.895470621777611164e-01
1.336515032689168603e+00
1.224538523602863194e+00
1.418770102019032642e+00
1.792837541805480051e+00
1.405622166973190090e+00
1.543159454195508928e+00
1.704454631559142008e+00
1.858020257057940050e+00
1.099011217241052218e+00
7.483839798654634556e-01
1.393503662139420562e+00
-1.218481033465693697e+00
-1.439802416321018352e+00
-1.034825689575121554e+00
-3.573134304932881200e-01
-5.655046804084631340e-01
1.501873668254596339e-01
6.615627599064675124e-01
1.401040998297529150e-01
1.273991317335194218e+00
1.341683559356345423e+00
1.796276725686674069e+00
2.016829023864140424e+00
2.037375091889851220e+00
1.612487900702594068e+00
7.604006481488045921e-01
9.576851805119637184e-01
-2.218175332076794959e-01
-1.168333863653595817e+00
-2.349388759816739114e+00
-2.087046188419503956e+00
-4.527631012072887984e-01
-1.900287163384306588e+00
-2.176680377663136046e+00
-1.021726026100779228e+00
-8.228840932645418160e-01
-1.631098952414449466e+00
-2.466971275579597389e+00
-1.996280927149014950e+00
-1.387567703628971305e+00
-7.035779067674745590e-01
-3.912125257766252417e-02
2.211178051088014129e-02
-1.070455144894455479e-01
-4.837089894358621578e-01
-6.875483175319363482e-01
-1.881353708826183357e-01
4.584861941112294836e-01
7.694733196334135883e-01
1.151627603029406810e+00
1.030116829053992600e+00
1.131037541986418926e+00
9.509437791120776140e-01
1.065495289208675533e+00
4.334400501501747272e-01
6.789974345013209955e-01
-2.211205830153164520e-01
2.937045233336781358e-01
5.872011906508634027e-01
1.986868034625706159e-01
7.621863871770284682e-01
8.921296301609951129e-01
1.256196343524874859e+00
5.702581874910466198e-01
1.366497467680240163e+00
8.851828505513918977e-01
1.029326120802724454e+00
2.592792504362861905e-01
5.266832637408001005e-01
2.587862269917846625e-01
1.735719998871338987e-01
1.150583570183920656e-01
-1.410825787391490893e+00
-7.868414076039704774e-01
-1.587610528715406311e+00
-2.130775563902973069e+00
-1.151076246489386889e+00
-5.692634887856953263e-01
-3.340454890766038076e-01
-2.249889915476492419e+00
-8.753570292489460947e-01
-1.163046413104400711e+00
-2.196768861029565034e+00
-7.161895884657967226e-01
-2.533039942244470488e-01
-4.370382113723452200e-01
-2.896943890712297964e-01
-1.109844694191162606e+00
-8.841228943764307679e-01
1.829261926190026699e-01
-6.496553662840285348e-01
-1.147775581632811015e+00
-1.805214623741991486e+00
-1.257453743315792405e+00
-1.449874805621148122e+00
-4.266277642979483531e-01
-2.349954139019837740e+00
-1.086287868532559209e+00
-1.455542862268484505e+00
-1.348755512188079431e+00
2.608765895348348351e-01
1.503950902522485755e+00
1.590962722834468934e+00
1.800141804935229572e+00
1.313721867981196390e+00
1.086823902216397464e+00
-1.859016599740135334e-01
-9.540254740924312138e-01
-4.390821293922226864e-01
8.161268872257072537e-01
1.249367543691969118e+00
1.120908234172611984e+00
-8.775049326382111659e-01
-4.514471743202301823e-01
7.233054903214579667e-01
1.189849048987747349e+00
1.428168964415087672e+00
1.300632428197684654e+00
1.448827932038680544e+00
1.578001453137307664e+00
1.297907355202506441e+00
1.841179411360895912e+00
1.477847681784555611e+00
1.414400040015641125e+00
1.401698236397304953e+00
1.030610801011000000e+00
-6.451435509593976825e-01
2.321365774312011965e-01
1.111598785887892848e+00
1.772817498504823064e+00
1.046376288319783576e+00
-3.063542940525687541e-01
-2.317583536015621615e+00
-1.531184101099239969e+00
-5.649975110323701699e-01
-4.266201053622027395e-01
4.899511209178952775e-01
5.453388696031433724e-01
3.706239114530998080e-01
1.847246501897434889e-01
3.786697031758246013e-02
3.221003575874270553e-02
-2.855367872263148143e-02
5.629798154172611646e-01
9.252901019294736962e-01
7.809366508493047476e-01
3.394929422352781501e-01
8.363336097726299379e-01
1.320027929564162150e+00
8.769213740461614393e-01
5.280634029083604020e-01
-5.395813718481567989e-01
-5.020127096925683929e-01
-1.452720456338197241e+00
-1.936699428628190889e+00
-2.302054763718788255e+00
-7.012274146178991696e-01
-1.611031836681129814e+00
-3.066262036523741408e-01
4.719969596176003535e-01
9.325275615075452329e-01
1.001018111616114759e+00
7.804103784881766259e-01
5.147801864083323409e-01
2.492515688348899694e-01
4.678676473871070662e-01
1.014525773705932998e+00
5.069427286274459377e-01
-9.169444881800412617e-01
-5.777686383104008172e-01
2.485808664705628779e-01
-4.199187870502312236e-01
-1.930885816136046707e+00
-7.390061293352192529e-01
-9.179872179815089517e-01
-3.033211321157600615e-01
5.881270949400754233e-01
1.528790284558241730e+00
1.041410420815292781e+00
7.430794529238431423e-01
-4.257073985153887463e-01
-5.524171797968135955e-01
5.297669571196630400e-01
1.331985302051568176e-01
-1.853184786543601970e+00
-3.626338064893275259e-01
-1.614450357534882308e-01
-4.870278646817829404e-01
9.717141577148087350e-01
1.000829354175346353e+00
-1.224810945034737752e+00
-1.041941510380116176e+00
-2.519515015367516764e+00
-1.822393481416794359e+00
-3.474693334597875882e-01
-8.694427884099473758e-01
-1.072941669405908405e+00
-5.714806055334014090e-01
-2.851476021168579678e-01
-1.032351319424011926e-01
-2.317053664168184923e-01
-4.459531931274751670e-02
-7.592926481931046023e-01
1.771128730229900583e-01
1.073915542927008637e-01
3.690214619015099728e-01
3.755562552193625336e-01
2.083869895223324775e-01
-5.103647197322387363e-01
-2.613435404505737303e-01
-4.996985961082685002e-01
-1.442174335767802074e+00
-5.678646567293834657e-01
-6.039712883591921155e-01
-7.718334609931996049e-01
-1.204180175313798173e-01
-8.926899990792791506e-01
-7.835518379501766884e-01
-1.018819149479668340e-01
7.980875143145249595e-01
9.776174525613563482e-01
1.080580096771804222e+00
6.166675392423903723e-01
8.779222934437087567e-01
2.254363846056839371e-01
-2.434752012784495712e-01
-2.608797125177995113e-01
-5.071567585899647845e-01
-6.269971244426533197e-01
-6.568898748676232913e-02
3.625575016626445546e-01
1.740816213479625674e-01
-5.378944967373691100e-01
-4.015686587792308693e-01
-1.590325362383257612e+00
-2.635174421483200025e+00
-2.445177956894327931e+00
-2.448843921543712110e+00
-2.065875717135669642e+00
