1.880227442556501316e-01
2.461129122479209508e-01
-1.557421008327362910e-01
-7.105426882153653700e-03
2.505284104126757061e-01
9.826170533041220234e-02
-2.316202569812840506e-01
-1.376793013665722487e-03
-1.896588017333047660e-01
1.874783604723420649e-01
-7.309510060069582815e-01
-6.960568868311350910e-01
-2.961375490085168538e-01
1.043142372602382795e-01
-2.770845806074448969e-01
2.676437059706530952e-02
2.889157552557250486e-01
2.906228741437740792e-01
2.694994256803719956e-01
7.311415940595009655e-01
6.743632560174627200e-01
6.174542921507220061e-01
8.629170262864948038e-01
9.008122474305578775e-01
8.665174075013295507e-01
7.508521664330779499e-01
8.777266589747574344e-01
4.012695418068827902e-01
2.718874290031106922e-01
1.500981453476664673e-01
1.264532135426272297e-01
5.203886118154278373e-01
4.327437647487930583e-01
5.424719377390423425e-01
4.348740494994123296e-01
2.398477185742407536e-01
6.000435022852779188e-01
3.952096023226387977e-01
3.867422678585830109e-01
5.210516881033612213e-01
6.013717003623154644e-01
9.562769698723855294e-01
6.225459528250028018e-01
2.651286984783700063e-01
2.353590327915023317e-01
-4.709463360852342295e-02
3.995105334485989923e-01
5.744627266098173424e-01
5.762749596756601145e-01
4.586512561092389584e-01
3.192839898134960386e-01
2.644545811777849198e-01
-1.223385300071747894e-01
3.022536679757613642e-01
1.034059872115228734e-01
2.744632362930060632e-01
3.012045343522216645e-01
9.053156947684934397e-02
7.226842853812874834e-01
4.952632640791129193e-01
5.789308103238121062e-01
-1.444508158486473570e-01
-8.559985921446239265e-02
-1.033456572823342745e-01
1.972931877080585927e-01
-1.330727106202229948e-01
-8.417214760135316443e-02
-4.092972547760074242e-01
-6.642606284285693663e-01
-4.098954843219462241e-01
-9.551557832846302443e-02
-6.244954429046820632e-01
-1.431179065249013338e-01
-1.053180410272813450e-01
4.393660094757476653e-01
-3.207832592356750778e-01
7.978309935410940468e-02
5.548699017564959757e-01
8.293001071277581460e-01
6.102139097053956851e-01
7.105024168027522791e-01
8.235734941879053750e-01
8.715158487554085509e-01
4.641582932470814660e-01
8.984562783840331912e-01
1.024717302751568360e+00
1.175740628839210711e+00
1.179070167571114158e+00
1.123830468135655458e+00
1.199155898493786898e+00
1.151147900383135747e+00
9.362867837784817349e-01
7.430219782084295232e-01
8.148523226783314088e-01
1.065216249890834077e-01
2.390867152806598062e-01
5.430654033765726085e-01
6.201880400539594440e-01
7.537734592610788598e-01
5.689981806576394074e-01
7.179011255429922356e-01
7.395715680213086340e-01
9.358057554898900898e-01
5.968461701172069755e-01
7.643486579693354876e-01
1.011803571832488924e+00
1.260479416490076110e+00
1.043940645518624200e+00
1.104738243253512442e+00
8.635651601430783808e-01
8.871787674677988900e-01
7.902367054647428946e-01
1.012983327673985023e+00
-1.726031326809042421e-01
-4.021614225242995388e-01
-4.705524701029781820e-01
-4.713101024976421582e-01
-3.441083842441493568e-01
-1.270202255804817881e-01
1.330756121401506786e-01
3.441916747494645490e-01
-1.543352739576386023e-01
-3.087180696959358484e-01
1.894799583334330351e-01
8.053326186845356782e-02
1.520169825699984045e-01
4.988882476858595982e-01
7.050793246612194753e-01
8.996358560052125641e-01
5.017780409280675480e-01
1.145249989424080184e+00
1.449375586236912206e+00
1.418356915748252733e+00
1.325897489583852229e+00
1.308634527941874959e+00
1.419034277579914516e+00
7.952112860714641851e-01
7.909295025310223437e-01
1.205371369867544562e+00
6.832611894630616911e-01
8.743890512796974601e-01
-1.124041319497314229e+00
-1.388814937360226542e+00
2.352002988603663358e-01
5.813088570034464775e-01
-1.312934188229114563e+00
4.831040588340440589e-01
2.770552376887269741e-01
4.606487950362000428e-01
-1.880871223365161660e+00
-2.229960820901470075e+00
-1.325178017026337418e+00
-1.027754421952466357e+00
-1.722342011740768397e+00
-1.681071942038971700e+00
-2.057577168587980232e+00
-1.797658264467365763e+00
-1.680971883947241841e+00
-1.527980112714468319e+00
-1.611103097890398406e+00
-2.321699204252686943e+00
-1.814582184519031971e+00
-5.668772225303485568e-01
-8.208362341225253211e-02
-2.565063850326544381e-01
1.304969919970280501e-01
6.966001637979729599e-01
5.748134183094357752e-01
1.013310096698134766e+00
1.108119207739170387e+00
1.132199661760331599e+00
1.024820374715680105e+00
5.203620224612609535e-01
1.415339676301083038e+00
1.142842779034418443e+00
9.205717949487706164e-01
1.052626207882809473e+00
1.346533195922863246e+00
7.629300492875770168e-01
1.171226636895461581e+00
6.767450805639723121e-01
1.481587095946783172e+00
1.338581488622024196e+00
1.862918579717465217e-02
8.022263945860014234e-01
7.429846837491861367e-01
8.774042860610727912e-01
1.362196821695237647e-01
6.034656218050742371e-01
4.426705924076397292e-01
6.773937252450838997e-01
1.041914076278922741e+00
7.885052154742296926e-01
4.438226517852374986e-01
5.721322405875017836e-01
9.014520666735424681e-02
-3.566141727609234424e-02
9.371279057856350680e-02
-1.100495078678546124e+00
-9.304949244839719191e-02
-4.370443303682052250e-01
-1.344468597677306032e-01
6.655003249310639801e-02
-3.142820165003041843e-01
-6.105551104012674202e-01
-2.183828614272295687e-02
-3.093787934871239376e-01
-1.948617440919919452e-01
-4.954220474921937623e-01
-1.066646220591070060e+00
-2.036485987065590031e+00
-1.259289455780314926e+00
-3.356189689661490672e-01
5.648642692530075893e-02
-2.394753832827375972e-02
3.366140596661990614e-01
4.446083397006473925e-01
3.595469710454323176e-01
5.266183180979654432e-01
6.025391237514350351e-01
8.314996512431533926e-01
1.027549600903910676e+00
-3.620873391378168771e-01
-1.889762519888267489e+00
-6.761863410416552034e-01
6.377211391611079527e-01
2.172457459318247186e-01
9.902485316651048475e-01
5.519480137339430881e-01
5.485605708858896923e-02
-5.342938522051149386e-02
-1.019287086260150410e+00
-1.894319964205382734e+00
-1.751679881343695566e+00
-1.182336169622296485e+00
-7.441426508703129494e-01
-5.975851700668821653e-01
-1.317450916584115561e-01
-1.208306480952461570e-01
1.666709430845034201e-02
3.859031732945478743e-01
3.604751733960666060e-01
-6.454693234002856217e-01
-1.527348538890495711e+00
-1.645325508717959240e+00
-1.337076149447896212e+00
-8.485316866121528356e-01
-2.223171040828978151e-01
-6.395347472010278755e-01
-8.229593518550651354e-02
5.331217694884829994e-01
7.725947271852550147e-01
1.676594242235091015e-01
4.637716313537770807e-01
-7.996654002965983832e-01
-4.600515389141698885e-02
3.717671275411705833e-01
5.049315863926211456e-01
-3.881757270711032604e-01
3.250708537312484159e-02
2.761466480494315645e-01
4.795276420740457457e-01
1.160416806288732561e+00
5.355987662943132444e-01
2.594833820035794547e-01
1.335413378371331561e+00
1.456340480695631046e+00
7.201021570159450436e-01
6.496991738386589388e-01
-4.167759262131678910e-02
7.674960016184417810e-01
-1.848953500543346895e-01
2.161890800209929908e-01
1.611175338415750113e-01
-1.833009928821137391e-01
-4.243507700198587695e-01
1.179254104782117840e-01
-5.099804106386622848e-01
-6.584164881957007553e-01
-8.719870381389644987e-01
-2.581922550914891312e-01
-6.476319100970724385e-01
-5.588669522382079258e-01
-7.500677876263248667e-01
-3.662621125484976092e-01
-7.277972793973843668e-01
-2.596190050539848304e-01
2.170490237720448801e-02
5.026726711176396356e-02
-1.250157708687966940e+00
-2.779439000707882856e-01
-5.963775804898080457e-01
4.531264622438402334e-01
6.924833554812490632e-01
2.557997412161924777e-02
3.652036025380107631e-01
2.942079007565930882e-01
8.245358153756139341e-01
8.728317544026857888e-01
8.626529977755715839e-01
4.198267242719780912e-01
6.733056089468112404e-01
-1.006027220499760011e-01
-6.249088840141037160e-01
-1.411612265329580396e+00
-1.996263813686201205e+00
-1.309413323215170788e+00
-2.005997967474139276e+00
-3.362621033479044064e-01
-2.053209946943638897e+00
-1.544549166346627755e+00
-5.569803652892262313e-01
-4.968781661897316848e-01
-1.357995862796460285e-01
1.816585014715980106e-01
1.979357906301942305e-01
5.250032452105867220e-01
5.366661943970668647e-01
5.381182101298510601e-01
3.985537327314717659e-01
-5.953790874610745409e-02
2.595373017009138250e-01
6.171186740849804453e-01
8.358628023376375449e-01
1.402494810386650137e+00
1.811572524589625255e-01
-1.974572813195105914e+00
-5.543996841970798561e-01
-1.045967916232374006e-01
-2.145975140594202024e+00
-2.860312415564942867e-01
1.824448066759024600e-01
2.308722421550918336e-01
2.556564657239600025e-01
-1.209218713086165631e-01
-1.836405231136704341e-01
-1.312953880721956512e-02
3.530801843304509080e-01
4.975247606552829494e-01
3.312839399961628462e-01
2.619337095547101812e-01
1.506598488156517812e-01
6.279154747350073063e-01
8.372223643348237765e-01
4.714832029145432646e-01
8.841471573374640736e-01
9.481998805610757364e-01
5.090579863603814648e-01
5.346013772698745559e-01
2.802261504996069741e-01
2.868731413141077935e-01
4.130871609522676069e-01
5.396344765458548354e-01
7.430204125739900967e-01
-5.753558148667616834e-01
-4.021091524682277596e-01
1.175065611498471996e-01
-6.483629925239944303e-01
-2.600146630465530739e-01
1.179849331918650712e+00
1.015774968184010696e+00
-4.274854175195368367e-01
2.049283367944422785e-01
5.964731345584626254e-01
3.424615847388187140e-01
8.414314460451850497e-01
7.375415415049296763e-01
4.290204747813034514e-01
-1.421627245843737342e-02
1.178477185478122857e+00
2.557563987827494945e+00
6.125830475114735219e-01
7.055277401578853302e-01
8.920706350125870987e-01
8.910016079147650148e-01
1.004275462812786346e+00
7.635633503646387377e-01
1.043452064931750689e+00
9.467828859787159601e-01
3.705217003872812165e-01
-2.639067289998986432e-01
2.790754141074506256e-01
6.788167447867958781e-01
7.918793407793006667e-01
8.322691105521753396e-01
1.479532994482930797e-01
8.365140793506781192e-01
1.232972756018231753e+00
5.966589427554668257e-01
8.288162734249280295e-01
8.799411998080327590e-01
2.938685357781892771e-01
6.227215721448404739e-01
5.270546162264074797e-01
7.457067017097299688e-01
-3.955710233204868809e-01
1.461535828804126913e-01
8.308767611434542122e-01
7.361628988147959074e-01
4.933554826261187243e-01
-2.915814647356809730e-02
-7.987000108617881011e-01
-2.539271662324509293e-01
1.345354660468966179e-01
7.874596777755356047e-01
-1.831891213864434154e-01
4.530496682429920041e-02
-5.723604579557092786e-02
-4.307191785947759310e-01
-1.394507386865010634e+00
-1.369301919413161928e+00
-4.577760368791202739e-01
-8.905418466542050493e-02
4.942170916845545214e-01
8.457181003031929989e-02
-5.322057881996963280e-01
-3.641305270541618233e-01
5.528381672366680655e-02
-6.448182151600087564e-02
-1.448795546506840060e+00
-4.191142983527050836e-01
1.764167312002958565e-01
5.764774691833272902e-02
-1.158124021664860948e+00
-1.203380893544828911e+00
-1.200200021878297552e+00
-1.051805961647166443e+00
-5.716143958791699564e-01
-1.063078973617511691e+00
-1.753370302112004397e+00
-1.956395926448080802e+00
-1.983019285389463038e+00
-1.672165818906794277e+00
-8.326738141319396380e-01
-5.146384033075778186e-01
-8.698772720953984461e-03
-2.572300877602679003e-01
-3.569723185419427791e-01
-1.161165911234634640e+00
-6.782144443270300416e-01
1.901004706311476555e-02
-8.187160083099661589e-01
-6.393691011488635834e-01
-4.369749600391501509e-01
-1.415844994183836081e-01
5.331212206586102287e-01
6.073906849808910491e-02
-6.839814507706426516e-01
-3.687772856500939334e-01
6.218756160399441235e-02
4.995855155850859042e-01
4.375151773183412196e-01
5.106253652120117392e-01
5.734082990567457294e-01
5.400040110543189442e-01
5.348599515069762944e-01
1.974450906940213024e-01
6.114350592888793123e-01
5.100554761539497495e-01
3.048176033816740738e-01
-1.002071269540367959e+00
-1.671332220542209646e+00
-1.392028847450238915e+00
-1.431788443850146475e+00
-1.732032843848132275e+00
-1.303309404312003927e+00
-2.850807367402780068e-01
-1.036744132082507486e+00
-7.145529719555812065e-01
-7.045294057844475599e-01
-6.266421232053355217e-01
-2.005321784975610644e+00
-1.302836710200753423e+00
-6.391500431751562239e-01
-2.088571630600949691e-01
-2.848721993743723591e-01
-1.313824873119322278e+00
-1.422089158938512288e+00
-1.206551659449125458e+00
-1.552636362498945211e+00
-1.593960099532164110e+00
-1.083897422526825638e+00
-1.639415658981995483e+00
-2.051151720617609531e+00
-1.192303956796061382e+00
1.343615044353120846e-01
2.715003739694082929e-01
-3.688011587464970487e-02
-2.477731841208802022e-01
2.731361674823567509e-01
-1.708391922109673555e-01
4.115573592577081996e-03
5.243410956241059129e-01
5.398818652071398771e-01
5.820748605044001600e-01
8.219016888919463693e-01
5.194415862821729624e-01
8.345557675030932376e-01
5.639949789474998365e-01
3.696178126966813693e-01
5.439603591743921163e-01
-1.260894532915883548e-01
-1.652617590286404647e+00
-1.117769413898014985e+00
-6.638571042589991311e-01
-2.220226927107168680e-01
-2.090815463517173012e-01
-1.335915199491603422e+00
-9.792524189961766545e-01
2.801117506191781459e-01
-4.090681038136674275e-01
4.986542375112359426e-01
7.392591656458307181e-01
-4.950098144992632898e-01
5.657386215728269496e-01
5.787158160439339616e-01
9.706811474930163719e-01
1.266101031782434161e+00
9.647779905875550899e-01
8.674450673263850442e-01
7.422588175009188216e-01
7.349186727563531418e-01
4.130349598964656588e-01
-3.287910856970973628e-01
-1.631675912958394425e+00
-1.058666635560623792e+00
1.804432910885106767e-01
7.144653931580090545e-01
-1.323624139192578708e+00
-1.067268170377647207e+00
-6.419539922242073482e-01
3.845702133116378485e-02
3.089061868498792496e-01
3.052330198892816426e-01
-1.345052574632607412e+00
-2.122679501345479558e+00
-6.535858678142351108e-01
-1.638793049570385962e+00
-1.147042187574214944e+00
-1.613913907774618073e+00
-2.190925323832087379e+00
-9.557795473201282643e-01
-5.052881240090132398e-01
-9.289205178942572250e-01
2.855545213555160666e-03
5.797572741686584097e-01
5.913914025946701569e-01
5.883857841859385651e-02
5.896005319850716742e-01
6.007867383645971726e-01
-1.135926281680406547e+00
-3.148686937960796239e-01
-1.292844413996059594e-01
-2.368431289675639040e-01
-7.598496726409421642e-01
-1.641066864194159924e+00
-2.178214981465437017e+00
-1.816119715506726795e+00
-1.448316522126156913e+00
-8.289539721526866245e-01
-4.133873999122243958e-01
-5.573228850420408609e-01
-1.755491299937740557e+00
-1.251645938739742947e+00
-3.732882198506096705e-01
-1.312131434499921590e-01
1.918991050770806894e-01
5.468288213202671111e-01
-9.099824366921047125e-02
-9.543284458209078114e-01
-1.022087610219303944e+00
2.263906803858041494e-01
6.178343504164536260e-01
1.866073071908946612e-01
5.473187925088321970e-01
4.974541344367530704e-02
4.004440921485882265e-01
1.144502858547788715e-01
1.042077152360867953e-01
-1.313652440328087756e-01
-3.891500943247160338e-01
-1.244025096002745689e+00
-1.571682684832788279e+00
-2.104843081667964633e+00
-1.886861250068209150e+00
-1.130467065768048007e+00
-9.629747642017190135e-01
-1.725524868132209066e+00
-1.862238832374081943e+00
-1.019057742130198285e+00
-1.523477910101149968e+00
-1.949105255014295102e+00
-1.423402618131189401e+00
-1.638135235871235551e+00
-1.648131839172216395e+00
-2.735409714442753604e-01
-6.920712208151713618e-01
-6.001898716969540359e-01
-3.863003988233051356e-01
-9.726456549973927501e-01
2.035615847276169010e-01
-8.755452452234263605e-02
4.585388934096106262e-01
7.508633622091127613e-01
7.523130716894916858e-01
3.477054314087743569e-02
-5.572269938460334693e-01
-1.083675394354790100e+00
-4.784835560681685029e-01
-1.935156719284030491e-01
2.042350690980872518e-01
-1.636592499088937447e-02
-3.970922936524194924e-01
-1.074541505298990618e+00
-2.360720627447613129e+00
-1.374771172879208692e+00
-1.284493968392039331e+00
-1.267994799312775589e+00
-1.016338375676478556e+00
-1.529661194057354123e+00
-2.200907841181245495e+00
-2.556838160946493854e+00
-1.467246092283684078e+00
-8.640398090029099976e-01
-8.212195237193614661e-01
-1.772822039530861593e+00
-1.395123389057574714e+00
-1.935883226110475919e+00
-1.683393167123671486e+00
-1.883758232953116396e+00
-1.195840702673621747e+00
-1.258549996422159589e+00
-1.641752377453681078e+00
-1.681036986548732459e+00
-2.005111716687377310e+00
-7.758827492534403625e-01
-1.096091760201535481e-01
3.007686519813961845e-01
2.627178679701007158e-01
1.706421002883347637e-01
1.763155177173868771e-01
3.119213514983598112e-01
-4.822932604866131401e-02
1.377516884156332333e-01
-8.349924158952480857e-01
-2.375169399501564360e+00
-1.861000577194311001e+00
-9.930793361131973196e-01
-1.272158222243815473e+00
-8.830109053063954772e-01
-8.959237207418317972e-01
-4.517206782203565529e-01
-1.108192732737817598e+00
-1.045980942992083218e+00
-1.222820739403267298e+00
-1.799422646965375572e+00
-2.246108710420188004e+00
-2.169813871386451432e+00
-1.876898495712101544e+00
-8.697210743807197719e-01
-5.676941520916887196e-01
4.422453575006562998e-03
-8.671964130713785690e-02
-3.428899088748241231e-02
1.632860320297243595e-01
-5.778468576260322731e-01
-1.047334546459497140e-01
-1.605630008498756534e-01
4.051556942705707431e-01
5.112282206870476242e-02
4.419501413859782124e-01
-2.316180132549779114e-01
3.531139235497541828e-01
3.778568838432029287e-01
-2.432343500720670348e-01
6.686096530808771643e-02
1.853237077990492476e-01
3.217158106580545462e-01
-6.705156095026135743e-01
-3.285586041553619774e-01
7.498150403649213314e-02
1.518587430300849528e-01
3.873440518782407249e-01
4.063110034490814426e-01
-1.267277894913078906e-01
-4.326469618949043694e-01
-7.499748591279078447e-01
-5.048589478040226286e-01
-3.204219690469216619e-01
-3.659523778605570099e-01
2.571667848894987340e-01
3.700044925475587387e-01
-3.466421667749182145e-01
-5.226171209317937993e-01
-1.812120887719720352e+00
-1.120819811585116732e-01
-4.128242519071759764e-01
2.062696385635518215e-01
8.696751490683100883e-02
2.066793856492138426e-03
-5.958813600803490873e-01
-8.027420110405265596e-01
-9.546285655720148089e-01
-3.057756424094524306e-01
-4.917387042575384060e-01
-3.023472061049291559e-01
1.366382396249544162e-01
3.077602001549789579e-01
2.343696486505463528e-01
1.167868236052966024e-01
2.274586103117815505e-01
-3.635670725498840739e-02
-3.502737535715477746e-02
-2.187118113762577531e-01
9.532787616753184146e-02
6.289466580163269316e-02
2.410095077361807392e-01
-5.771857794280163545e-02
-4.621086270395176054e-01
1.116890098221051675e-02
2.672394644882583603e-01
4.857850420894538335e-02
-1.015057820506709563e-02
-1.756122509348806149e-01
2.856728719722230192e-01
-3.632325825026996302e-01
-1.144039464264992312e-01
9.891381039095331618e-02
-4.979935183058756265e-02
-7.559908332949627496e-01
-4.019431676393416808e-01
-3.640642581422569579e-01
-1.094128578962553500e-01
-2.417068717106832243e-02
1.313328090835837736e-01
-1.000329809632261313e-01
-1.701722643457468653e-01
-2.787382301340598501e-01
-4.918266598024727543e-01
-7.423075743498326329e-01
-4.860753482804350822e-01
-1.204181054581357380e+00
-1.970328807390019643e-01
5.264680948185660458e-01
4.536888334186742755e-01
-3.249219052176266498e-01
-7.306383169218979567e-01
-1.308623559540516235e+00
-5.603251374108668692e-01
-2.520068006000334426e-01
-1.100500826960102152e-01
-2.545889810980230816e-01
-2.701102479115818911e-02
-5.246696063996033610e-01
-1.649268203440900304e+00
-1.707063964277039991e+00
-5.623045969956050882e-01
8.167128635202636211e-02
-1.243006227997459912e-01
3.254889492226213932e-01
-5.703138572061366984e-02
-3.477185514948951672e-01
-3.841236159776152403e-01
-1.804145027932882728e-01
-5.285373067727788809e-02
-4.412714281057170118e-02
-6.577982083495116372e-01
-1.170813737498556772e+00
-3.668265538089162670e-01
-4.757260030020528108e-01
-1.361888774774642485e-01
-1.724569809263230835e-01
-4.657449354554556997e-01
-1.645374848032500614e-01
-2.083670686058361199e-01
-1.694211737025848263e+00
-1.950191113198407988e+00
-1.537367058595012104e+00
-2.465734715246687692e-01
-8.684367518706301303e-02
-3.410266277799014478e-01
2.627357905071032174e-01
4.222203895077153435e-01
4.612763871527436610e-01
-1.540080399837523428e-03
-5.050970145842341719e-01
-6.139564909460902831e-01
-3.878304426453383913e-01
-8.587301166691068133e-01
-1.802785370747398197e+00
-1.501932798357195065e+00
-1.229292012381707488e+00
-1.203646722618918474e+00
-1.357611232330888873e+00
-1.954057093471994522e+00
-1.430578479214120291e+00
-1.549814959797300773e+00
-2.059339976117579241e+00
-1.235831986580951725e+00
-4.485658774010089500e-01
2.052550433607507607e-01
1.592064358324937201e-01
3.801025257767161047e-01
1.859122691617898226e-01
4.512333091986675537e-03
-7.766097073680316987e-01
-7.025523825207850015e-01
-1.928257335067995737e-01
-2.389169988248895093e-01
-5.613136824285883675e-01
-1.576932554734553182e+00
-1.182329119468257916e+00
-1.287103976231948332e-01
1.511323323394168083e-01
6.142165281714946357e-01
4.985706706866398497e-01
1.867447649135434151e-01
4.956587113727007887e-01
7.228175945486964293e-01
9.576185014235355508e-01
6.855045620010162821e-01
2.950340055452691512e-01
5.713246437354621010e-01
6.637970420232145452e-01
7.564224821356170247e-01
-5.447485093129647571e-02
2.975555115746695845e-01
3.545931726884425927e-01
4.004190891760566196e-01
3.413800391537336054e-01
2.142165123737181376e-01
1.311027518979161754e-01
4.597622276539299335e-01
3.588188156064341938e-01
1.783727742621789014e-01
6.129554914896860884e-01
-5.905238783774310884e-02
1.655030402117790844e-01
1.461847415701070796e-01
-4.410709894431635858e-02
3.045653952069615755e-01
6.210580469626746369e-01
5.271292171000204752e-01
-4.450487836890965054e-02
-3.843452571764379710e-01
-2.388058350249208373e-01
-7.776806962303184356e-01
-1.672047150066892085e+00
-2.232651789787154950e+00
-1.211864060570209789e+00
-1.181852037827404223e+00
-2.010757928923686322e+00
-2.367897177546857801e+00
-1.122020696586766508e+00
-8.127126770807593936e-02
-2.666134511517701533e-01
2.261691887255944111e-02
1.344350588763466581e-01
7.070223451686644123e-02
1.308485108566748156e-01
-9.077074692992237459e-01
-7.493840571468739498e-01
-3.254549907851710389e-01
-2.906123248670594572e-01
-2.579908717642036553e-01
-1.957790787560440837e-01
-8.107908525744920158e-01
-2.229040967702288489e-01
-2.573651536736290546e-02
-7.217732849223463809e-01
-1.677298453251825583e+00
-1.014641282240304809e+00
3.930396158929764239e-01
1.343250570343969830e-01
1.418428150633535278e-01
4.823111965655833000e-01
6.889630443672964955e-01
-1.540429266653831342e-01
-1.347934263046250303e+00
-7.545009632609787076e-01
-2.476389952287576246e-01
-1.237339787038286731e+00
-4.767468755041800454e-01
6.265878297956634091e-03
-1.707901680512902975e-01
2.284494231836279310e-01
1.748313103161671100e-01
1.593840149127407346e-01
3.038817986880754107e-01
2.300268202467000700e-01
2.039315079855326673e-01
-1.151194821910286603e-01
2.985460998003398592e-01
-1.045588349162858977e-01
-4.397615074303987126e-02
-2.091261692142382389e-01
1.229162356912980592e-01
1.424456281279859460e-02
-1.321081019032250614e+00
-1.933769378684755624e+00
-2.200260241270064032e+00
-9.152405290831979734e-01
-1.504725165579109403e+00
-1.868646618761532208e-01
-2.647154415501075109e-01
2.447353090853276736e-01
-1.858315505781166221e-02
1.979162285036513147e-01
-2.530190035964670070e-01
-1.241401535599435946e-01
-1.032479114584967383e-01
-2.079627129765845850e-02
-8.946865375445240964e-01
-4.895965291697900179e-01
-6.326719332568470078e-01
-1.175986597320285876e+00
-2.102834321841576593e+00
-1.143458941714672106e+00
-3.936824667675671297e-01
-8.273134090119671491e-01
-7.021259983156662443e-01
-1.840071301475435517e+00
-2.046455469490865209e+00
-1.571571965389909620e+00
-4.187780345783919111e-01
-4.335120653033199822e-01
-2.100673843281721520e-01
-4.180893426656029366e-01
-4.781367351729350901e-01
-4.167597177789198470e-01
-2.750011705737462897e-01
-7.831732619972081588e-03
1.935367761647181495e-01
-1.269965714824377701e+00
-6.508603335998675021e-01
-3.072929276430103052e-02
4.997816930198085983e-02
1.968567905286983943e-01
-3.531684458533399518e-01
-6.820985493273292732e-01
-7.777767709596745682e-01
-9.244432557499959735e-01
-7.364540221274850085e-01
-5.010530350266214628e-01
-3.800507944258592063e-01
-7.137159644884033538e-01
-2.624823652434015164e-01
-3.064522393873917450e-01
2.650474028836156126e-01
7.075069817176261600e-01
6.147171251236945855e-01
6.834890636622085180e-01
5.441248899519727233e-01
7.259300127179891815e-01
4.409534783202434527e-01
-1.078693719009367336e-01
-3.604775546957367238e-01
-1.659223448805778045e-01
-7.906997575641305787e-01
-1.016716767207863914e-01
-2.209211141241205489e-01
2.286493330466031482e-02
4.873526277193496181e-01
2.836004579669562653e-01
-1.261078223346013161e+00
-1.846617966547027478e+00
-1.419760472244654126e-01
-1.400336026213010676e+00
-1.476795813243808819e+00
-7.105162371023150403e-01
-1.168754449485518876e+00
-8.758670595089643740e-01
-3.430474343743391552e-01
-3.409029977777184861e-01
-4.225848005419201581e-01
-9.506564559446710749e-01
-1.165215537780146526e+00
-6.705928627947840281e-01
-1.512193876213664412e+00
-2.115110984134326522e+00
-1.678663710268929243e+00
-3.947232121874100219e-01
5.380971062614627043e-02
-9.250197410970426026e-02
6.656664711177101568e-02
2.864211396694271716e-01
4.729299478467677842e-01
3.850906781015882574e-01
-1.793083695973340108e-01
-1.134789574131305434e+00
-3.277803215234718071e-01
6.571979817515147260e-02
-4.272816200161008715e-02
-1.479303016348486877e-01
-1.038971935070420294e+00
-4.392365651831440232e-01
-3.836225954542513694e-01
2.125398376534832212e-01
3.667651539823325035e-01
3.486807832600806456e-02
4.780803155862631826e-01
2.834405293388487790e-01
2.803775588734866986e-01
-1.581119079153421592e-01
-6.140142171805799132e-01
-3.607225997794638594e-01
-4.802944883784655561e-01
6.241101416549289793e-02
5.924343139029215888e-02
5.406974830315208758e-01
7.672093845800559420e-03
5.054720755360492257e-01
7.507236789948944500e-01
9.657440065420302977e-01
7.769279887664805040e-01
9.106544105132388101e-01
1.125410400888700257e+00
-4.030850718981604519e-01
6.826084225692867768e-01
5.504431060970189638e-01
6.487894397838637195e-01
2.484683956723776066e-01
2.217780259196928949e-02
3.812386249409923655e-01
6.545222487695689928e-02
-8.910880536175391775e-02
-3.487192811670095649e-01
-2.006653668927894929e-01
-2.150404146784032466e+00
-1.619660334808872948e+00
-3.512810446165265388e-01
-3.186879834066423944e-01
1.164276327552953294e-01
3.047186985953788119e-01
4.553047756171623162e-01
-7.029535176757795156e-01
-2.113574599508393881e+00
-1.224063003126814042e+00
-1.587231310042017229e+00
-1.670222674679821662e+00
-6.841257213406154447e-01
2.573793045883192021e-01
6.323501032967453472e-01
4.775791824727784185e-01
3.925775017664340227e-01
-3.868235494024364618e-01
2.219250166371589117e-03
3.148270416829483942e-01
2.646335026946686764e-01
3.040704451899713945e-01
6.169205643133877093e-01
7.766636199216944147e-01
3.902646758867549526e-01
-1.858433084689107007e-01
7.137133823589188186e-02
-7.707106181647177534e-01
3.650458526221636579e-02
3.479858709795879967e-01
6.901931277564390954e-02
-8.337015500076729868e-01
2.762777336664906658e-01
4.979726110604704159e-01
2.539482424607557021e-01
-7.491195193723312329e-01
-1.251722467350950385e+00
4.435942976138498306e-01
8.182467996068115701e-01
-2.441425319005131878e-01
-6.841666516797574316e-01
2.270353742767998173e-01
7.120115804338402743e-01
6.309981188555453535e-01
5.461805330038924655e-01
-3.765528418069655769e-01
-2.339976014660926362e-01
-1.224031292542758498e-01
-1.074921621923708159e-01
-1.517173730276300647e+00
-3.908431086358306050e-01
-3.093425709788785172e-01
3.396950994749339259e-01
-2.051626969087697039e-02
-6.410818377088020048e-01
-1.204151662448800231e+00
-2.912749331600540392e-01
5.292254354996965837e-01
7.072908883121298285e-01
6.607288492674985303e-01
8.817884250197645102e-01
1.581183573958839794e+00
-2.871565859864432246e-01
2.060799302491338469e-01
-5.772829335899448688e-01
2.396770113835758054e-01
-3.855952904431766415e-01
9.915388293097321393e-01
6.289640253593979935e-01
-6.578082182335182049e-01
1.931601373599545202e-04
2.096402721030865557e-01
6.057733555715186236e-02
3.380643127260061220e-01
-3.613940827214704443e-01
9.889434156460777947e-01
1.260819843981651367e+00
-1.705597756122985975e-01
-7.054599749157312027e-01
-8.709916692115697856e-01
-1.257770016359122556e+00
-8.885762827914767126e-01
-7.188592904380677329e-01
-1.356252576183562264e-01
-3.600118459274473381e-02
3.054870665832747356e-01
2.563029033980652738e-01
1.816619049244373729e-01
-4.439598491211115272e-01
3.181601646024561081e-01
1.762413396951420241e-01
-2.046368784184476597e-01
3.335243623003114610e-01
-5.164449461409348352e-02
6.503178920462059365e-01
1.000183050340191504e-01
5.041251058760624071e-01
-4.618932779845386083e-01
-6.810233766186035709e-01
4.672773668073379461e-02
-1.177166420174771688e-02
1.392024856180960335e-01
-3.871591296517883363e-01
-5.841664435008068201e-01
-2.808737544247394968e-01
2.187573591014041197e-01
4.664507147327728864e-01
9.425469947730787945e-01
5.650087950917320745e-01
2.243208556031169865e-01
7.010001807751633507e-01
7.432713306631304473e-01
1.341778030805664823e+00
9.386374505883758879e-01
8.204446493309143218e-01
-7.875593825362907641e-01
-5.472622740062124680e-02
-5.334202769114346765e-01
-9.599808494865627595e-02
3.597883561166503874e-01
5.878490850678022017e-01
-2.441968965140422221e-01
-8.768458515191563940e-01
-1.449418942740327898e+00
-8.988384246910663400e-01
-6.003251937287845674e-02
-2.129651950064610222e-01
3.555385629841036066e-02
1.909826878415155638e-01
-2.218096904135765934e-01
-2.832081039606588746e-01
-8.304110952152818359e-02
1.067152341076239991e-01
1.124223198428200010e-01
5.806600517945337270e-01
3.968730980081269788e-01
1.196806371713967865e+00
1.245848851277421732e+00
1.216397051485734737e+00
1.124209888990538975e+00
-3.249845853121511308e-01
-4.198185086457534299e-01
-2.884483286205660191e-01
-3.200182257450864820e-02
-3.820991554170657389e-01
3.492419810228066801e-01
7.026305095452114458e-01
1.164336741580235479e+00
1.203061136028804601e+00
1.314940239036733294e+00
1.202303462507466225e+00
4.919928665515935773e-01
9.530016481203607004e-01
8.475676531849042350e-01
6.576577261504270577e-01
4.456289970459418326e-01
6.127040514776299629e-01
3.212605967964464737e-01
5.312206126308263165e-01
6.463657115990414370e-01
-1.882910895632920190e-01
-1.102124601784012781e-01
1.533482321359252443e-01
-3.611092394945225603e-01
-3.897047812301155378e-01
-3.548429148328215987e-01
-1.012793638444924593e-01
-6.810698665324301793e-01
-2.316729625536081139e-01
4.233087380907418762e-02
2.638278856590015597e-01
1.122433308650409994e-01
-1.270275197831835234e-01
-5.814909668617854188e-02
3.424706065080349027e-02
-4.995349776716926371e-01
-1.095413200189470526e+00
-1.413971096513927383e+00
-1.058937200882712482e+00
-6.476105218703762656e-01
-2.810647085437192327e-01
-3.740828718998072677e-01
-3.898609398365253664e-01
-5.742614607207758848e-01
-7.088353029436319508e-01
-4.157479100474846812e-01
-1.980233474942439675e-01
-3.306937013602551101e-02
3.162863350446223909e-01
-2.769705839412486825e-02
8.700249658312175782e-04
-7.558371804414940054e-02
-4.240899833681857078e-01
-2.481337627008611546e-01
-5.431391919131725032e-01
3.857150085834705200e-01
4.975043043127437281e-01
5.337182105692220846e-01
5.912780733658347110e-01
5.881999756918180333e-01
1.861241950797745404e-01
6.037017480902401312e-01
5.209039722051636012e-01
6.645993756710191214e-01
7.887901422075637159e-01
5.167538135083046269e-01
5.103809657581672710e-01
4.777446150748272391e-01
2.330951669962603168e-01
-3.495944969455613283e-01
-2.899409942109896221e-01
2.208507079554680730e-02
-3.297504608657708669e-01
-1.128468910254447344e-01
-7.568206316371783871e-02
-1.222985674390067778e+00
-1.494926047651699008e+00
-1.652354427404566950e+00
-1.843827949792443466e+00
-1.735345771364396050e+00
-2.017854505316267755e+00
-1.496561177336207527e+00
-5.761825285700397092e-01
2.099768822211262320e-01
2.828320029405976821e-01
4.341668628108034111e-01
3.346286708600293425e-01
3.950688002917430719e-01
6.269514934366862136e-01
7.317193891993055699e-01
6.374793906993900805e-01
3.228652893088029829e-01
3.658759122412734155e-01
9.154755349376372808e-02
4.435653562398789163e-01
-1.158875134735288526e-01
-3.281042024880700958e-02
4.645685317412484583e-01
2.614033419236446720e-01
1.063032920525516789e-01
-4.410043223001612889e-01
-2.516116144788577147e-01
-7.485709697450215749e-02
3.863324748836556299e-01
4.161954607075938339e-01
5.853376048022741474e-01
5.844484431707999139e-01
4.609475212960356671e-01
4.280518215071956734e-01
5.111793357186581455e-01
4.615494399629956890e-01
3.023375039529052621e-02
-2.537763019920002971e-01
-6.399416148978134822e-02
-5.602403342676538500e-01
-4.376060543539115333e-01
-7.128228247530130623e-01
-3.723195170617075167e-01
-8.157343749240945074e-01
-5.298160260816565659e-01
-6.965873855054288688e-01
-8.402671588845016526e-01
-6.897757310611116743e-01
-1.547037201156850061e+00
-1.725044128537825294e+00
-1.607690874827656380e+00
-1.909819907388619287e+00
-1.715978877131530300e+00
-1.733856499158336506e+00
-2.165479782700446165e+00
-2.216888453419699534e+00
-2.226657108983961297e+00
-2.395915453659572592e+00
-1.925159528753668026e+00
-9.482261735358368249e-01
-1.173347254390179895e-01
-1.449358739957669284e+00
-8.397736337991574818e-01
-1.497032079660772341e+00
-1.900675006787946542e+00
-9.733168880325329120e-01
-1.948614407055595299e+00
-1.629520107129159179e+00
-8.602562548745364968e-01
-2.216199522399502075e-01
-3.343991633926753915e-01
-8.085222841619282841e-01
-6.327060796565854295e-01
-1.422164975381628560e+00
-1.387046707181264882e+00
-1.251256852390174590e+00
-9.661513001547912260e-01
-9.126862267481228308e-01
-6.921849864301757860e-01
-4.234976882213532523e-01
-3.378479204311768402e-01
-5.130295037150027770e-01
-6.813991157155926959e-02
1.317582766911949699e-01
3.238846827641135295e-01
-5.861849230045723669e-02
-1.837289881299137007e-01
-4.671031047544340620e-01
-6.038453268001540142e-01
-2.217479941453428249e-01
-3.349947637467546313e-01
-1.684917350941199210e+00
-2.062512994747311090e+00
-1.383880301694298876e+00
-5.758880082247614940e-01
-6.687469978954432293e-01
-5.996293762017543827e-01
-6.692730195625740119e-02
-6.775152422741825831e-02
-1.161745349475086508e-01
1.918315888725049545e-01
1.274241781514662830e-01
-8.402432449818025839e-01
-1.687254137990033431e+00
-7.684958968787383160e-01
-1.699400438365152033e-01
-1.214649908240430065e+00
-1.233146465536288039e+00
-1.540754011034804805e+00
-2.101223469100360841e+00
-2.085067147341815641e+00
-1.559458428713031974e+00
-1.464558625760070454e+00
-1.199755546987325339e+00
-1.031874896997135860e+00
-7.596145850961066870e-01
-4.758465900552273364e-01
-9.889952728926518222e-02
-7.047593686867968943e-01
-7.340201297248073464e-01
-1.392248946541880583e+00
-1.127249208213878084e+00
-1.386689233516179343e+00
-3.929439705493842361e-01
-3.863315045105649714e-01
-6.804723396917677913e-01
-2.943869405953061236e-01
-1.365042056362839373e+00
-5.083845237452278010e-01
6.966078995459717982e-02
-9.897082255895970349e-01
-1.264710944857014852e+00
-9.643189455071194960e-01
-5.417407270431678912e-01
-9.065370732534339115e-01
-1.501294222638009934e+00
-1.170496482704660890e+00
-7.022565926075806653e-01
-7.921102773611743419e-01
-8.275497135900417023e-01
-5.875489624453172910e-01
-1.796798476194408245e+00
-2.061658883193091540e+00
-2.366451405652903350e+00
-1.308496326431580536e+00
-6.196614977387872036e-01
-1.303182586661303655e-01
2.037709393199693686e-01
-3.391388106452728479e-01
-1.428450978393771553e+00
-2.193210121117304290e+00
-2.582689424076611839e+00
-2.874972983058400100e+00
-2.004144611405524135e+00
-1.715223043459223051e+00
-1.542344449055755629e+00
-1.589617299679275453e+00
-1.303259905749358349e+00
-1.787916434320885983e+00
-1.424116434813394116e+00
-1.507797649071684010e+00
-1.509888243555925325e+00
-6.322021741645708071e-01
-2.124493020828349399e-01
-3.848087110748457107e-01
-6.451421809722266421e-01
-3.020416548218716191e-01
-1.239879182980240246e+00
-7.913705086696564139e-01
-5.764365483529596546e-01
-1.169410781721359927e+00
-1.608871280534595938e+00
-2.031859393096959732e+00
-2.315881364742776061e+00
-2.251982690900511397e+00
-2.182016641999356299e+00
-2.033678421751516918e+00
-1.730525516157157107e+00
-1.385544827860699213e+00
-1.076424056467282897e+00
-9.560026333825124567e-01
-1.167406904283168512e+00
-7.545217082696051847e-01
-4.377179646125206602e-01
-6.478687045757949847e-02
-1.134584751985400652e+00
-1.323593578353089661e+00
-1.680428420534362255e+00
-2.029542248908495772e+00
-1.147416663038450357e+00
-1.241748348313263417e+00
-1.692792702721553022e+00
-1.544954136929800548e+00
-1.820873467485739416e+00
-2.142361517614141952e+00
-2.126367357500523969e+00
-1.652400204227874037e+00
-1.171995983470529579e+00
-1.377050220652405566e+00
-1.906122397896436338e+00
-1.557486354045506838e+00
-1.018470966461383798e+00
-7.275890578511061690e-01
-8.932569065686155607e-01
-1.051962574482343316e+00
-1.890161835852018468e+00
-7.123976512860314969e-01
-4.534897451012549485e-01
-3.159040404053601314e-01
-8.355759340451102135e-03
-3.682686991207965166e-01
7.734070902536549497e-02
5.482530308468830382e-01
-3.462754845172408835e-01
2.347017318835205868e-01
3.206345935577246120e-01
3.310393997543521483e-01
1.003265445641671416e+00
1.256568469321553971e+00
9.944216838118578039e-01
5.087789817432331052e-01
4.315242217217279963e-01
-9.922442259648633911e-01
-2.652437389373474286e-01
-7.992426303327420101e-01
-2.807959367456178135e-02
-6.637877203665032422e-01
-3.199495989832383813e-01
6.605174223060586436e-02
6.892576375450549797e-01
3.315609426863603271e-01
-2.480637142545366880e-01
-4.162955407879186387e-01
-1.123072837147596204e+00
-6.723601494838175041e-01
1.373691324709618578e-01
-4.039822426292511981e-01
-1.751298620269181594e-02
-4.266395471483012125e-01
-1.230859115490461064e-01
4.309094954800052335e-01
4.001723686161722249e-01
2.461359183697944542e-01
3.814966038440997798e-01
1.062575672102276103e-01
3.358979598536484534e-01
1.820765498152573936e-02
4.811382482833557184e-01
5.624073400002768119e-01
1.845203007475177126e-01
-1.428782513348626493e+00
-1.811015084408611697e+00
-2.200684090449592567e+00
-1.213099042515434212e+00
-1.156728522752607846e+00
-1.186836426451990834e+00
-1.732117144542417997e-01
-1.229016257932407374e-01
-2.437717085895709512e-01
1.832744634701954922e-01
1.734926133393190351e-01
6.787674925878235399e-01
5.092977703352892238e-01
4.110225961074517875e-02
5.614750695614831866e-01
1.286724610218543396e-01
7.322923359792013476e-02
2.843902594374591031e-01
4.267115448194050975e-01
1.968852684639613992e-01
-1.629061454806532139e-01
1.576619347669724058e-01
-9.642385604369378971e-01
-5.082128902391237490e-01
-6.827963303750225754e-02
1.350344443824677554e-02
-1.863938234110306957e-01
-3.342714537162946309e-01
-4.339275051827998775e-01
-3.268450637241530066e-01
-2.536847840433655854e-01
1.540694126017407573e-01
-3.755001822079507834e-01
4.497093138070046292e-01
3.477602806260082779e-01
-9.639845531869988271e-01
-3.092782430453692166e-01
-1.645193823897536545e+00
-1.016891482383490475e+00
-3.245454378008496565e-01
-2.370676663761248082e-02
4.385673123812091623e-01
6.351672379167998539e-01
2.408582705107688571e-01
-3.609920286881763696e-01
-1.495712951328177776e-01
5.049612158842207155e-01
5.395292671411474617e-01
-5.834558356564295556e-03
-9.847435464604885613e-01
-1.383310648908330887e+00
-2.170963676614825477e+00
-2.400900547508719729e+00
-1.194631382722373347e+00
1.061872428209585661e-01
4.233604515283967418e-01
-1.223819265677309698e+00
-2.318295191025126378e+00
-2.330541819260614211e+00
-1.481211848893278171e+00
-1.189469745350844043e+00
-8.163340843776680789e-01
-7.007212538239535604e-01
-6.275097073899262856e-01
-6.070810503837766881e-01
-3.518811459650484919e-01
-2.780037781477407988e-01
-4.214402460647772575e-01
-3.151045008039138340e-01
-2.261374386133665759e-01
3.095780199545132838e-01
-3.277519880014175824e-01
1.673111234326809804e-01
5.666120879648439690e-01
4.375023432754991948e-01
5.999780833448957740e-01
7.443845728148560381e-01
8.766159597517668711e-01
6.360676954546052864e-01
-4.134288985254765958e-01
-4.419345046408277300e-01
-2.749765972262009361e-01
-1.674838353377771316e+00
-2.100163650390773462e+00
-2.823290891198309893e+00
-3.153275540327890258e+00
-1.930498244219222892e+00
-8.183487078899230882e-01
3.617104272979621005e-02
2.795938961387189892e-03
4.772210000067349522e-01
7.776140800565424227e-01
4.860133742406760327e-01
3.893183758463605315e-01
5.163366745451146711e-01
5.832879864872639875e-01
7.141385830698450121e-01
1.308718715937105814e-01
-2.440684465733196362e-01
-1.044827433283918916e+00
-1.256328161085547013e+00
-1.764244408819940046e+00
-1.816934898098067963e+00
-1.360872895944928995e+00
-1.224666058735496499e+00
-1.020364376952423546e+00
-1.704402498034788271e+00
-1.267151004418464844e+00
-4.697567639512887361e-01
9.584185867654257396e-02
6.514663445089380334e-01
4.687116888029069228e-01
-7.232987931897325029e-02
6.904965995485715102e-02
-5.024940388421810233e-01
-5.175577024944174598e-01
-5.069459729360951128e-01
2.820678426191775001e-01
2.683452021605403637e-01
1.786905819270097895e-01
-2.698662660845587702e-01
-8.154557083675415541e-01
1.757890901217569191e-01
3.692515861935073973e-01
8.793340812919524518e-01
1.251440812469091890e+00
1.409053936996778722e+00
1.109862407680950680e+00
1.171281982262711852e+00
9.897326144126145087e-01
1.332696085575532541e+00
1.201975209743924022e+00
1.311082991820538224e+00
1.227836590141940132e+00
1.509438204298044317e+00
1.284578537999675252e+00
1.339009606456603718e+00
1.520239369929038631e+00
2.088922541752751272e+00
2.379476862492576839e+00
2.208036107399189873e+00
2.427450963409751861e+00
2.242692929832132087e+00
1.518375734265773325e+00
1.887524596200249150e+00
1.381523623995853711e+00
1.027981218719205447e+00
1.348815899563959197e+00
1.185379691367315136e+00
1.510772884423680740e+00
1.512631938020651434e+00
2.147393868614925427e+00
2.447291917047454302e+00
2.881568178589053453e+00
2.870901590842124040e+00
1.574861753030600831e+00
1.885601242761641705e-01
-1.825291284363825373e+00
-2.414192119503652645e+00
-1.821043493903573562e+00
-2.012495267445774783e+00
-4.622609905763900295e-01
8.299441532356320872e-01
5.384848319793404947e-01
3.123149657253015965e-01
6.611251511857543228e-01
7.641036221755346247e-01
7.303932525516011465e-01
8.212610394561188354e-01
5.642527174948402946e-01
2.930429519636046920e-01
3.654783441776440212e-01
2.814587542002737752e-01
6.154355841159168117e-01
-2.705317796206554992e-02
-2.426588080582452178e-01
5.401633671024195227e-01
7.946584733235058096e-01
8.525919554436046655e-01
5.620029841460896236e-01
6.177568797595076600e-01
6.058303317036447533e-01
1.316762457712260526e+00
1.182360442451631410e+00
1.670255051922994394e+00
1.372007376687921276e+00
6.099280517243150790e-01
9.497974029081659442e-01
1.743244395370795008e+00
1.371458988727921824e+00
9.131300833488120716e-01
7.914429893091566859e-01
7.978045259681676438e-01
1.129227054149406939e+00
1.064092964344498737e+00
1.259341099497471861e+00
1.569990050229177481e+00
1.177132297296706875e+00
1.351547280680106322e+00
1.591213819786786443e+00
1.710211396939004924e+00
8.733683084761126869e-01
6.634503354667944386e-01
1.248738031199093212e+00
-1.346986595921037644e+00
-1.594310740314209163e+00
-1.228828145273473504e+00
-4.392607889960276069e-01
-7.618888271820627445e-01
5.539987089137815568e-02
5.353970233367019160e-01
8.151241143004392398e-02
1.228619849487479598e+00
1.277280395156396020e+00
1.745828696430344218e+00
1.970773350458882023e+00
1.955090873176756228e+00
1.406640387583285579e+00
6.265969877168895419e-01
7.873224627405395193e-01
-4.143860289897596250e-01
-1.234359866523983440e+00
-2.401931680894679122e+00
-2.167889619042377536e+00
-5.378160517828465270e-01
-2.017367713393304118e+00
-2.254932841939125243e+00
-1.080134284626625973e+00
-8.329032924474222277e-01
-1.739761566676953697e+00
-2.469930051354655376e+00
-1.992357490341433168e+00
-1.305260882697201419e+00
-6.654978031281608697e-01
-3.427015000896257990e-02
4.863541601455112495e-02
-1.454368134913723021e-01
-5.066421512177561315e-01
-7.854782406475113721e-01
-2.481912864744811043e-01
3.979286373730188675e-01
7.964746432303442258e-01
1.156859362131973823e+00
1.042539932622147614e+00
1.045053753071566893e+00
8.518564035785295419e-01
9.307852149844640932e-01
2.889079098494170550e-01
5.278230437264542774e-01
-3.100981534035170961e-01
1.963154123439326826e-01
3.845850582158066855e-01
1.559071238660356129e-02
6.863254488197941816e-01
8.327462626445428784e-01
1.196244269906612478e+00
6.024041303216551846e-01
1.064527265941336065e+00
6.805917571299435753e-01
8.362898817684472075e-01
1.582776958441852178e-01
4.419700036932382448e-01
1.095670659523684809e-01
1.856624766650447067e-02
-2.711404557288998873e-02
-1.453805411600093800e+00
-7.753399786178833963e-01
-1.586478198415546714e+00
-2.205301223029759505e+00
-1.197106992385663427e+00
-5.926232149580887842e-01
-4.665866171983295008e-01
-2.285905303922595611e+00
-9.260261376114968801e-01
-1.254885863069789664e+00
-2.138366195182198837e+00
-7.775038412755775896e-01
-3.309995835509260687e-01
-4.873371809036093349e-01
-3.538724430997326476e-01
-1.094273096164605219e+00
-9.044961834414027013e-01
8.044766777868286867e-02
-7.634818705653405591e-01
-1.194879504263941961e+00
-1.882545762830985181e+00
-1.272879715362401853e+00
-1.461437740319706746e+00
-5.553631393105534775e-01
-2.253290127808237120e+00
-1.107820755961135717e+00
-1.450616320655503388e+00
-1.239800201666662938e+00
1.912773835464249006e-01
1.367870036612287565e+00
1.552286438303867033e+00
1.738435841904979684e+00
1.209123637395105311e+00
1.011198387060764370e+00
-3.496960431384237289e-01
-1.081397269497792246e+00
-5.472449321277275125e-01
7.674655539727240905e-01
1.076441000248869795e+00
9.538451825024111264e-01
-9.512067655674651956e-01
-5.344474795763650699e-01
6.727352713349697977e-01
1.087071370366528900e+00
1.367249140414214192e+00
1.180722196200923113e+00
1.335868466335084381e+00
1.409994858497928272e+00
1.145833320924031673e+00
1.623645583384623947e+00
1.345682033653506915e+00
1.291759880679187900e+00
1.306023054488561819e+00
9.113964549957820349e-01
-7.218257249676623966e-01
1.109449698726461542e-01
9.384079876949302790e-01
1.686064961095348869e+00
1.059763135811107260e+00
-3.306397246492964737e-01
-2.237316719723515313e+00
-1.741825390197907941e+00
-7.760708734823522637e-01
-6.865483562130030304e-01
3.389027259316024221e-01
5.318773701972661083e-01
2.765919415459764386e-01
2.655488284331753990e-01
9.176299739295531999e-02
5.338672584916118180e-02
-9.897870207409634191e-02
5.231811710962589457e-01
8.195357883366656271e-01
6.517872190274724975e-01
3.387597843677082055e-01
7.234439875204328185e-01
1.173015066535689321e+00
8.627829283431656116e-01
3.258268539237009209e-01
-7.866988096277640619e-01
-5.068436372986907523e-01
-1.538652275519491130e+00
-2.056537632492092094e+00
-2.385490113431397941e+00
-8.437424887901056048e-01
-1.792177238003496598e+00
-4.490531839179930929e-01
3.016522782465411723e-01
7.809473841755930623e-01
9.053902070259999268e-01
6.199611800923567895e-01
4.572202895463725048e-01
7.071665864203394158e-02
3.736446285275401014e-01
8.968992056508537924e-01
3.608816152001624866e-01
-9.612870667528445878e-01
-5.897712048621446268e-01
2.664232349543946832e-01
-4.449737579483414862e-01
-1.901666681926639901e+00
-7.064613260638265002e-01
-9.114438749182964816e-01
-3.177111933690933698e-01
5.464548625530427639e-01
1.509767183261286450e+00
9.752873985118510891e-01
5.749887588985121978e-01
-6.169088615653808283e-01
-6.138570772388165508e-01
4.356095557544968910e-01
-1.509923274142788152e-04
-1.854153662057518970e+00
-4.977739297339448532e-01
-2.579628807534896096e-01
-5.878285626540702413e-01
9.235779275966118362e-01
9.075068398642827106e-01
-1.168251880717672053e+00
-1.166439363615578539e+00
-2.614788296724387617e+00
-1.949507810816993425e+00
-4.430772565726960321e-01
-8.297523710244953943e-01
-1.196888375479559397e+00
-6.161588230805378208e-01
-3.757306906991064732e-01
-2.225493865934430049e-01
-3.272008291630013055e-01
-1.401703418728662831e-01
-8.588903472350255530e-01
1.638954106508128117e-02
-5.640960233272593327e-02
2.617535334296916538e-01
2.931826088204478320e-01
1.699852198942902737e-02
-6.293212049672890496e-01
-3.341113054559570195e-01
-7.202627538130363938e-01
-1.574818856793852806e+00
-7.046153832669377337e-01
-7.873485252719309990e-01
-9.383569331151342396e-01
-2.611941575406544480e-01
-9.723143205444764181e-01
-8.691949513344692235e-01
-1.642167740946444410e-01
7.108774549284557764e-01
9.365763816647642015e-01
1.004343544597242177e+00
5.790740619529886057e-01
7.252065708173922598e-01
4.526388234250039444e-02
-3.922746427433648764e-01
-4.145554528276088613e-01
-7.007795274851239542e-01
-7.493545300234195627e-01
-2.298967056394449482e-01
2.157281966954849028e-01
-5.217737738166364214e-02
-6.272767961334717590e-01
-5.233531693911395166e-01
-1.751200947730528368e+00
-2.741354637028795338e+00
-2.467413349750660068e+00
-2.518105026588552064e+00
-2.230762089894585021e+00
