3.943270529888674436e-01
3.640987817604496857e-01
-3.906586991171165368e-02
3.962102078800116556e-01
3.589918462813440070e-01
3.661121973493037807e-01
8.915764878721350872e-02
2.888315933329271834e-01
1.978025256714347757e-01
4.560893391374413741e-01
-4.774762955701822853e-01
-6.393026242782214874e-01
1.652348599302169707e-01
1.504374478697700079e-01
7.719061695455235218e-03
3.374245748731321548e-01
4.016747993944222994e-01
3.153720307459841887e-01
3.988970839426049242e-01
4.822674088455941033e-01
4.242353439657787773e-01
4.848320687548489660e-01
5.631842241863691534e-01
5.614835936876918510e-01
5.274015862437404500e-01
5.377593602848396159e-01
5.952698295749699886e-01
5.175919772492971749e-01
4.920028363297311302e-01
2.403103226644653090e-01
8.208598225256028003e-02
4.011961217990074324e-01
3.379645082851495119e-01
3.675103285089925675e-01
5.071696381782093699e-01
3.512947402282691756e-01
4.689275340724014529e-01
3.496783337649114753e-01
4.004850050844829812e-01
4.605858060918383567e-01
4.104320171037045828e-01
5.594324264145320580e-01
5.200955397292778004e-01
3.953243179924089135e-01
4.195650374745518718e-01
1.335760429383984760e-01
4.216832659341890333e-01
4.490663333578528427e-01
5.078463581324299536e-01
4.642198207458498316e-01
3.282102703249967224e-01
3.326575070904765341e-01
1.467033966303496473e-01
3.374103879605208078e-01
3.133920365255499219e-01
4.048496056349097927e-01
4.409651324486237867e-01
1.374782432355836914e-01
4.214907523865313865e-01
4.774880175419575212e-01
5.368112861084521903e-01
-1.239975351917038532e-01
-1.097247737206124077e-02
-6.519482033128190523e-02
2.874224778334366626e-01
-1.099873898551854134e-01
1.763691191447807338e-01
1.571274190851733032e-01
-3.205198443455334889e-01
-1.485668606374921930e-01
1.279149979807535920e-01
1.803954606409302955e-02
1.831338120015068294e-01
1.573103256903500557e-01
3.293118551486017287e-01
1.100749496490813044e-02
3.395671024479967048e-01
4.659886288292733325e-01
5.321171740077771384e-01
4.116281810286342435e-01
4.963275852015890388e-01
5.838278469871590604e-01
6.050693899666453879e-01
4.258916175195035514e-01
5.699985159774303423e-01
7.102784912852001531e-01
7.369072011861759197e-01
7.057726680909262029e-01
6.240924015012232484e-01
6.622743530353620844e-01
7.320260173013185545e-01
5.633827565958384742e-01
5.377685225529932334e-01
5.974013097916907045e-01
-2.326743253240327880e-02
2.888419770308028323e-01
4.536714153982207010e-01
5.499252051141670927e-01
5.941321571412883085e-01
5.575351888088629915e-01
6.088061017336633407e-01
5.932731164266024093e-01
6.459508143931355084e-01
5.523961715468507228e-01
5.294306261068816299e-01
6.330025562525419813e-01
7.179062380319122250e-01
7.055514014213735141e-01
7.036791036483585060e-01
6.366551740759940348e-01
6.182193830049880212e-01
5.986513766805513503e-01
7.353938959251172802e-01
-5.047331607620756388e-01
-6.427117362632140951e-01
-4.864818670126984101e-01
-4.790977182033961945e-01
-1.435398971967389858e-01
-1.337325898987102024e-01
6.481296049179580132e-02
2.000216427393645136e-01
2.288849152966116740e-01
-1.658252699995558244e-01
2.856176750542384069e-01
1.929443990293845945e-01
3.038109649342331520e-01
3.971333938799904706e-01
4.341204074941427127e-01
5.429459517005913449e-01
4.731689942598593102e-01
7.203648184143608413e-01
7.457498961543639338e-01
7.265500390229933103e-01
5.847348738138168356e-01
6.539388520921728398e-01
7.438866989604292490e-01
4.947203552279504368e-01
4.348087019346894011e-01
7.058426865987802445e-01
5.233680716137676381e-01
7.278833275397060820e-01
-7.676170685342086353e-01
-9.727871696635256304e-01
1.991990232888407319e-01
5.126566209103201599e-01
-1.095623190417402970e+00
3.949785622152090503e-01
2.483169916871280636e-01
3.154286596669134690e-01
-1.491761496693975397e+00
-1.282939114603391939e+00
-9.250287869027622456e-01
-7.649684548434662057e-01
-1.215370839950264292e+00
-8.702006295778683675e-01
-8.171452657501965255e-01
-1.068575869316328752e+00
-8.892305225784064016e-01
-1.033173337229102540e+00
-8.213465486975660701e-01
-1.209362871918290949e+00
-1.153106960645595258e+00
-2.558927592378723581e-01
6.030412452998698200e-03
-1.457970105452616183e-01
2.033351364593468102e-01
3.740747926514554900e-01
3.754687567306633778e-01
5.523379620471540186e-01
6.333497704677614193e-01
6.978382174009323258e-01
5.436137121654546212e-01
4.164419651375688702e-01
6.939556756723276321e-01
7.654060148039570910e-01
5.573110886295997712e-01
6.282012952437738829e-01
6.758628307952134762e-01
4.754974790668059503e-01
6.344076798053249755e-01
5.392398683970578421e-01
6.852583652047635754e-01
7.612991948700336131e-01
-2.999013119903415903e-01
4.861480638945957500e-01
5.359188219963596511e-01
5.501544274310915528e-01
5.239843293858108264e-02
3.578569924993996731e-01
4.251542086016618094e-01
5.188296749345893133e-01
5.780034358076260315e-01
5.667457805480213828e-01
5.389220771406788568e-01
5.218746886489833425e-01
3.271692118849097164e-01
-4.110192232334266421e-02
2.418308958714137924e-01
-9.831053378331152670e-01
9.838229203338244577e-02
-4.804235817528825225e-01
1.871450588832143103e-01
2.253184272333782212e-01
-4.551618870688720619e-01
-1.463448112548576263e-01
1.669427748897389929e-01
-7.185218691103465415e-03
8.246297262416321661e-02
-8.566386460189388818e-02
-4.530314960169642413e-01
-5.843765726343543854e-01
-6.415046396064026935e-01
-1.509424109045193751e-01
1.012376425379569872e-01
-6.985468026495038341e-02
3.190484401113439783e-01
3.974768984266409677e-01
3.305492149523997503e-01
3.053584177065523653e-01
4.755551868206241983e-01
4.633615278680696115e-01
6.411768163952791255e-01
-1.692994535061964623e-01
-1.623152510866597176e+00
-4.049859470717290799e-01
8.306653444323958135e-02
2.109575268015701222e-01
6.051476091914337330e-01
4.408874418591747779e-01
-1.203260756139453713e-01
-2.944650875448590610e-01
-9.833079430730995441e-01
-1.327961373495767816e+00
-1.311810994020282450e+00
-1.026634885279175124e+00
-7.299005785234209398e-01
-8.108056086834651843e-01
-1.068492265791638890e-01
1.292325577976047857e-01
2.394004625143539844e-01
2.538956809815149374e-01
3.714941495318384579e-01
-2.764524904627663204e-01
-1.119523251455604829e+00
-1.307164163841564086e+00
-9.679862434366852675e-01
-9.360649747758771344e-01
-2.697565182233533920e-01
-6.483757094137344579e-01
-2.337667068020237715e-01
2.681655678294847522e-01
4.018819016151126688e-01
6.707878180020433734e-02
2.831141219912664542e-01
-8.778908298927093901e-01
1.625760818177719724e-02
2.280797420030040712e-01
2.729257641267666123e-01
-3.681033067900839617e-01
1.951415416000048253e-01
3.495390545277620720e-01
3.949938829149259312e-01
6.297702784862341252e-01
2.628783350480302650e-01
1.165592350370069086e-01
5.920786030886973084e-01
6.898673872419855968e-01
4.088466361020990369e-01
3.800878895941757762e-01
-1.145703712605186837e-02
3.215659866357616914e-01
-3.662695036503560431e-01
-1.402145025179859540e-02
7.316768628159305010e-02
-5.868652293149402288e-01
-6.887691489366131181e-01
1.207505797932334896e-01
-6.437139271241514304e-01
-8.267972871338424845e-01
-9.294489412582442878e-01
-2.960236119399501376e-01
-8.344830406877704609e-01
-7.979665215964716340e-01
-8.780790809406938680e-01
-6.162878421514714766e-01
-8.753731477145276774e-01
-3.381076276113685886e-01
4.089146479597285250e-02
1.472896636233442802e-01
-9.097948387452287067e-01
-1.773707811586171246e-01
-6.343297356304493650e-01
1.976917967178998259e-01
3.834021648554467032e-01
1.439561588277355753e-01
3.388748293293419311e-01
4.043275280496962942e-01
5.526876550821231415e-01
5.259698832717297767e-01
6.406921624516737079e-01
4.187151741287031825e-01
4.963897062633169099e-01
2.914530050567765151e-01
-7.658092595432389738e-01
-1.087676956045385390e+00
-1.315238060085188732e+00
-1.055467359946402395e+00
-1.345326977164376769e+00
-5.824057402339160028e-01
-1.594039779010376856e+00
-1.187636922806783346e+00
-6.745093900291940781e-01
-6.127249197518664925e-01
-3.187279584490443352e-01
2.347398918159234182e-01
3.654636484213817926e-01
3.787959676155155941e-01
3.897216311057649096e-01
4.200327647032180978e-01
2.340370279635131945e-01
1.598820414250449740e-01
3.945994953660142968e-01
4.282548466518176777e-01
4.988723580631785892e-01
5.183640877616236819e-01
-3.124021667015637257e-02
-1.250907165302283186e+00
-5.975064008388496495e-01
-5.230502180152648561e-01
-1.440500830179770375e+00
-5.459983461281909811e-01
-4.097666249347010070e-01
3.457763935044750464e-02
2.009372264048465695e-01
1.792951310296522771e-01
-3.533588015453347220e-01
1.630930174316614079e-01
3.175953772091141269e-01
4.233246438175360948e-01
3.416725214458161686e-01
2.795274648561120179e-01
1.882714877284767108e-01
4.596660318070629470e-01
5.014413307136917908e-01
4.544283331183378571e-01
5.232254126297121166e-01
6.383674015022421377e-01
4.567341297922090648e-01
5.237101519534949068e-01
4.141447102769718058e-01
3.736966776811572744e-01
1.085206183893927673e-01
3.506256251377776190e-01
4.283949313435614914e-01
-7.966772603871576930e-01
-1.272013724353369402e-01
-2.776660441998745066e-01
-4.642988435062649910e-01
-1.345429648539884504e-01
4.420222460396774911e-01
6.041184408439894682e-01
-5.809198695605655161e-01
2.277217037827667934e-01
4.607598833339230926e-01
2.198227788257038906e-01
5.148867161504250278e-01
4.897321176856281877e-01
4.600601507293939352e-01
1.335130486824629703e-01
5.842426726237164303e-01
7.886997530232560116e-01
1.984608289289118976e-01
1.574086282161148154e-01
7.099494142097736438e-01
5.817668299513600871e-01
6.746219571575327034e-01
5.943065552515559569e-01
7.381855289743463056e-01
6.515408963772694184e-01
4.517566372854243777e-03
-5.856441558936699154e-01
2.727439810325399949e-01
3.886121848894915631e-01
5.648172038808604301e-01
5.809835443351906159e-01
1.116429160766180262e-01
5.867308094579412048e-01
7.963926208798511874e-01
4.474236337173895239e-01
6.026488771138909240e-01
6.321045774805661432e-01
2.386399999754021117e-01
2.733142456610936355e-01
2.625460989247853649e-01
4.983294323773175272e-01
-9.734188751323997746e-01
1.661442876305573302e-01
5.104905489280006092e-01
4.868040782246613185e-01
3.931217721028809065e-01
3.571215885763899534e-02
-8.701170853136919181e-01
-2.852619020702265029e-01
2.417623075837948832e-01
4.011776738873469306e-01
-2.889039575221930001e-01
2.688934307725084349e-01
2.892093828247737641e-01
1.851581776197799567e-01
-1.207594721355799150e+00
-1.094846226127022870e+00
-2.579173195795750329e-01
5.460040176103927653e-03
2.938649488771021834e-01
2.482820375992978446e-01
-1.314732911910992674e-01
9.508025255506949436e-02
2.057267321507006974e-01
-4.273254873073696336e-01
-1.290010941435185465e+00
-2.509435779052068272e-01
2.047680557806267343e-01
1.283906649005505940e-01
-9.895775934222433845e-01
-8.790379790484379452e-01
-1.024891295334598329e+00
-8.508339547877027398e-01
-6.066342819384875629e-01
-5.645296773528112738e-02
-5.473869210034049138e-01
-1.169556524414538723e+00
-1.222622500064589390e+00
-1.067996650728579189e+00
-3.920276663882152346e-01
-3.792900671055850215e-02
2.217284476913297941e-01
1.016272183357751629e-01
2.021661704165709783e-01
-2.158003376540065243e-01
-8.134474831020493957e-02
2.765121991443747484e-01
-6.204720785314991049e-01
-2.940741003103716222e-01
-8.821255708831599041e-02
9.609445738161741246e-02
2.979495916740976247e-01
3.427008138547655847e-01
-6.979771227955841040e-01
5.736249955215389634e-02
3.903146333211148789e-01
5.300418505835974292e-01
1.326452640410326900e-01
1.777126228841179045e-01
7.231134916170199878e-01
4.097195801678260030e-01
5.051050328189108374e-01
3.650486980025438033e-01
5.593276006956479085e-01
6.001558784867510044e-01
3.564552775990122990e-01
-9.352735438089411213e-01
-1.149388088099991823e+00
-9.681124430258529756e-01
-8.653327442065372743e-01
-1.261410668871151497e+00
-8.890066232901112642e-01
-4.373378968818971146e-01
-7.707822944411930610e-01
-5.742237958373523909e-01
-5.440681974089458528e-01
-4.845659005889955684e-01
-1.364461727576879779e+00
-8.237300199041154292e-01
-4.615067370975999284e-01
-3.730338089062382734e-01
7.643356395893403932e-02
-9.655934333233231470e-01
-9.181693303050246779e-01
-5.552321909618356255e-01
-4.909435617900919646e-01
-4.226552157514130714e-01
-2.921371375917788948e-01
-4.739806499924778538e-01
-1.243096365901398492e+00
-7.322987442482873366e-01
1.383993090944464210e-01
3.815910328913955651e-01
2.000862267721817689e-01
-1.346185482881829820e-01
3.889656215628930491e-01
-3.993531847174686678e-01
1.569881155327974842e-01
3.886807518919408455e-01
3.995182975953999183e-01
4.393526690244400346e-01
5.647131198186469137e-01
4.401586120722001394e-01
4.981884437888585149e-01
4.375637036759271736e-01
5.202360242978546490e-01
2.666554015524868482e-01
1.262561688624116718e-01
-1.028179491128677903e+00
-6.562107755557317068e-01
-5.804935701227449674e-02
9.165988416597414812e-02
-7.126829879906815268e-05
-8.816293685975274963e-01
-5.555759354270591865e-01
2.485006136700757540e-01
1.509797199770720848e-02
4.792297613718602411e-01
4.854521279343422258e-01
-1.738066832538736062e-01
4.610620954380174052e-01
4.938686487820943549e-01
5.918099571814867677e-01
7.466270259126180919e-01
6.771112540816500713e-01
6.125992825446026080e-01
5.882257994887258867e-01
6.141878295192584325e-01
3.464410245717315928e-01
2.869844923175208368e-02
-1.339630575893313802e+00
-8.919999125156431452e-01
2.144522713506150646e-01
3.346862897049498464e-01
-1.387447054035799043e+00
-1.010017385949129487e+00
-7.536519747319487816e-01
-9.977565225870345736e-03
3.914243509373283580e-01
4.152717710793624173e-01
-1.523371401203453157e+00
-1.557569473628778622e+00
-5.739536184118172457e-01
-1.335968720524046693e+00
-1.091229787634839798e+00
-1.380023711385313101e+00
-1.589093122229701338e+00
-7.560383059766571101e-01
-6.826219606729674316e-01
-7.142768606579846802e-01
-2.758477066080496920e-01
1.737421337913378216e-01
1.760057182001492082e-01
-3.115322160910498073e-01
2.509875263728127415e-01
2.634955408501821750e-01
-1.310260616330338523e+00
-6.418905697902718144e-01
-3.759491408717300365e-01
-4.923749484452950576e-01
-2.048382222041676137e-01
-1.280084860315198414e+00
-1.454236208129461527e+00
-1.253870638197269516e+00
-5.654543108346082869e-01
-4.866637255622483504e-01
-6.390425412396154303e-02
-1.429561178950726139e-02
-1.335763883666393870e+00
-9.829337729120655176e-01
-1.394239860191698877e-01
-3.872089139187737117e-02
2.930627511411813546e-01
3.291187123134768355e-01
1.262473280324162006e-01
-8.604916076382219670e-01
-9.746113922373912386e-01
6.950696159120343942e-02
2.574797469881253686e-01
2.998955934221901320e-01
2.852957283171136948e-01
-1.184743198321498991e-01
1.567502939029786768e-01
2.820798866990143483e-01
1.350697747719174224e-01
2.545237494512508913e-01
-1.746896489590840928e-01
-2.447731437504114260e-01
-9.095312281556023892e-01
-1.357704524245387123e+00
-1.226218446446643906e+00
-8.092559213867491774e-01
-2.062897354423014473e-01
-7.250849540231867341e-01
-1.313147053479472914e+00
-8.025010570419481848e-01
-6.659752809882861779e-01
-1.141302620317016014e+00
-4.469954152578057283e-01
-6.742839051938868122e-01
-9.152605452489861459e-01
2.001154784886979288e-01
-7.770688570788252258e-01
-1.486162137762354618e-01
-3.279752913084170718e-01
-7.976659775891039583e-01
2.595541196307999399e-01
-2.177544430901775518e-01
2.609152519517085600e-01
4.541166670064271660e-01
6.319787834937643511e-01
1.907892076935260028e-01
-3.960096156732176853e-01
-1.061563846425694013e+00
-2.094644583414688177e-01
2.505551861171400052e-01
3.004473115158191043e-01
1.617579165515232453e-01
-5.902592484064229927e-02
-3.867546708925666543e-01
-1.347218438463411605e+00
-1.141122013207559904e+00
-1.075050773464486520e+00
-1.004882942862709960e+00
-9.381163365233485818e-01
-1.050522837875522031e+00
-1.270553412136803395e+00
-1.394210839283753778e+00
-1.148970121764408381e+00
-8.420985461624542756e-01
-8.430330177036431394e-01
-1.240750397622119250e+00
-9.146669413146893968e-01
-1.323509711206394046e+00
-1.023129728802913752e+00
-1.173490943514263751e+00
-7.753539375081193175e-01
-2.857596889277360108e-01
-3.779367099368584615e-01
-4.589078773507994091e-01
-1.122553071968019456e+00
-2.891812402703912779e-02
2.965024703809012174e-01
4.360818425882200811e-01
4.692966249648659049e-01
4.549821477919738788e-01
4.786322684036124486e-01
4.177707702279407909e-01
4.398917087750677246e-01
4.401902052676211485e-01
-2.533201209706220647e-01
-1.351663350859869661e+00
-1.193785942111656118e+00
-9.950211843952664337e-01
-9.742725333022593803e-01
-7.124765706580808988e-01
-7.111333821867715788e-01
-6.262983943576099222e-01
-8.678577066041555099e-01
-8.564840145503339608e-01
-6.380734850064354591e-01
-1.024070753784299015e+00
-1.249398681906880082e+00
-1.171899929599598433e+00
-1.114099137983042942e+00
-2.251745070881413791e-01
-2.032679494583032598e-01
3.026112858411605933e-01
1.571104406806305698e-01
3.823079968477385848e-01
3.987698603085947924e-01
-6.535064063954305613e-01
1.377527427394356352e-01
1.484792686690284691e-01
3.171256470025471397e-01
2.328019963894017996e-01
4.455598310209218926e-01
9.506751559861065237e-02
3.445075657024856963e-01
4.766420260694173017e-01
2.158923213084271431e-01
3.503296231030277874e-01
4.194220932576497862e-01
4.814041965434080472e-01
-6.914359457824214017e-01
-5.450093995185002586e-03
3.295778948030411715e-01
3.857867099632520946e-01
4.833452323972102227e-01
4.707666166926889328e-01
3.072203208616309800e-01
1.092722598332121625e-01
-2.656050611149029031e-02
7.228676403264586159e-02
2.339923882163831015e-01
1.046059389730270017e-01
3.773052542376638674e-01
4.563586790748367927e-01
-5.847296444351267608e-01
-3.301545388232588474e-01
-1.191376667433526215e+00
-1.077014041702991920e-01
-6.529139217115167426e-01
3.861789208422233832e-02
2.045780553704870663e-01
-1.337356841505388076e-02
-6.384743345407498660e-01
-7.979300504870299182e-01
-6.894778005251014363e-01
6.451478138861715950e-02
-3.396421825240980019e-01
1.845288025927952491e-01
3.602120768377062854e-01
5.123895245388752073e-01
4.418256381609776406e-01
4.672954002380670380e-01
5.036495629741341018e-01
3.427777556979491047e-01
4.047789853763088530e-01
2.690091037884848602e-01
4.331224216079899714e-01
4.608903731114062374e-01
6.430320838907163106e-01
3.266281443375012583e-01
1.467093439021881218e-01
4.214800385906505853e-01
4.834935016285388798e-01
3.981935907328973401e-01
3.799396104861855195e-01
9.626443588400579454e-02
4.870060339520068116e-01
-4.651214333657036071e-01
2.835093865673444791e-01
3.597559309833856522e-01
3.731637929852562041e-01
-9.254790828308459005e-01
1.134856838982004484e-01
8.706895665130590101e-02
2.703577434494938703e-01
2.031956648619478722e-01
1.874944062757963326e-01
2.307596599647254998e-01
1.980590791021854258e-01
2.917673535891496250e-01
1.675095444123757826e-01
1.356505937937382278e-01
7.494560091967218673e-02
-9.937640633631461551e-01
1.438918998331491228e-01
4.536091695754730924e-01
3.679045894168527231e-01
-4.595599350965773322e-01
-2.025752584601177297e-01
-4.396687067999009435e-01
2.058218353438713219e-02
2.441183001243060202e-01
3.980212210226246050e-01
2.196381309254822056e-01
3.276092786209413021e-01
-4.742795786381709955e-01
-1.492714314019824462e+00
-1.351990671482291795e+00
-6.460814308496563019e-01
1.504683877391289337e-01
1.631758623540869868e-01
3.129703777522035990e-01
3.315238347061753021e-01
-9.681640353451567704e-02
-1.207474933339423573e-01
2.210597665943404566e-01
3.451336462787273907e-01
2.989326297998290416e-01
-5.046133740846141524e-01
-9.928676576865987924e-01
1.684696762332196091e-02
1.029408156861022078e-01
1.450528859818474847e-01
2.821647072690384173e-01
1.889750880791669641e-01
1.986440883662615453e-01
1.966859981699564941e-01
-1.550323128578867005e+00
-1.513460542109115181e+00
-1.323824652286075043e+00
-3.938824525871142401e-01
-1.633536451923770505e-01
-4.111302369493821107e-01
2.446983264095474453e-01
3.818831704043120223e-01
3.965854501361130713e-01
3.167170639685032429e-01
1.462888976355704584e-01
-4.009591174448709494e-01
5.539844291121275716e-02
-5.078804785747085271e-01
-1.173858968825013394e+00
-5.284370697388147686e-01
-9.337661967055927992e-01
-1.092128472988307175e+00
-5.528507568239841019e-01
-1.324895419439670041e+00
-1.101608390895552736e+00
-5.958227744554298599e-01
-1.481851375310215158e+00
-1.163217577866185959e+00
-5.880590658807041127e-01
1.151219915257419429e-01
2.448311586399662954e-01
2.482219782382822926e-01
3.643764952085271069e-01
3.090672088062615952e-01
-6.555763600821135073e-01
-4.810718594978640739e-01
2.432560617246439238e-01
1.077847122126694285e-01
-6.714087166180697508e-02
-7.163059456819602655e-01
-8.890945580519320490e-01
1.241061087864162166e-01
3.732504988380609956e-01
4.180444263490326051e-01
4.790243254564172104e-01
3.811448540284740893e-01
4.718335721602779365e-01
5.463497875299002660e-01
6.859166352838040881e-01
5.526337372693691519e-01
4.097711242335049242e-01
5.286278103338356571e-01
5.527049845638698500e-01
5.609332734734070458e-01
2.003198795165132828e-01
4.666004135386440099e-01
5.071883849600620220e-01
4.776861223317307448e-01
4.356636252651068242e-01
4.575600495506077503e-01
3.059956987342896118e-01
4.580103090386278275e-01
4.428560229898688139e-01
3.560403848603042043e-01
5.151136204776239902e-01
2.044191367710278540e-01
3.886405161082487347e-01
3.946889643303906348e-01
2.192665417447801357e-01
3.615941944383849194e-01
5.024674855626624081e-01
5.451996578914003466e-01
2.326826965835454564e-01
1.949270702374670747e-02
1.712673533386457891e-04
-7.518403743661580818e-02
-7.292745549206809397e-01
-1.381343873068391570e+00
-1.091201116719660025e+00
-5.235301667381706547e-01
-7.337492702929594435e-01
-1.394470518898150324e+00
-5.327270492652080858e-01
2.401639004484833195e-01
1.978186178280094965e-01
3.126891290328273065e-01
4.291750075809617204e-01
4.000982898757707296e-01
4.285851903618968506e-01
-9.132287813598142234e-01
-5.759224145545931428e-01
5.371199466575969639e-02
1.478477306419067883e-01
1.859315034551985713e-01
2.731063602083452779e-01
-4.490852163458977642e-01
2.129687403871050322e-01
2.999062751737416321e-01
-8.234287439115750562e-01
-1.323435051566312026e+00
-7.474378843114465321e-01
2.679925214331194128e-01
2.124137219816975286e-01
3.979534849816985798e-01
4.733296299594736412e-01
5.392025616048198300e-01
2.692297602641445242e-01
-1.145747394532385721e+00
-7.202773860930301586e-01
-4.439661841911440171e-02
-9.687372568004214424e-01
-6.580218711032032042e-02
2.507294637205570997e-01
1.286740884928620765e-01
3.392349851137498873e-01
3.225428638814485383e-01
3.767788606627570647e-01
4.331129000438103671e-01
4.918322871756515280e-01
4.748447079223409029e-01
1.340240883195243926e-01
4.546242160382943376e-01
2.030520372509471427e-01
3.471112223064446445e-01
8.081579102618437205e-02
3.701513855452984725e-01
2.816031157468358304e-01
-1.124266390261528636e+00
-1.398657716956186015e+00
-1.324781740707138944e+00
-7.523140910698989936e-01
-1.093030037449930880e+00
5.563399102114782030e-03
-4.560773366903720927e-01
2.968052249631379473e-03
-1.076425850484521440e-01
6.445317656179402888e-02
-2.960129476665631643e-01
2.799253009268847792e-01
2.122366107424232817e-01
3.046651467515099077e-01
-8.619953249128358141e-01
-1.397139409950516331e-01
6.944586499983797234e-02
-3.895589860170285412e-01
-1.349933144246074690e+00
-9.311182757762049844e-01
-6.310474004382554680e-02
-5.642487715438486706e-01
-2.091536438262958930e-01
-1.299793040993812765e+00
-1.356829877076200175e+00
-9.797052689819291116e-01
-7.563738382210273385e-03
5.030782193296621380e-02
1.053427212564713722e-01
-1.713450817020036598e-01
-7.426448495658184712e-02
1.664855220392609803e-01
1.405272421310800324e-01
3.387197788021715228e-01
4.047350176606881456e-01
-6.941379310043538364e-01
-1.455119884676145947e-01
2.245688130460849474e-01
2.938055282777312094e-01
3.277221055871077926e-01
-2.671924706494431881e-02
-1.698616066688268256e-01
-3.374438464091077394e-01
-2.704113814509482294e-01
-2.963086704725201304e-01
-5.141479204288630644e-02
9.402237035162024081e-02
-4.258127018499454630e-01
5.676784953399940242e-02
4.463216211179225207e-02
3.557295924685320299e-01
5.338616266432617552e-01
4.955770341721331129e-01
6.048429234423413625e-01
5.374630512611521249e-01
5.669120121860671269e-01
5.603808203188727077e-01
3.352426407413063303e-01
3.218604024788575546e-01
2.433767836413558150e-01
-2.849449001573257090e-01
2.441724046172607521e-01
2.166122317031595745e-01
4.288766029242580546e-01
4.527592305236778913e-01
3.856149818615746683e-01
-9.948226139153305558e-01
-1.010189116793263064e+00
-1.706232305381032710e-01
-1.202902036251209061e+00
-1.125855215123183317e+00
-3.270392440125407391e-02
-2.916527596592681237e-01
-1.011357197473363584e-01
8.788187527371160712e-02
1.521595275677741776e-01
1.415369348319533704e-01
-2.442133764556995990e-01
-1.675465187800973255e-01
-7.311943283314766007e-02
-4.132258029847604153e-01
-1.203313093054618976e+00
-1.153298877152403312e+00
1.891868231533145317e-01
3.782244350647176456e-01
3.702697367639046777e-01
3.384170267550808964e-01
4.069568428116309700e-01
4.721512261257344023e-01
4.798916764235272026e-01
8.320967784578436888e-02
-1.011312299010917792e+00
-1.085069096259494020e-01
2.648271637592722882e-01
1.871291360853570285e-01
2.120160622526223171e-01
-2.414211221538239138e-01
-6.717916199089957185e-02
1.091754643464860064e-01
3.888538998431023130e-01
4.323694515784486381e-01
2.962736654076247311e-01
4.382636515486620921e-01
3.802444719065934398e-01
3.707702111690877600e-01
1.521315387656216149e-02
-2.902236215845636624e-01
-2.293150149908365909e-01
-1.869424053947924269e-01
2.567337055952953473e-01
1.014848476352490508e-01
4.377202812292392831e-01
2.086575584373376868e-01
5.388558875213603772e-01
4.482533199760777021e-01
5.121816901910457576e-01
6.571355610941931324e-01
6.327828039213168054e-01
7.018300138808649669e-01
-7.298648280710361425e-01
3.972680000554940083e-01
4.211862849488317018e-01
4.232224561796965046e-01
4.425525947282893391e-02
2.088875878816129350e-01
3.461745454905742481e-01
2.991322192888618003e-01
3.987817370487277413e-02
6.834299462348511489e-02
7.312126961563093774e-02
-1.419562972884610197e+00
-1.019189893098114474e+00
-1.664705887907057535e-01
-2.676574117197160207e-01
1.518176288093762150e-01
3.582304110361612670e-01
4.919645550303466952e-01
-4.035170134568665801e-01
-1.424982035723913354e+00
-3.961225756255054020e-01
-1.022183614760231007e+00
-1.129393394070608236e+00
-7.743769800492530941e-02
2.929849241682338512e-01
4.319387029491696950e-01
4.096191098965382138e-01
2.129877828850536003e-01
-6.885059911576699720e-01
-1.646808833043360842e-01
2.733366516170117055e-01
2.468000449421194620e-01
3.030127503880714612e-01
4.130584083489378666e-01
4.318379984218990719e-01
3.317849310202132251e-01
3.934505068877001271e-02
2.284620972694332564e-01
-9.081332243852093811e-01
1.813023509153759982e-01
3.564613940562763039e-01
-1.763905688659727355e-01
-7.188197239301438168e-01
3.014719904915685311e-01
3.409451746957429807e-01
3.150219036865855582e-01
-7.471446573662970936e-01
-7.737728971755858387e-01
2.610472865605636406e-01
4.327162223640186878e-01
-6.645257955592980270e-01
-7.104274273744511925e-01
1.407306747659466950e-01
3.114180397078623042e-01
4.047967734711848120e-01
3.949132351626414295e-01
-8.537872014283665045e-01
-7.911339557497769348e-02
5.254757028956363180e-02
-5.339979978107496639e-02
-1.393201205485029348e+00
-3.920577303827328663e-02
-6.527264901086074489e-02
2.268405940533397835e-01
9.050764242865795561e-02
-3.437579887482682950e-01
-2.611771338925095165e-01
-1.849244313100639192e-01
1.189899580035149174e-01
2.769011918972982822e-01
3.828710724495327788e-01
5.053944205306261095e-01
7.111687652663922776e-01
-4.792356101806520274e-01
9.213997369916590574e-02
-8.961676957088926532e-01
1.113314217091745800e-01
-3.389239165719572511e-01
4.438422371867015159e-01
4.136740553795372199e-01
-6.284178676224547733e-01
1.165368005370687465e-01
1.925970776280288288e-01
5.750876239695629222e-02
3.684543584575812325e-01
-1.268288468294873628e-01
4.556883593146398015e-01
6.891776091749047817e-01
-5.257408915740824362e-01
-6.245778639217245409e-01
-8.586975942389847294e-01
-9.613820656112591623e-01
-8.329696145230955917e-01
-6.869305408171656468e-01
-3.093158475886167644e-02
2.048362983927926040e-01
2.270867000121761237e-01
3.751920569720172960e-01
1.653116257419202650e-01
-4.906297555349838913e-01
3.066177599390275677e-01
3.068478750267290001e-01
-2.489889685463362590e-01
3.721701048515317356e-01
-1.240392874195272721e-01
3.711079633039775505e-01
2.395474630749376277e-01
5.353891694902839227e-01
-2.667923598196810242e-01
-6.584628881042433601e-01
1.493750574854428859e-01
3.047114394195603593e-01
3.014113694015392864e-01
-1.226433004466855395e-02
2.347102558188449237e-03
6.325109106358844935e-02
2.660297127429042674e-01
3.935215480600631754e-01
4.761656125168940434e-01
2.377100829661717984e-01
1.800831781972652146e-01
2.627573045759744597e-01
4.947191563783486790e-01
5.791030872255084061e-01
4.078867379553161032e-01
4.044593847899962680e-01
-1.048446287041429281e+00
9.826995956273572308e-02
-8.922548727003878355e-01
-1.096736815639902801e-01
2.453508781166447994e-01
2.909279512541925183e-01
1.417011819128704275e-01
-3.968466164416321607e-01
-2.567151336360732339e-01
-3.034245475346440957e-01
2.105155398241133069e-01
8.442694082729651495e-02
2.960596193607034077e-01
3.444034377578013006e-01
-4.330788727107472147e-02
-1.566544920968950816e-01
7.098529577729016660e-02
1.645239723726426018e-01
2.346078483825899397e-01
4.072144941221758074e-01
3.042025719711715648e-01
6.868751921993857534e-01
7.508416468425954671e-01
7.680898632718340391e-01
7.031883727292422837e-01
-3.963048978493406982e-01
-6.253986476062584066e-01
-2.006404205259492424e-01
-1.100698139139982268e-01
-1.024822009219785446e-01
3.526136363168625998e-01
4.043930579581975771e-01
6.267783787482685831e-01
6.742632144909888048e-01
6.844734410515279643e-01
6.207760185733959268e-01
3.704283532352657393e-01
5.534115982682613621e-01
5.205072934402860119e-01
4.970246857070580448e-01
3.654411973417076576e-01
4.646618944035920129e-01
2.992042582777582060e-01
3.546602554564787235e-01
4.776883283696917726e-01
-6.792564359071655566e-01
1.473452484488726177e-01
2.510786247736602195e-01
-7.652315999717833606e-01
-6.607097376614769202e-02
1.708609454660110077e-02
9.075137788173918973e-02
-7.217321513962333679e-01
7.337522824614112205e-02
2.344592512868340639e-01
3.066551660663727752e-01
2.422219403384177072e-01
2.068553524069283167e-01
-7.880444622795917953e-02
2.082462146609811438e-01
2.107833385290296124e-01
-8.271498015650889934e-01
-1.018091349555050540e+00
-8.540834658166848170e-01
-8.328227872627539385e-01
-6.536335011647598225e-01
-2.262461131887616161e-01
-5.595686927885192702e-02
-5.913439612012956481e-02
1.617725207354235584e-02
8.415433743569464276e-02
1.739733849194825543e-01
2.081460718279612987e-01
3.697606086474158893e-01
2.813271606481219100e-01
1.587875197344907896e-01
1.517509761023673187e-01
-3.485981737260075708e-02
3.454482160815101066e-01
-6.193223983662723281e-02
3.171592174027221267e-01
3.281047728810284059e-01
4.739151770010461284e-01
4.593802363227769692e-01
4.258087053243672093e-01
3.825024814764518277e-01
3.709613230949753149e-01
3.579973374924654284e-01
4.505557495670488577e-01
4.548252266248818398e-01
2.550795839140662657e-01
2.776252661756690721e-01
3.109079301547988949e-01
2.398529843242151460e-01
-6.084818692627930181e-01
-4.387408490540895545e-01
1.085983318499981753e-01
-8.053397730718372949e-02
6.100887562688552673e-02
1.534415632025555032e-01
-3.215024616078479003e-01
-3.225594481484987397e-01
-3.118117178980076565e-01
-6.103817073879377331e-01
-4.479859861359629658e-01
-1.233004832742980561e+00
-1.155579469117024027e+00
-2.048969384920703296e-01
2.742783652125530547e-01
2.013637146330550798e-01
4.132591758823465078e-01
3.344872502864720265e-01
2.489950299295630443e-01
4.717883738961461404e-01
5.192434352029028366e-01
3.852577149734288664e-01
2.427069046040748745e-01
4.436875587281058353e-01
1.531415916584416559e-01
2.859727750557988779e-01
-5.077026690615998872e-01
4.971385246506444637e-03
3.149243866092649724e-01
3.853342659786826441e-01
1.474611685298231056e-01
-5.559941106750693196e-01
7.814501756304780000e-02
2.180177775317177213e-01
4.505082370335863895e-01
4.600448985297227456e-01
6.016883062729019294e-01
5.464768948563224482e-01
4.230893661225831881e-01
4.146165281803679825e-01
4.902530704876164602e-01
4.336060252159170125e-01
2.963485688451749089e-01
-9.123893888022237553e-01
-1.067109109446909621e+00
-8.654527225374175625e-01
-1.236564059431229268e+00
-9.365947350786290038e-01
-9.825788813994787985e-01
-8.214492066775652690e-01
-1.272895066550396415e+00
-9.554796351120241615e-01
-8.177800129810580687e-01
-8.928816807379039711e-01
-1.250950488252960291e+00
-8.571241213343825383e-01
-8.905909277402208613e-01
-9.437058998770858631e-01
-1.077998232056255778e+00
-9.787438353072730468e-01
-1.177156461528366505e+00
-1.206358917480252257e+00
-1.238367308670714984e+00
-1.185976262792902025e+00
-9.720742240523582156e-01
-1.057262025692347285e+00
-9.023410180413646842e-01
-9.056008011319717221e-01
-1.093576439601017469e+00
-8.676399239125557328e-01
-1.216049145427100076e+00
-1.002421296983168064e+00
-9.296733572970888870e-01
-9.979975372882443629e-01
-1.035686980292928050e+00
-1.066545808989797228e+00
-9.648963333207073445e-01
-1.010925856088648933e+00
-9.923989962681777355e-01
-8.957302816002922219e-01
-8.956085458867771854e-01
-9.829885397585138573e-01
-8.676526275931102372e-01
-7.703341424441134677e-01
-8.596481138834820568e-01
-9.359732722676057382e-01
-9.241521011394309149e-01
-9.648899363904857029e-01
-9.997785772410126004e-01
-8.339088298098263907e-01
-8.510457927087550223e-01
-8.310964776999378856e-01
-8.111543757045653891e-01
-9.277242495740900541e-01
-1.151719655857717850e+00
-9.876659249791518436e-01
-9.230432553562298859e-01
-1.025630628433873648e+00
-9.438632259960380022e-01
-8.162030315970667527e-01
-8.739942731789563934e-01
-7.982696060504411717e-01
-7.936450628748523695e-01
-9.021628633175465817e-01
-8.340994550400214758e-01
-1.225060780388279147e+00
-9.667262861065464286e-01
-7.968557382008931711e-01
-7.612009428738614192e-01
-1.256055620255758898e+00
-9.955952985070779526e-01
-8.562322150215874172e-01
-8.442189694760178220e-01
-8.520461543626461909e-01
-9.429109373910494751e-01
-9.969351296950152985e-01
-9.842163477936636262e-01
-9.130984628522320623e-01
-8.235656843008561934e-01
-7.407780215001436019e-01
-7.543866628787661011e-01
-8.504725364491712014e-01
-8.158886677454982861e-01
-9.192313532598600512e-01
-8.787215094196209053e-01
-8.180271813636487144e-01
-8.457578922738359095e-01
-9.360954328222044207e-01
-9.076881012919025826e-01
-9.585247859883062604e-01
-8.733247419629683872e-01
-7.616326493633610584e-01
-9.344868249189122178e-01
-9.064423431436057221e-01
-8.762443122967960019e-01
-1.237703254932243979e+00
-8.571752908634502344e-01
-1.301041951841134470e+00
-9.392094000653763430e-01
-9.344290003165108827e-01
-8.142586605856874105e-01
-8.598918872226191112e-01
-8.273196147633042896e-01
-8.146557509056282509e-01
-7.959099253774172267e-01
-8.250529924376190927e-01
-1.084876694714639989e+00
-1.156369803201302560e+00
-1.245639959641885230e+00
-1.343314467928910849e+00
-1.038502773464663465e+00
-9.758076271426587844e-01
-9.277909782491000623e-01
-1.032996406433216885e+00
-9.287593925985393462e-01
-1.023994177398010574e+00
-1.457846402484675785e+00
-1.174660804854197105e+00
-1.166060739433939730e+00
-1.074046307624283880e+00
-1.029547391735802897e+00
-1.111506787240593264e+00
-8.545113826570133186e-01
-8.486030824611071610e-01
-8.789910651438451739e-01
-8.906928564743100685e-01
-7.630578110211253540e-01
-8.219404643437338009e-01
-1.020729042843010248e+00
-1.088897199511117631e+00
-8.604907094128226852e-01
-1.243451715440136107e+00
-1.203459447075339250e+00
-1.101062596994287990e+00
-1.317748394057391303e+00
-1.126420783657869906e+00
-1.098135116985144100e+00
-1.136007899113464337e+00
-1.323853741502642789e+00
-1.035251545329280543e+00
-1.077082443230586550e+00
-1.016783349744271758e+00
-8.665451446496497123e-01
-7.586165393872384977e-01
-8.061543523279106616e-01
-8.363257861568865748e-01
-8.390630935952058111e-01
-8.624299579002447924e-01
-8.178694067629627140e-01
-9.244816314662923640e-01
-9.563681454048708064e-01
-8.966266666223858817e-01
-8.888589035800643634e-01
-8.552376621559836245e-01
-9.467464069724621512e-01
-9.042132129066839941e-01
-8.498572728386755148e-01
-9.028689717124980252e-01
-8.979958857555118135e-01
-8.732218074604151115e-01
-8.781045706302929021e-01
-8.897874033890773582e-01
-9.211666791392868481e-01
-8.756214450301569308e-01
-7.992729804421508932e-01
-8.357483363499375040e-01
-8.192691425599831767e-01
-8.397506583174433326e-01
-8.203845610284378198e-01
-9.100535556592689312e-01
-8.118803189166436951e-01
-9.194761502434881661e-01
-9.311750449920184192e-01
-8.562242021969512784e-01
-8.266117321408391616e-01
-7.610024462076105944e-01
-8.887926797693026515e-01
-8.757122249643696232e-01
-1.007461878493039142e+00
-9.674816655894906692e-01
-1.239750005603973859e+00
-1.263182941939437809e+00
-1.284797705817228408e+00
-1.226939685553273485e+00
-1.263417056967401031e+00
-1.267950365621094200e+00
-1.284092962396656823e+00
-1.277938408618940258e+00
-1.286708575648170205e+00
-1.239749475653433297e+00
-9.547617046506353677e-01
-1.014652188696985258e+00
-1.278189129105995248e+00
-1.214934834981726608e+00
-1.024066987308272836e+00
-1.139013794562774740e+00
-1.274482102052589383e+00
-1.003736268567974044e+00
-9.684476902836596235e-01
-9.223587619096101919e-01
-8.731392846669469021e-01
-1.268389622320381882e+00
-8.841964679322356080e-01
-9.418916329501924034e-01
-8.917258744571623374e-01
-9.939756673439740231e-01
-1.022914091456598173e+00
-1.277415116929256023e+00
-1.008366862909241712e+00
-1.000404835140983772e+00
-1.243382740742863257e+00
-9.444299223561788414e-01
-8.898545800330118771e-01
-1.229099771789887274e+00
-1.265240645987855350e+00
-1.282288042522878646e+00
-1.297017341418505554e+00
-1.128034262783199848e+00
-1.437255307556249084e+00
-9.670475890238666716e-01
-8.540483941985602678e-01
-1.276360192545439531e+00
-9.900542882207714612e-01
-1.278310232547493319e+00
-9.568291872480394478e-01
-9.643448153828414471e-01
-8.099757504743776426e-01
-1.022110434685613578e+00
-1.028823511658842449e+00
-1.016243692153831590e+00
-1.174805187673464424e+00
-1.250028829155490406e+00
-1.278016381606357887e+00
-1.260889597832228759e+00
-1.227203488992258729e+00
-1.244624195423406077e+00
-1.269789831218520071e+00
-1.261229909895736023e+00
-9.251872314352506121e-01
-1.274480795479931095e+00
-1.243368267052733955e+00
-1.265148708834374469e+00
-9.525551603187397687e-01
-1.263741600663014886e+00
-1.270014864996980242e+00
-1.255580654397897344e+00
-1.265005501750160910e+00
-1.270360745103184197e+00
-1.283953887561930296e+00
-1.238743298278533356e+00
-1.245614652035176961e+00
-1.292984661857481621e+00
-1.264833825078231833e+00
-1.179287736069373871e+00
-1.265989779155400230e+00
-1.268313616464384896e+00
-1.124933523691425075e+00
-8.751818006724387811e-01
-1.246113293955733337e+00
-1.254157102233278920e+00
-8.769027561731062015e-01
-1.261457433824452412e+00
-1.237285630863402597e+00
-1.269807599873749471e+00
-9.433982972222827446e-01
-1.231208454430817278e+00
-1.003657500814530312e+00
-1.336438566068473888e+00
-1.335049946922338027e+00
-1.273053952055453353e+00
-1.255068642128747136e+00
-9.388491308581027317e-01
-9.042981159859972973e-01
-1.034471688043508752e+00
-1.288878909877758439e+00
-1.058005224015745149e+00
-8.050563864980767592e-01
-7.966230050711647914e-01
-8.112352114334568931e-01
-7.778333647922036631e-01
-8.192095287996288278e-01
-9.613813776173825154e-01
-8.392802469300875146e-01
-1.200380961480992603e+00
-1.223848075821747372e+00
-9.170687013030247581e-01
-9.472780247983307866e-01
-1.094437293623922836e+00
-1.087511956561461712e+00
-9.884016601530783985e-01
-1.035971928048217139e+00
-9.498337883863166020e-01
-1.258930840180183086e+00
-1.271948048150866706e+00
-1.173557413176254949e+00
-7.669459870353060316e-01
-1.272451964185808748e+00
-8.493729885930655366e-01
-1.449379632037002263e+00
-1.296459598578408423e+00
-1.661438578428919177e+00
-1.464209174371323474e+00
-1.343324776388059361e+00
-1.265982696675162611e+00
-8.696665301988325547e-01
-8.590825314502165133e-01
-8.163679116294751958e-01
-8.385716704376059427e-01
-8.099640009145727682e-01
-6.593801447196154797e-01
-6.129582810365509227e-01
-5.963323601391884443e-01
-5.816969667960899537e-01
-3.377565822327917022e-01
-5.485939837236843974e-01
-1.055060290809874068e+00
-1.150626616296900107e+00
-1.163047132423102648e+00
-1.327278033441697813e+00
-1.107431982739751408e+00
-9.248351379953632101e-01
-9.097106808588538707e-01
-1.254137242550609210e+00
-9.555301309114500041e-01
-9.134489195585944188e-01
-8.016193188549648463e-01
-4.450871859536919550e-01
-3.838092309263753110e-01
-3.610248932030404312e-01
-3.036717034265619675e-01
-5.217670465077151043e-01
-5.024439668333537945e-01
-3.284577637714178322e-01
8.429975650408223775e-02
1.385240556242981758e-01
1.183914923523228802e-01
6.925303636079976899e-02
-5.448871304655744652e-01
2.591832623884878228e-01
4.515956928935270787e-01
5.383614397131875062e-01
6.468254977170373454e-01
6.271773434175910156e-01
5.179045432617987998e-01
6.639957869961408132e-01
6.842225309710450176e-01
6.738937166222592756e-01
7.990366161183124483e-01
8.008547919393553816e-01
5.601973714993142561e-01
8.318413540038643861e-01
7.821407725836451164e-01
7.839057343769020303e-01
7.794722726053945339e-01
9.002520332463572750e-01
7.471063189200713994e-01
8.363596158984745177e-01
9.268429393941923777e-01
8.440685695117483567e-01
9.174237134047493747e-01
8.095068560967456639e-01
9.765736370765490948e-01
7.414291074935975834e-01
7.666377712229137664e-01
7.768216275087617140e-01
8.665839289951567936e-01
7.562828647287191952e-01
8.976394452696659920e-01
7.245811687368656218e-01
9.032075094821894190e-01
7.488877316909876569e-01
7.483213139572219008e-01
7.474745963178509867e-02
-1.102991680038173383e+00
-1.047437438933209286e+00
-9.429773919852618702e-01
-1.037100932649859253e+00
-9.909365461216276261e-01
-7.213305328338459610e-01
-5.037747484871000214e-01
-4.361052218827725646e-01
-3.419463828704417119e-01
-2.848448120069014267e-01
-1.014327842379260519e-01
3.020449370046170978e-01
-1.645363304388693382e-01
4.065516951293313835e-02
-2.702220200535376815e-01
5.446172362606972739e-02
2.555451433261847205e-01
-2.814920908926170084e-01
-6.501408013268933361e-01
-2.196080207192714351e-01
4.615178036128187444e-01
4.600359254902992578e-01
3.372426840589306529e-01
4.139469297623463717e-01
3.551393457981226742e-01
4.922525794882242622e-01
4.508695620177644581e-01
5.193063588814215148e-01
6.067046526735286882e-01
3.516116707923503393e-01
6.391165784510305370e-01
6.610241024557016454e-01
6.259143732588742237e-01
5.397660710405213225e-01
5.037138270362560011e-01
5.516459440947294457e-01
5.990185657276171360e-01
5.935993715036215201e-01
5.856795574802583504e-01
7.819492224178153927e-01
6.922942382454527754e-01
7.806653704830450735e-01
8.677512203895498821e-01
7.828927351976097126e-01
6.811306767711740040e-01
6.784653394385413705e-01
5.334149757698846139e-01
-5.724835122743101579e-01
-8.273655621937876514e-01
-6.977014689384896107e-01
-2.016696873001365409e-01
-4.256865078289630566e-01
-8.058619337986761000e-02
1.358848856815013384e-01
1.869250738121828181e-01
5.338052685675022113e-01
3.094298312983105315e-01
4.766481768824665233e-01
7.786317835454216185e-01
7.265366779636440731e-01
2.737384107868640615e-01
4.322713514014657754e-01
1.981591618557499157e-01
-1.578691042143289536e-01
-8.860389295063560988e-01
-1.334638140990168198e+00
-1.280721363998545748e+00
-1.036208658173549679e+00
-1.373090172350702298e+00
-1.081570587302378428e+00
-8.829580842551694175e-01
-7.851489848623406376e-01
-9.803420437862848669e-01
-1.342336216649630432e+00
-1.105932777369638353e+00
-8.455819923144409778e-01
-6.500325941450511014e-01
-4.214319760882056509e-01
-3.805598317147210752e-01
-2.483699012560413866e-01
-5.722256136941187288e-01
-7.054290606125330765e-01
-4.247866252121733077e-01
1.754250127641544532e-01
2.949417832681124341e-01
2.225699475743750932e-01
2.906847230470598897e-01
2.525620737209259281e-01
3.110259168727234624e-01
3.250370515464618970e-01
2.271627896041459038e-01
2.917281530753980112e-01
-3.958394641664156333e-03
2.818176388656041254e-01
2.995877245770285913e-01
2.302401426033231502e-01
3.653103909833836926e-01
3.589816003673942379e-01
4.145045693638945705e-01
2.549491238988547681e-01
4.764774670737703111e-01
3.872784744426195358e-01
4.178218407004961055e-01
2.326659706336453859e-01
1.426073462837701145e-01
5.144555265076745931e-02
6.619239079244736146e-02
-1.017120037002618160e-01
-1.228833493943905841e+00
-1.017606307881061323e+00
-1.184035043155313049e+00
-1.295361846451517085e+00
-1.096280673460477528e+00
-8.308311569658686224e-01
-8.535725391495300185e-01
-1.395161602891291652e+00
-7.994342462007497652e-01
-9.044633323237057931e-01
-1.148590566688323378e+00
-8.009301564441564381e-01
-5.868847929746734415e-01
-6.600853336428623708e-01
-7.465197729381314318e-01
-7.970691970179207830e-01
-7.181628970531001022e-01
-1.787947769544080134e-01
-7.839859349639585195e-01
-8.151755084751016733e-01
-1.042686905844428358e+00
-1.072466471103828978e+00
-9.847969400570341092e-01
-9.560378512801827044e-01
-1.244643939354482809e+00
-9.340386250934777923e-01
-1.086935021462580586e+00
-9.835724374029569672e-01
-1.781590545791644775e-01
4.223333604110886541e-01
3.859176568793902251e-01
5.116056137460633924e-01
4.610884133692829123e-01
5.431946634016374675e-01
-1.562635992533103479e-01
-7.817332382871904350e-01
-6.359584291002736700e-01
1.922960178914836227e-01
4.335782604304467269e-01
3.638423120954586421e-01
-9.828400564059854849e-01
5.522007229767309650e-02
2.600356822247557598e-01
3.162325137395105568e-01
6.234118946897538871e-01
5.814954950546088464e-01
7.009425364302679373e-01
6.757013368128034214e-01
6.262053268221001723e-01
5.889649241631904619e-01
5.617647857464267425e-01
6.162922215012066607e-01
4.598034337973138652e-01
5.401621526885270752e-01
-7.160728768396661392e-01
-2.505791212615149366e-01
1.411976816548165814e-01
3.801348537553408402e-01
3.357184149773038140e-01
-8.265258981139156358e-01
-1.153207094148175349e+00
-1.143640500184750053e+00
-1.091762122975900251e+00
-7.687520816477921848e-01
-7.191956864884307965e-01
-3.838055930372460400e-01
-8.139470762617001531e-01
-6.461357018302357202e-01
-7.074919691571058822e-01
-6.379561170739537213e-01
-9.311046484019588343e-01
-3.091041064075998324e-01
1.332693565797074819e-01
-1.186523297673948985e-01
2.531468975271930488e-01
4.438077801568143799e-01
3.099025726541441150e-01
1.413076857004386122e-01
3.684780249007622022e-01
-8.174289150550226868e-01
-5.684938530786478456e-02
-1.009885194205638159e+00
-1.142601710941396176e+00
-1.266500441760010975e+00
-8.004663563700511464e-01
-1.126633674123668882e+00
-9.290896222067537846e-02
4.150769380036236078e-01
4.086331391245257572e-01
4.349417647422156863e-01
3.835232106394766971e-01
4.724397766840593427e-01
-3.309640174348543740e-02
4.810538576131927480e-01
3.761475713674380938e-01
1.463120674239614116e-01
-8.640455743556852974e-01
-4.377928798453972203e-01
9.634141204352848764e-02
-2.636148400139255998e-01
-1.236070862317809604e+00
-6.342888767097196734e-01
-9.288737053060096560e-01
-2.852188157389896617e-01
4.204558390332200912e-01
6.712213643618207826e-01
5.038328266926845878e-01
3.308776705865830725e-01
-7.831227322659767287e-01
-4.975398955103523813e-01
3.628018876058372033e-01
7.214080731528098311e-02
-1.397692921329990901e+00
-2.680538895980003056e-01
-1.289369750088579514e-01
-7.492025264071824342e-01
1.459549959425725518e-01
-4.306516172689654059e-02
-8.873154908732366897e-01
-1.378790119735145092e+00
-1.508995663975347234e+00
-9.186757759198722617e-01
-7.728436682933427226e-01
-9.419133038312769157e-01
-8.708670974593946124e-01
-7.516417824583750962e-01
-7.468588287471201737e-01
-7.208132249924625867e-01
-7.584400143868564870e-01
-6.927659337108714732e-01
-8.731745305524140077e-01
-5.956588002895455425e-01
-6.423570941249533428e-01
-4.911272317209263161e-01
-5.229808774510330549e-01
-4.914885260517958265e-01
-5.473690087572020690e-01
-6.673919663023974991e-01
-6.546081598338698848e-01
-1.233912790374106061e+00
-7.477682873989068835e-01
-7.487894353852599938e-01
-7.998565600746115889e-01
-6.133506519106990407e-01
-8.739051427884174661e-01
-8.901430698218533166e-01
-6.073244126259950137e-01
4.307660162791026454e-02
2.564294537796679707e-01
2.313012548065852825e-01
2.769108823988654100e-01
2.346702974406926212e-01
-5.850404327394147508e-01
-7.221637322291120098e-01
-6.048769800396527341e-01
-8.322042494977404115e-01
-7.097093293459785235e-01
-2.210106340182154128e-01
-5.287462341574429570e-02
-3.044486913129445527e-01
-7.198396114399929768e-01
-8.527650202828016557e-01
-9.626173837935328992e-01
-1.097656570908845719e+00
-1.010420269444581631e+00
-1.064563232243123769e+00
-1.161964517531798968e+00
