2.943979774282623474e-01
2.089007108071583574e-01
-6.212700043829535307e-02
5.789776089019947614e-02
2.517130193758821965e-01
1.530183335634444641e-01
-1.856511967325828738e-01
4.445113507127812502e-02
-4.844675670937060447e-02
2.379892005291612822e-01
-6.085159858813072864e-01
-7.441309126369103355e-01
-2.866935824108374775e-01
1.232895506562144833e-01
-1.694563191281021342e-01
1.538809251805378642e-01
3.959111216422545598e-01
3.873817277002589710e-01
2.938738408411971648e-01
5.280310461110399034e-01
5.014403275348777722e-01
4.335845784075418319e-01
5.912956936928647211e-01
6.549589869576551981e-01
7.105911537422652247e-01
6.464312559324004726e-01
8.106397295992193719e-01
4.057078110856929820e-01
4.057525300990810213e-01
2.775729805675672401e-01
1.167744843032748059e-01
4.441479079192010571e-01
4.670051518788975731e-01
5.689551370850142176e-01
4.741511257844966409e-01
3.261181165287564965e-01
5.144504453187132009e-01
3.513262658045380737e-01
3.887034924155479687e-01
4.557670769393887822e-01
4.890803990840419391e-01
7.829465388802571146e-01
6.175433219479544711e-01
3.236759231008775051e-01
3.469710361939080667e-01
-2.069816653887460167e-02
3.390120154041491585e-01
3.832467180150333497e-01
4.706786243972335693e-01
3.889934747351500577e-01
2.858919243005003663e-01
2.415033547559977956e-01
-9.826474350771637056e-02
3.457687352243031809e-01
7.572465367450446905e-02
2.739492705844713272e-01
2.679366486965143457e-01
1.475729598992205245e-02
6.079317032728044357e-01
6.515382834896275011e-01
6.071443425065624622e-01
6.659296176284551505e-02
-9.357960427677985971e-02
-7.727946742053727613e-02
1.788008688147328662e-01
-2.011977304054298199e-01
-9.210508661145837273e-02
-2.387453492919772435e-01
-5.008132227152891636e-01
-4.479585804708816621e-01
-1.118785394287426238e-01
-2.476636697465755543e-01
-3.732523838315084802e-02
-1.090330581220498862e-01
4.176545992625816939e-01
-1.888498072114487836e-01
1.091937222708219274e-01
4.746423462420061301e-01
6.429163640484474307e-01
5.343915827903082949e-01
5.704327844881673659e-01
7.394762809507454682e-01
6.470708923001972090e-01
3.841083740317345341e-01
7.186773380959324831e-01
9.282342869220699955e-01
1.035929761628324508e+00
9.402072839527468862e-01
8.704505048891958419e-01
9.896492227554591903e-01
1.040500860288992246e+00
8.738471309892577032e-01
7.378498349136173307e-01
7.605227552974568317e-01
2.009894763310427976e-02
2.758880404056783808e-01
4.797666976002213923e-01
5.206754928072310218e-01
5.778463504054046629e-01
5.266382972236204330e-01
6.484832888884685120e-01
6.844203624556648435e-01
7.907294668102727853e-01
5.384544252888936455e-01
6.715431259443582768e-01
7.950910438689909876e-01
9.656439726035915827e-01
9.700081753728463374e-01
9.842248051144757426e-01
8.083934561788856943e-01
8.356047900135097350e-01
7.711760714537281292e-01
9.997821456393201078e-01
-2.761549457138683383e-01
-5.627154090441885970e-01
-5.411335990294837694e-01
-4.194537985219464749e-01
-3.466217639617112933e-01
-2.116194230389090991e-01
1.027631569891029190e-01
2.080570917604022130e-01
-1.793162618493160734e-02
-2.655938142511149458e-01
1.588755769079805424e-01
8.930057286122922156e-02
1.680620811571648388e-01
3.469099932230643168e-01
5.924032082571738522e-01
7.597172130697140702e-01
4.989884617995815619e-01
9.183886083270311751e-01
1.094891985895750874e+00
1.042515327888103194e+00
9.986396372852859304e-01
9.597212778390303844e-01
1.173509165860198378e+00
7.624383310725701968e-01
7.469856000275421071e-01
1.128957405855224083e+00
6.918728605225515915e-01
9.675028663104565663e-01
-9.157947798821345353e-01
-1.063659786693945231e+00
3.460126517973891591e-01
7.288320420202716310e-01
-1.142116218628506541e+00
5.526505555927695434e-01
3.616679754958657678e-01
6.396863201606023397e-01
-1.956687447601322516e+00
-2.304054603109589205e+00
-1.364458079431480009e+00
-1.017572125286962503e+00
-1.746270582758852941e+00
-1.330749012221753347e+00
-1.531127330536987463e+00
-1.964584792691604243e+00
-1.560724222098165193e+00
-1.462087352329354717e+00
-1.462690394393064919e+00
-2.265961943391273881e+00
-1.674812026768207618e+00
-4.776169859870971202e-01
-8.379636759833175574e-02
-1.967543719636047073e-01
1.295696069693635655e-01
4.660534305218358986e-01
4.797852737262941480e-01
7.554284040897818464e-01
7.604429701088393223e-01
9.717621965073037771e-01
7.531126850385249094e-01
5.427759716426787673e-01
1.047591926382128946e+00
1.130235306663325945e+00
8.927615155545315373e-01
8.890309398838093236e-01
1.107248535506343723e+00
5.209150654030304528e-01
9.641166021786398144e-01
7.449599713485202113e-01
1.008986565821252679e+00
1.081496528948878710e+00
-1.586012672326015671e-01
7.186852510420522755e-01
7.591105768134538412e-01
7.809930479152349392e-01
2.191037817809448826e-02
5.902440251551693828e-01
4.853994766918448001e-01
5.790158061533500211e-01
7.784780435261632325e-01
6.700880638890750474e-01
4.565852639846986749e-01
5.759562443584830271e-01
2.800002700978659886e-01
-4.150951349249679123e-02
2.939952829978524362e-01
-7.467038221984325652e-01
4.683943483773136268e-02
-2.888219495613451038e-01
9.105671546166055341e-02
2.368445103206309466e-01
-4.904108130945900035e-01
-4.507052586916205916e-01
-1.042367652114621762e-01
-2.895529345924776066e-01
-1.333630790174774317e-01
-3.484820354094382844e-01
-4.542200492225261788e-01
-1.450692077112200051e+00
-1.122849785600219308e+00
-2.092157084284120561e-01
1.241849355640811947e-01
-1.545280588301581881e-01
2.429081998384295948e-01
2.721238464047763816e-01
2.575942281157099223e-01
3.531258263386923835e-01
2.975849713782599548e-01
5.610660527759259164e-01
8.582399486855102344e-01
-1.971383279052423554e-01
-2.139157815811600027e+00
-5.016550403441848438e-01
5.067812522937359399e-01
3.063268589710554379e-01
7.247048155516300216e-01
4.033665668824156225e-01
-1.562774961638038751e-02
-1.767921479587673539e-01
-1.179305084808294435e+00
-2.143679470061009784e+00
-1.532596623400811708e+00
-9.435542247672472627e-01
-6.881310353226711696e-01
-8.726713682144340289e-01
-4.865178273955110544e-02
1.202689987830347397e-02
4.580046420110394506e-02
3.047501341557787846e-01
3.336854026744117130e-01
-5.302225455671600862e-01
-1.536793725173625891e+00
-1.796773704616961620e+00
-1.121822170517663197e+00
-8.157673969566903160e-01
-3.017323100496687172e-01
-6.232090702849256703e-01
-3.117019762813844630e-01
2.740081053270253530e-01
5.500249442025459956e-01
6.965870203532534277e-02
2.196548030873130553e-01
-9.639348052091725183e-01
-5.409954144986382080e-02
1.098517176448596255e-01
4.083098410611558093e-01
-5.123431359500139060e-01
5.421831220746765184e-02
2.146124711526266049e-01
3.952393862340142783e-01
6.913496475406073483e-01
1.626213816842245197e-01
-1.876297972142958737e-01
8.451007546424222916e-01
1.039643083893164954e+00
5.217403328800903628e-01
4.292898700243256149e-01
-7.523873681320708551e-02
4.719395335088865107e-01
-5.238834981605204610e-02
7.587204191044465140e-02
-3.403039903910932279e-02
-2.138760364991476592e-01
-5.143483427345268977e-01
5.522811610429074342e-03
-5.036488315070765109e-01
-7.208358588097354414e-01
-9.174166890312025480e-01
-2.831662591339536017e-01
-8.050517331839479596e-01
-7.355584866704978353e-01
-8.894198253244719465e-01
-5.647089332643447923e-01
-9.681076867647994133e-01
-4.440240669056781386e-01
-1.683979115255993253e-01
3.476285729629449012e-02
-1.197841295953546936e+00
-3.618971476848513169e-01
-5.491272156462426723e-01
2.051144500811647453e-01
5.610115940573249249e-01
1.052671256666192490e-01
3.032447979606519572e-01
3.355052821711748123e-01
7.144458532628522596e-01
8.094889801499535187e-01
8.614235685186373281e-01
3.802780708976216117e-01
6.509000836175212745e-01
6.639948202856402193e-02
-7.620729600924662783e-01
-1.386951615578754238e+00
-2.064676855809231437e+00
-1.194667600194361690e+00
-2.345751613114392509e+00
-5.234399057574034009e-01
-2.466595126612225908e+00
-1.676616842742179703e+00
-5.174544310851695306e-01
-7.268355326531910077e-01
-2.573904220290242351e-01
1.755404191679896531e-01
2.486597250630700751e-01
3.800770785599780766e-01
4.248425614239574877e-01
4.462552851662440756e-01
3.348813038934282948e-01
1.046224630134388739e-01
2.744807915147504662e-01
5.454301555614814445e-01
6.434234596622978586e-01
8.591192773155271745e-01
3.280996524412199133e-01
-2.036950973941575871e+00
-6.266414685845336230e-01
-2.071295259415052159e-01
-2.200915340046367241e+00
-4.596191245761030442e-01
-1.638577684580097282e-01
-4.430478047400644021e-02
-5.581964624065584302e-02
-1.140954384810884403e-01
-4.280966056709699652e-01
3.406200457080076766e-03
2.174766596635561433e-01
3.222390179168796442e-01
1.953744672269865645e-01
1.775472512475291531e-01
1.791691782350759710e-01
5.409425426377769686e-01
7.962526104996764387e-01
4.251330875662908682e-01
7.192325150904796960e-01
8.190460618736241649e-01
3.803570320836468510e-01
5.515300233114871498e-01
3.353067574609495116e-01
2.435379297663090026e-01
-8.045182455124098853e-02
2.583858383248925361e-01
5.231308930957591086e-01
-8.197059550166223563e-01
-4.315969161695134004e-01
9.418764889859247702e-02
-5.422717524212731233e-01
-1.979206113316066551e-01
7.220873975050117188e-01
8.395424717652097968e-01
-5.520823233954802456e-01
1.394574976149394741e-01
5.483587164783704226e-01
2.737474158056504847e-01
7.742762087936302384e-01
7.108917085980712702e-01
4.354249143811997902e-01
8.168904602000787163e-02
7.128840768475279699e-01
1.377890172493633880e+00
2.345051284602046315e-01
4.858712367272028376e-01
8.324622120895844857e-01
8.052068250793037452e-01
9.153517506487677258e-01
7.476960636945555461e-01
1.019148778267817246e+00
8.515520432654120064e-01
1.550361656029094204e-01
-3.415206100227943797e-01
2.835428329007195769e-01
5.733658466653033248e-01
7.032396822546820303e-01
7.874852994670127337e-01
3.087007851956303228e-01
6.804048992872993029e-01
9.919758620165129992e-01
7.154815301482780887e-01
8.065218102867177663e-01
8.177371413732527072e-01
3.766838498277788605e-01
5.208616286231201320e-01
4.391065851621963612e-01
7.149648793379728140e-01
-4.110355380163945860e-01
2.952905825231454950e-01
6.678651799018395785e-01
6.733855300303623892e-01
4.989669228318460714e-01
5.175842960827885947e-02
-7.988484424691536523e-01
-2.772636845049475940e-01
2.541876530361110165e-01
5.355493620406652777e-01
-2.961929230602815544e-01
4.348575056475292855e-02
-2.475199914300417470e-02
-2.057862458576895648e-01
-1.779020748313703493e+00
-1.431399824818833766e+00
-5.195702259804011458e-01
-1.208688938568335258e-01
2.199167853792111660e-01
3.518456630446358674e-02
-3.712514425146500319e-01
-2.405127297828843769e-01
-1.165816411321638629e-01
-3.986453309136984147e-01
-1.891342554930313558e+00
-3.573878826231433603e-01
9.374221940846970413e-02
1.084862530101185192e-03
-1.414986767101779952e+00
-1.318117613203963367e+00
-1.466759462898342470e+00
-1.060647759413940516e+00
-8.016185861149187630e-01
-6.901454823730263088e-01
-1.063984910107375947e+00
-1.548361657423247717e+00
-1.835562304287370772e+00
-1.787159357283653716e+00
-7.947984692022619369e-01
-3.412606334043483125e-01
-1.023959650764171281e-01
-1.830804331748731861e-01
-2.001572649857636665e-01
-6.207331762414834975e-01
-5.045601188378481261e-01
9.350784077895912816e-02
-6.868448476570614414e-01
-6.570824151584255812e-01
-1.967497433325000600e-01
-7.274329527525295880e-02
5.743557930250158261e-01
3.193817537243735516e-01
-6.245434209371275580e-01
-7.264482580738106099e-02
4.148306231624687701e-01
6.271377054649230898e-01
8.051917043207222902e-01
9.213150813440713627e-01
8.485925888138290407e-01
9.360855955065504608e-01
8.839824676547241022e-01
4.794360601288383261e-01
6.799942695710354812e-01
3.946799037127006748e-01
2.964074387078539097e-01
-1.389502026784969146e+00
-2.022065781326525258e+00
-1.316590391282886019e+00
-1.334976864961643583e+00
-1.951444874089671933e+00
-1.129513972455774118e+00
-3.452524292336345280e-01
-8.905576125840437562e-01
-6.359885239944373936e-01
-6.570110438264787911e-01
-6.747269521702026207e-01
-2.205020931817917251e+00
-1.456676305567928376e+00
-6.993750293707702292e-01
-2.952103254367374752e-01
-2.206945161139571288e-01
-1.508859087371948071e+00
-1.324069539580334354e+00
-1.061814383148813823e+00
-1.210196822970438735e+00
-1.129227560954618959e+00
-7.991819829092975391e-01
-1.173680793824275259e+00
-1.991660403209252861e+00
-1.278809544057502467e+00
3.067834887798038743e-02
3.062233225626973532e-01
7.255176064994520169e-02
-2.699051742950012156e-01
3.303068072743082784e-01
-3.519601714519183244e-01
3.899450971631789747e-02
6.042932916027433654e-01
4.564356188873295306e-01
3.746475106407778921e-01
6.683112337839902661e-01
3.552657875246159613e-01
5.223926089560810837e-01
4.949159783092612619e-01
4.505199404295651688e-01
6.340664847827033324e-01
1.914709934037622518e-01
-1.571303567204746843e+00
-7.630515486505226042e-01
-3.860444412326724528e-01
4.477450876934772200e-02
2.818954611032367663e-02
-1.116307586347969449e+00
-6.132393390311769998e-01
3.654558239483088888e-01
-1.981738585647274398e-01
6.608510638562310469e-01
8.041772776794864352e-01
-3.393001477319332881e-01
6.128770864617952840e-01
7.074902370796456452e-01
8.848251296633259377e-01
1.023820641356988359e+00
1.067504734585946746e+00
9.621606025444020549e-01
8.085228725467894506e-01
8.286045768321731453e-01
5.069854677451371971e-01
-3.771725494814333612e-01
-1.697965425764118130e+00
-1.063995696764920007e+00
2.211672429722424948e-01
6.502301935534667843e-01
-1.839728952716716215e+00
-8.743240560246331450e-01
-5.809312583220690440e-01
1.483292367495369669e-02
3.823314079366339491e-01
4.455010653821813160e-01
-1.857364340495043287e+00
-2.199322944307126715e+00
-6.393892959526408237e-01
-1.891494011451660739e+00
-1.146980060086904674e+00
-1.805700224397507769e+00
-2.379411630088321239e+00
-1.087323588419558895e+00
-7.356017778851466904e-01
-1.072629047799779967e+00
-3.307861491759518380e-01
2.508205101208846877e-01
2.551834444046802708e-01
-3.302239255301067655e-01
1.721655247702562896e-01
4.249102965542072008e-01
-1.597039872074224043e+00
-6.114250457937804306e-01
-2.949273708400144134e-01
-5.441857073445711679e-01
-6.034373799291593565e-01
-1.540170749412997919e+00
-2.195072867488634394e+00
-1.651233649946035165e+00
-9.647656908526184294e-01
-8.883953046767569806e-01
-3.586543589678590216e-01
-3.347816012344646541e-01
-1.808942104626452441e+00
-1.568682482712382642e+00
-3.263339923823563304e-01
-1.718939744552777371e-01
1.055883410348205792e-01
2.617011473870150540e-01
-3.268766578880372697e-01
-1.127495196403142774e+00
-9.458450933277583461e-01
1.145442710969318267e-01
3.947449618259827875e-01
2.066442515947002345e-01
3.065660509228154695e-01
-3.698317043702776807e-01
7.489701669409398743e-02
-5.288474532372731268e-02
8.146545455471836117e-02
-8.892842692214264488e-02
-4.258593035078486189e-01
-9.227408989910576009e-01
-1.331163847338257433e+00
-2.231321816422410897e+00
-2.166775720479327649e+00
-1.285178794779238576e+00
-6.890252995832985006e-01
-1.168899671737777313e+00
-1.520743680110845153e+00
-1.340709362079996136e+00
-1.509002709302814438e+00
-1.730837566705978103e+00
-1.184003642110506682e+00
-1.267223974569509970e+00
-1.449024219289601900e+00
-1.267010149100575023e-01
-1.172609500993211817e+00
-3.366866390577428758e-01
-2.362328325633617221e-01
-9.776283282775918293e-01
1.892251230304085319e-01
-1.204166437479014529e-01
4.520807777118582838e-01
7.473323424759067413e-01
7.944822635597921234e-01
3.144853583360392446e-01
-1.217284812625231000e-01
-1.285553798186877650e+00
-3.358697811491597740e-01
6.271262214239642363e-02
2.308119374573804339e-01
1.700598748624347900e-01
-4.753281116129650097e-01
-7.897861969645743052e-01
-2.010857458338811909e+00
-1.067320358904349620e+00
-1.281048807949173973e+00
-1.220143965373555295e+00
-1.079406775732717705e+00
-1.561580282335494285e+00
-1.679810868262156198e+00
-2.267655798200307160e+00
-1.398921132345714913e+00
-9.058855719672961326e-01
-8.848086552832412632e-01
-1.805679027146637639e+00
-1.122955666132441133e+00
-2.048344243332715031e+00
-1.637534115484539754e+00
-1.938570255640706730e+00
-9.166497880895128070e-01
-9.283255360320984417e-01
-8.500143370879047477e-01
-7.988034392031266862e-01
-1.474862881897883504e+00
-4.102138288817067102e-01
7.058023319778271298e-02
3.843480538094199983e-01
4.048421185517211973e-01
3.224480748450991863e-01
3.573023822797116167e-01
3.597522762659747242e-01
2.230012486090804658e-01
3.979125977743458442e-01
-5.877930484403163236e-01
-2.171318546632915236e+00
-1.571283754030781354e+00
-7.622823725020018149e-01
-1.338907493968989781e+00
-9.955457097157546231e-01
-9.319583311744036314e-01
-6.660926327448249973e-01
-1.142578473180056564e+00
-1.101369361971129557e+00
-9.247193898928911526e-01
-1.381267996846206936e+00
-1.852511099898812574e+00
-1.745982558651661742e+00
-1.623117731549099885e+00
-5.806482777175119292e-01
-4.529594488554840037e-01
-1.108435588881218070e-02
-1.600224497399328760e-01
7.597160000729145934e-02
1.993413787878912380e-01
-5.144359959775079982e-01
2.128469509268050494e-02
-9.194140914434928424e-02
4.149886877999417467e-01
1.618023815640443619e-01
5.785997019683973841e-01
1.629506628978853776e-03
4.519933756183030504e-01
5.495680784888127279e-01
3.484060803115920923e-02
2.900275758797336567e-01
4.374117352342001830e-01
5.061872258852944118e-01
-4.549634082119412559e-01
-5.495631940182778286e-02
2.214682462601714752e-01
3.739607116900002248e-01
4.248496558879497065e-01
5.579733345672179823e-01
2.166993130004795376e-01
-1.077152408700125241e-01
-3.192143806026497277e-01
-1.887470692979926756e-01
-1.195050610098476324e-01
-2.383405566078687088e-01
3.513929518571485278e-01
3.919158228538162647e-01
-3.341975299066506921e-01
-6.417887051552138011e-01
-1.854503602868526002e+00
-1.498928617764922477e-01
-3.736120091629391293e-01
1.162254567160869306e-01
1.665307584461325208e-01
1.538289298161836863e-02
-6.485659875993519119e-01
-7.387197490357253482e-01
-8.178003220249511207e-01
-1.439376484248282850e-01
-3.681709678415702180e-01
-1.450230364785154609e-02
1.963272363027012690e-01
4.346082927146205921e-01
3.944197026122699956e-01
3.778141761874834748e-01
3.992502407991454505e-01
2.363640962988994287e-01
2.555053195485582629e-01
5.999068931848942909e-02
2.569413118352016911e-01
2.920760721380567526e-01
4.103279869679248293e-01
2.401704185454343332e-01
-1.541588557934891746e-01
2.589871305756605846e-01
3.685494403373109629e-01
2.946567116375889972e-01
2.376314979191165577e-01
1.009490581118452357e-01
4.543159711758043562e-01
-1.820213788120029486e-01
6.924708894643669121e-02
2.577295629677124333e-01
2.045822436259975841e-01
-9.739485085527855857e-01
-1.705044882705232800e-01
-2.439724605615797848e-01
-1.532217968852142738e-02
4.180836389485823035e-02
4.841586423305783982e-02
1.102658207650796945e-01
6.465046622341122373e-02
-1.032054285095211354e-01
-2.411507553467210907e-01
-3.663019763568216014e-01
-2.287040698780883063e-01
-1.141732356127564296e+00
-7.744459331144443182e-02
5.246748493237850530e-01
3.704456230096223601e-01
-3.944951538318725581e-01
-3.521826441374623085e-01
-6.471941732761911092e-01
-3.269665186589575390e-01
-5.549182727911056157e-02
1.664054326802215378e-01
1.810602151508406560e-02
1.925443878754272697e-01
-3.630070875617635306e-01
-2.122142741742816252e+00
-1.837198435274189912e+00
-6.371792893368999344e-01
7.371834320732353896e-02
8.596683126570039968e-02
3.504282992687728360e-01
1.110653107884347485e-01
-1.558614961349373551e-01
-1.758792246523137592e-01
4.252045987574665231e-02
1.825293109623873922e-01
1.255947157340969733e-01
-6.017795979132799511e-01
-1.194662312664641846e+00
-2.593015671518223986e-01
-2.722281678215073830e-01
1.124214645631126941e-01
3.873557785533016107e-02
-2.492331784356825175e-01
-2.899048660880552963e-02
-4.379254035317955984e-02
-2.000777149543056410e+00
-2.128128906326717917e+00
-1.692642794905514725e+00
-2.633528513291243933e-01
-1.438912986102598435e-01
-3.209647426816593652e-01
2.822111461473061356e-01
4.557407092442716801e-01
4.872087396270085580e-01
1.801444629419638455e-01
-3.431271041952710932e-01
-5.285705667169318112e-01
-2.098266611247171232e-01
-6.485881087795274391e-01
-1.521515033883468870e+00
-9.663482881159517479e-01
-1.033103848220409793e+00
-1.051197951596258617e+00
-9.656570843095956258e-01
-1.686190559132794586e+00
-1.337357846891455537e+00
-1.384697364896553262e+00
-2.136309802714176698e+00
-1.350714646976758582e+00
-3.690141218144977753e-01
2.711035163971955986e-02
1.543601215188463716e-01
2.964755281636101136e-01
2.483365081610960090e-01
1.161886137067784791e-01
-6.376454092346306446e-01
-6.981962375742187810e-01
-1.234922431650060798e-01
-8.718919772439709392e-02
-2.648487845740381541e-01
-1.200636039974072089e+00
-1.082271861954330339e+00
-1.116592704330837543e-01
1.908331495313052573e-01
4.465199838026538970e-01
4.929614889849721626e-01
3.716552017691213128e-01
5.841204168281441955e-01
7.409278369518483842e-01
9.215469515183617455e-01
7.782083588318030598e-01
4.524165476623510651e-01
7.403756452794751919e-01
7.643444696700423258e-01
8.557203065760679017e-01
6.764999142722741277e-02
4.054722744670880008e-01
5.400896272687182309e-01
5.712415381580600027e-01
4.325916020827492159e-01
3.821919019832920039e-01
2.560475652980750971e-01
4.507299854089129587e-01
4.352583362244542009e-01
1.865034216984708670e-01
4.768112534432705774e-01
4.266805762378091810e-02
2.191198095360572529e-01
3.089589761710741511e-01
9.728176059947923893e-02
3.668576725062197008e-01
5.555588432140181609e-01
5.124813001145120950e-01
1.123586530801376770e-01
-2.339734229629169271e-01
-3.017567992085982975e-02
-5.984829776957023562e-01
-1.231261929290430324e+00
-2.084007506410956001e+00
-1.280444225744765019e+00
-1.054202774067265702e+00
-1.401040654735544511e+00
-2.163658459972477743e+00
-9.286439327223605655e-01
-3.181729492237467954e-02
-1.397881655842639625e-01
1.964171458830565320e-01
2.907287812874974064e-01
2.883251645078657721e-01
2.558680924457125694e-01
-8.965566202603925117e-01
-8.349721184370806348e-01
-1.108408683215270918e-01
-1.528112879323147155e-01
-1.409815547217291298e-01
-5.890215355446765111e-02
-4.739762651499854762e-01
1.949749446558413438e-02
7.042406826205503678e-02
-6.810650971181722024e-01
-1.809813060210968549e+00
-9.770045114962120358e-01
2.661721838363042547e-01
1.872264205170040829e-01
2.818095768162877657e-01
4.897368922160335591e-01
6.960728849626618420e-01
2.465540683326234717e-01
-1.440530718241878949e+00
-5.459554442765032212e-01
-1.005208358480105535e-01
-1.391484952926369312e+00
-2.710112013063645242e-01
1.970890975588493188e-01
-7.778300552871229845e-02
3.053537696843499627e-01
2.304008863216642777e-01
2.241088905486464111e-01
4.820813204652060202e-01
2.979044204614117453e-01
3.205467943352597882e-01
-2.058856971755983548e-02
4.179301541930706132e-01
7.689257495921428265e-02
1.777726894319167916e-01
-1.260722239535560507e-01
1.788378093650004885e-01
2.756005040007606377e-01
-1.224898991789376890e+00
-1.813211133932730146e+00
-2.266091815675054910e+00
-9.399167143752752418e-01
-1.478933309308824828e+00
-2.362967627129012038e-01
-3.426485719065967550e-01
1.009151905833069185e-01
1.092444203757357221e-02
1.791730022791672983e-01
-1.498117869841027183e-01
9.887159972352004000e-02
1.131963890404596995e-01
1.030887554173235965e-01
-9.775626373779185974e-01
-3.371448497977484471e-01
-3.277624996883677366e-01
-1.076472878215951168e+00
-2.072194826051919403e+00
-9.315692507070276740e-01
-2.392050594501349825e-01
-7.501052251865070186e-01
-4.839934835786339762e-01
-1.704086641369578325e+00
-2.077425349210562988e+00
-1.442011962250584034e+00
-4.165683571508351779e-01
-3.820457347767537426e-01
-1.534084709730187679e-01
-2.092644035662943047e-01
-1.534388720317855781e-01
-5.988960436754815070e-02
2.301157242218072538e-02
8.774064350698418391e-02
1.740393373602386606e-01
-1.068225422871847963e+00
-3.800813166899948969e-01
1.299679533098445916e-01
1.470186169722722536e-01
3.047138315928895613e-01
-1.375776002088505423e-01
-2.498042155565382005e-01
-2.816276199000343761e-01
-3.454516604012743408e-01
-2.405867967924744388e-01
-1.671867848733930018e-01
-3.605556370591188053e-01
-5.844735026905215625e-01
-9.834460671424365141e-02
-1.195255408596292424e-01
3.928970442289593246e-01
7.417622295262095156e-01
6.892489507145270755e-01
7.670691573815224817e-01
6.800576030362166513e-01
7.366937896562159027e-01
5.380065113676800737e-01
1.442499815085802606e-01
8.423988010740768306e-02
2.541937577943568782e-01
-3.485713446781125158e-01
2.557130896477895488e-01
1.919492397396484473e-01
3.011118222447825565e-01
5.743309327491102900e-01
6.512555344247102918e-01
-1.387587087261880292e+00
-1.756325684225905404e+00
-6.717401466815059452e-02
-1.257764366395204725e+00
-1.291086636039561641e+00
-4.302350659108925002e-01
-7.371420130753864042e-01
-4.684639912298375619e-01
-9.246277991747328673e-02
-1.135520161017412738e-01
-1.809666927704657313e-01
-2.734801226572128874e-01
-3.983665758982594673e-01
-7.427617665072549190e-03
-8.111071124658810749e-01
-1.699346177890997511e+00
-1.521523139610596154e+00
-1.320962145120516129e-01
2.645003626142446995e-01
2.324553981821020909e-01
3.836539367216367236e-01
4.573628702735075269e-01
5.930504424595223201e-01
5.326817968358528166e-01
-3.043418103260776553e-01
-1.050732535501252229e+00
-1.863610410997999234e-01
4.222506051338730249e-01
3.595899880569921048e-01
2.690515289459206594e-01
-5.104052324237789984e-01
-1.337961713363379768e-01
-1.921788329927344163e-01
2.570970604767472967e-01
5.304789098496790478e-01
2.225473749782524990e-01
5.085634118607977872e-01
3.419208068410578005e-01
2.312859026825553332e-01
-3.175783435330370996e-01
-2.109270361755625767e-01
-1.305116781247350477e-01
-6.959795861307693787e-02
1.249503195921664311e-01
1.433260826716009073e-01
4.285118991026629076e-01
1.982783852139309855e-01
5.557024865088563415e-01
7.090210771795141254e-01
1.011075705056592611e+00
7.802504696795427019e-01
1.002120460196176843e+00
1.017984256262650433e+00
-4.409236311976822420e-01
6.581626623634525552e-01
5.093907040419592969e-01
6.732716022063436334e-01
1.467407367307925481e-01
1.346778863914922242e-01
3.600500948966816606e-01
1.539867013985898314e-01
-2.395198840918363881e-01
-3.192753535509504914e-01
-5.859685897517843273e-02
-2.171727097568582732e+00
-1.746363980633059976e+00
-4.474790310843524410e-01
-3.596449038789415464e-01
1.599236055976596960e-01
4.022915497417564046e-01
4.457880334863258409e-01
-7.723663170928817268e-01
-1.963268709908651877e+00
-8.777493882668327974e-01
-1.199541830676327248e+00
-1.409056196683852180e+00
-5.463779245672748530e-01
6.002618002065040342e-02
4.360469477612425315e-01
2.030611043998929721e-01
8.454073248997476253e-02
-7.786222139785274887e-01
-2.202718347130350474e-01
2.183802673799295213e-01
1.384814321197138931e-01
9.018246998563224370e-02
3.821753380711147008e-01
5.864389668763384522e-01
2.403467066340685410e-01
-3.340551574119242639e-01
7.600354470441822441e-02
-1.112422058782712053e+00
-3.589527310033846508e-02
2.111333463207029915e-01
-2.683097464187050307e-01
-8.231038098188396823e-01
1.938476621576124270e-01
3.332572708791062821e-01
1.539580403675745723e-01
-6.561007479402245490e-01
-1.116802670396898733e+00
4.041039611275549781e-01
6.690587647282031369e-01
-6.029580046283731232e-01
-6.822955977435033459e-01
9.140381636826537537e-02
4.577495831710951535e-01
6.298845648893512950e-01
3.375282611117107479e-01
-7.293357801499350535e-01
-3.204294362687618025e-01
-1.215304660310280865e-01
-3.129631217467848114e-01
-1.574386660275559402e+00
-3.358029241742472304e-01
-4.276234863303520761e-01
1.299487040758604828e-01
-1.414105379702377749e-03
-5.226279557568099809e-01
-5.817690879286664396e-01
-3.557082297455015363e-01
3.241404921962333097e-01
3.339692149060501936e-01
3.489516828983239005e-01
6.917287767126468756e-01
1.040147109966736982e+00
-3.439537608146458481e-01
3.083720661771176541e-01
-6.177055481435419493e-01
1.415052434953723015e-01
-4.732585361612304808e-01
5.737097545380169805e-01
2.711742658529312511e-01
-6.615852274844802317e-01
1.560683404044857781e-01
1.576585040675713423e-01
-9.392659589211900875e-03
3.735888569866622766e-01
-2.786730770932772661e-01
7.119683440192231538e-01
9.157668596356143276e-01
-2.023491212905804693e-01
-5.642978531754159199e-01
-9.406241960822887549e-01
-1.119962555052204989e+00
-7.448351993660285997e-01
-7.204065768381251456e-01
-7.808194723018112293e-02
-3.049555307929154024e-02
2.055262545781743333e-01
2.783172129037090881e-01
5.686110575777046129e-03
-4.188797651967330338e-01
3.184593184034414382e-01
2.343330997338869404e-01
-1.783590234374991534e-01
3.954012725394991934e-01
-9.324892947030258283e-02
5.857768421946808468e-01
5.455794608625601227e-02
5.645970469324592678e-01
-3.789204039651428713e-01
-4.606133891394130764e-01
1.272728381658448926e-01
1.316954753211615758e-01
1.581478189335017437e-01
-2.114605238505281593e-01
-1.891482828720027487e-01
-8.198054372358155872e-02
2.735032504550460319e-01
3.575585681796221160e-01
7.014227092134152075e-01
6.122650720898910048e-01
3.457149003637269291e-01
6.474996428948831539e-01
6.323441519183713444e-01
9.389696951603849762e-01
4.833248951001121174e-01
5.696278084684671672e-01
-1.247452242657667076e+00
1.027758745047333520e-02
-8.240563884968117314e-01
-1.619338031083134843e-01
2.528081270275450154e-01
3.896232181311921616e-01
-1.784978881445460908e-01
-4.982094705537968848e-01
-8.362960997228486848e-01
-5.334583206052436744e-01
-9.972520114286030635e-03
-1.950018771934086681e-02
1.158558371178712437e-01
1.971385031072553085e-01
-1.904590454084746365e-01
-1.732625392602008263e-01
4.657829875811675402e-04
1.419100840832921429e-01
-2.479732250442974739e-01
4.830862519444765191e-01
2.785051993403878101e-01
1.001451242247203277e+00
9.603531093819367426e-01
9.533598840261909846e-01
8.419444454531013200e-01
-2.552602438913051941e-01
-4.473143904917835090e-01
-2.065526990970321386e-01
-8.548109422171761007e-02
-1.894594695774726445e-01
3.903102967847080218e-01
5.859065794212819922e-01
8.293493379263803256e-01
9.550460686892427997e-01
8.944422587752386411e-01
8.868002301655201203e-01
4.261099166461779775e-01
8.185163242106403558e-01
7.938862301454188142e-01
6.117776966003000139e-01
2.420035590728233377e-01
3.110195813505291507e-01
1.538760426212656407e-01
1.731795814223998087e-01
3.910939372926933721e-01
-6.414383590035983573e-01
-1.639585460931235750e-01
1.214573135945431481e-01
-5.923265775620933926e-01
-3.721720457912446878e-01
-4.557106905219719395e-01
-2.491365106339412938e-01
-8.171786914490608567e-01
-2.439945614143077535e-01
-4.580812775246841800e-02
1.243850873872778540e-01
1.274402644162458409e-01
-1.832655767872062302e-01
-1.862253652539523074e-01
7.699221480267798290e-02
-3.719861599994717105e-01
-1.186030079020405914e+00
-1.606549413132456694e+00
-9.920317926198106706e-01
-8.180823548354804187e-01
-5.139781235354573541e-01
-3.700899109664749775e-01
-4.673196644307838210e-01
-4.019130638869339300e-01
-3.192723357764970515e-01
-2.267507599584174527e-01
-5.258740867473808700e-02
7.754096826200182523e-04
2.022145404950020930e-01
-1.312606413568716546e-01
-2.773362746181933305e-02
1.015545916654694500e-02
-2.306092433552086318e-01
-1.605392840194646842e-01
-6.021143455148828538e-01
3.355173249436541050e-01
4.579830221260431378e-01
4.072740167815402379e-01
4.861003774539304212e-01
4.712007489059790721e-01
1.372024160323124797e-01
3.837991028719865971e-01
3.876787042722374954e-01
5.957006765266139592e-01
7.474963663504705647e-01
3.250195204101866131e-01
4.446505439464230047e-01
4.653027198057379521e-01
2.284917563185356604e-01
-4.041602884025359277e-01
-4.213774259666002719e-01
1.709102814838615175e-02
-3.685691337476745266e-01
-1.847905270119441223e-01
-9.478441991008516865e-02
-9.126988322827355171e-01
-6.383601304429522560e-01
-9.515351406325207595e-01
-1.137903820399990718e+00
-1.075117362911219399e+00
-1.683866724810113125e+00
-1.594812935926275932e+00
-5.909266133056384485e-01
8.242167553214958808e-02
1.906346786545206895e-01
3.643696104547611281e-01
2.549876187564601993e-01
3.134945294262799220e-01
5.221792128840926361e-01
5.559905723764874130e-01
3.613754281045769012e-01
2.584386401823053903e-01
2.035967144763143888e-01
1.328822557475498878e-01
4.254512680099731825e-01
-2.763054384626977833e-01
-1.155733990071962369e-01
3.863362482202404857e-01
3.177738325704879685e-01
9.151867074893081655e-02
-5.743086294866577290e-01
-3.184171662892309324e-02
2.737059594162808210e-02
4.394010082436995424e-01
4.607588963379358749e-01
6.009411952374299482e-01
6.913528052598268969e-01
5.390024005313417410e-01
4.524730132890990020e-01
6.046777175615580813e-01
5.647233496521143481e-01
2.129941268931048182e-01
-3.396139565603301103e-01
-1.081194005128577607e-01
-6.518583449118388051e-01
-1.551324794286260966e-01
-3.834043786866157544e-01
-2.049993364815078378e-01
-9.009413588634602732e-01
-3.144699237701705785e-01
-4.612962546165335631e-01
-9.179849960625273697e-01
-5.411548623837466598e-01
-1.310154111220970696e+00
-1.990390542196315282e+00
-1.451814110680442305e+00
-1.951044567504009342e+00
-1.557676156054530692e+00
-1.468588694169673081e+00
-1.939308889392659108e+00
-1.959630908111740899e+00
-2.028868049881804136e+00
-2.154942362780364551e+00
-1.655085562238081121e+00
-6.726139082870018493e-01
-1.748091591282100732e-01
-1.564573279925559834e+00
-5.653496143193323942e-01
-1.594380791227721472e+00
-1.561804680017969904e+00
-6.263536384038557170e-01
-1.974583094435226061e+00
-1.198643250858439036e+00
-5.793865611936392934e-01
-1.294800771101855541e-01
-3.144512120751567497e-01
-6.117760927568918206e-01
-4.126284863198719788e-01
-1.197398010731114404e+00
-1.143634065674831835e+00
-8.777719524804861173e-01
-7.024516574182599893e-01
-9.769583950361594438e-01
-4.952746120619130332e-01
-2.453646319395322017e-01
-1.968656073077404145e-01
-2.455891749701429594e-01
9.510392684125691318e-03
1.802248428641362588e-01
2.236410747644632935e-01
-9.949106707129734550e-02
-1.471507810718064579e-01
-2.479992682113272284e-01
-2.237281434558157645e-01
-1.389819216610236946e-03
-1.167170008163048722e-01
-1.849651246602425747e+00
-1.948247667721517473e+00
-1.090230202170972884e+00
-3.573750653654625409e-01
-6.198390116688993201e-01
-5.224515825929505475e-01
1.818826505501620547e-02
4.022622177847109959e-02
1.380148583763286807e-01
2.076180434809177522e-01
1.813707019082844984e-01
-8.239987800462563738e-01
-1.344700937048604272e+00
-4.100203777126868454e-01
-5.626150472253604179e-02
-1.028061265878138286e+00
-1.022833616165141901e+00
-1.233264663210599021e+00
-1.929701833187039917e+00
-1.980494362651264106e+00
-1.196431471534537883e+00
-1.368525454302004229e+00
-1.305023108744568283e+00
-1.024676882081574814e+00
-6.735066499286550545e-01
-3.698966737426037099e-01
-5.720380680625659214e-02
-5.322976999995865377e-01
-7.286266836230411714e-01
-1.197971963249512939e+00
-8.109208398593800160e-01
-1.155047963467231931e+00
-2.383588636352908796e-01
-2.730129311002988390e-01
-8.977438441428726712e-01
-9.666047120620985256e-02
-1.231324460212688043e+00
-3.211617754712107753e-01
9.416906045085676746e-02
-1.087096239147671284e+00
-1.014062139707511134e+00
-6.803176571784349536e-01
-4.124499120097764870e-01
-8.158395416057012683e-01
-1.770764016604452484e+00
-1.005765346696926521e+00
-7.025471911378098344e-01
-8.036254999841970781e-01
-8.534611295936427311e-01
-6.228921141137887529e-01
-1.449267187924405897e+00
-1.650412939410664803e+00
-2.048095554707467958e+00
-8.443046822445994248e-01
-2.307872507873494905e-01
1.004977629740784750e-01
3.169067764640930984e-01
-1.386039071227173347e-01
-1.334575172210097360e+00
-1.972980068215140381e+00
-2.221393479245882485e+00
-2.401817730772068504e+00
-1.789077841249655965e+00
-1.607933989119292084e+00
-1.356332084087759515e+00
-1.696141486209197247e+00
-1.203994785197998407e+00
-1.846850356032655682e+00
-1.233194396823484418e+00
-1.902199250622657267e+00
-1.579837338486493437e+00
-4.924899915298853181e-01
-1.134129029733382393e-01
-3.025625636736536950e-01
-3.800670274390322567e-01
-5.263823031410565061e-03
-8.266346530404128368e-01
-3.964458387112045901e-01
-3.821645761378165695e-01
-7.382638539991461801e-01
-1.194285340668309381e+00
-1.368805060105172444e+00
-2.155163468403873406e+00
-2.037248108453328932e+00
-2.105762312835355754e+00
-2.082684447482663348e+00
-1.859307576651701099e+00
-1.154041364900007194e+00
-1.101906856292699688e+00
-7.129358979560751486e-01
-1.181272804691767986e+00
-8.953880657662304232e-01
-3.179362340181610680e-01
-3.907050814241851966e-01
-1.104505699890902637e+00
-1.206174152680174361e+00
-1.643246764157501039e+00
-1.755318035340035943e+00
-8.681192861321511689e-01
-1.215440909047649676e+00
-1.648274651658778955e+00
-1.319673243771911197e+00
-1.741882474646845091e+00
-2.022332315698699645e+00
-1.843441213809767776e+00
-1.553055298010993290e+00
-1.228257598832726671e+00
-1.613542571945139281e+00
-1.935459762702803843e+00
-1.882363485003168746e+00
-1.057866315638577470e+00
-7.480023414938550275e-01
-6.356634477868243760e-01
-1.046270149903830937e+00
-1.691707862887899205e+00
-4.909237958707219907e-01
-4.820132257824495392e-01
-4.696994219404028725e-01
-3.904629136520908483e-01
-3.474558664889080273e-01
-9.146680620866226574e-02
1.784324196202111690e-01
-9.022353421189130418e-02
2.133582574732314219e-01
4.501623236429541652e-01
4.231367024527132314e-01
5.047699025689366126e-01
6.424136944214438039e-01
6.607020240174240611e-01
5.268613040336602715e-01
5.323705148133872633e-01
-3.052099642694096615e-01
2.616999905816930760e-01
-3.682603835262269754e-01
1.981218719789131222e-01
-1.061658489571046665e-01
4.445433569176815425e-02
1.816702614099586777e-01
4.934874832053901539e-01
4.169348312806883672e-01
1.182841480350157737e-01
8.810425064049775884e-04
-8.483358882076370566e-01
-2.892529061081861586e-01
2.301962824097307236e-01
-1.648563969921545413e-01
1.461074774570906287e-01
-1.387465246499621496e-01
1.183934862749361216e-01
3.517833944579438765e-01
4.145890469429042713e-01
3.674972593113550734e-01
4.250898141196740587e-01
4.285231971354723224e-01
4.378718767469198525e-01
2.275582378939823291e-01
4.338548420403964267e-01
3.692539946115810934e-01
3.451770619486015379e-01
-6.143005421399277965e-01
-1.351032214851654478e+00
-1.659758529892449319e+00
-6.137750806477227927e-01
-9.664265240205913710e-01
-5.001643703921455630e-01
1.325494036371819423e-02
1.458654121728933106e-01
7.501015512636560745e-02
2.618850992039597481e-01
8.177909972003016836e-02
5.759737374865263604e-01
4.472314655677402384e-01
3.203366048816264078e-01
6.221835889997049396e-01
4.290481801699269071e-01
3.878097447480047810e-01
5.093646713576239771e-01
7.370502181768912031e-01
5.450372273870246476e-01
3.176944741317642706e-01
4.350608559244226181e-01
-8.144397511693055591e-01
6.789125050691051377e-02
3.121237321229363704e-01
4.644658020111100405e-01
2.689427169189821387e-01
2.496752321977156186e-01
1.637247711864752431e-01
1.744441050325215847e-01
2.398767742430258643e-01
3.871762417077584950e-01
3.049292732776845427e-01
5.688266737150508012e-01
6.493422901950897108e-01
-2.898140054060604487e-01
4.133367462640923917e-01
-1.340157181367954697e+00
-3.141554611670427932e-01
1.867617921885691701e-01
4.284535194921659240e-01
2.786721593814465714e-01
6.308394223154163427e-01
6.017816917812632838e-01
3.794077575088718873e-02
3.852034958608265280e-01
6.471520453405825712e-01
6.975227276575687307e-01
5.127640368236978663e-01
-2.409309350996614585e-01
-8.872867861138651335e-01
-1.808338274337869311e+00
-1.965801645129780395e+00
-4.140344236725621574e-01
2.113900710901862601e-01
2.645553725909205456e-01
-1.063436386399867706e+00
-1.960653907517207806e+00
-1.885797480854245922e+00
-1.054638357170847529e+00
-9.544520578141786338e-01
-1.206988799806257839e+00
-8.046062957095080348e-01
-1.202454209681842023e+00
-5.786828038503383231e-01
-2.225438848930174351e-01
-4.676573801290241916e-01
-1.344630855187540497e-01
-3.787495622353766883e-02
-4.758350599251669893e-02
9.082981529839204149e-02
-4.839254242311575444e-02
2.036901285829565214e-02
1.390393866380155719e-01
2.239018003817522806e-01
3.315295420595271159e-01
4.846966143960813045e-01
5.363844928992995698e-01
4.906195487475945027e-01
-4.833175549791905445e-01
-2.209460408155568267e-01
-2.349890480475230470e-01
-1.400097777826841750e+00
-1.850826852705294900e+00
-2.332531064552369582e+00
-2.484153333478280601e+00
-1.391916276440871680e+00
-2.991242428072237169e-01
-1.017331778835776357e-01
-1.993027865707090729e-02
1.456031833985660384e-02
1.490174309708741096e-01
1.310892440353897681e-01
2.027755324465260467e-01
1.163806017437894053e-01
3.220508452922294373e-01
3.626162055602458190e-01
-1.611848840154923301e-01
-5.184553273634171511e-01
-1.397127945750360922e+00
-1.776664866475925031e+00
-1.937218505926474599e+00
-1.895404066618596728e+00
-1.490274387053468708e+00
-1.296027816482182793e+00
-1.197906174298090098e+00
-1.986558204402917305e+00
-1.256510393577189966e+00
-4.250835449468119420e-01
-4.129966565474976758e-01
1.659388373529929739e-01
-2.214860980359206755e-01
-2.057673999759119243e-01
-1.402914473443633847e-01
-3.387475108358764531e-01
-4.876618986743926354e-01
-1.759603487136057187e-01
1.019431861287099783e-01
2.222330750923012244e-01
2.642882419673352468e-01
-6.429207285142857220e-02
-7.728797263540438944e-01
3.492459114964007738e-01
5.353435091216939279e-01
8.402057652332056703e-01
8.944129937881435399e-01
9.395665008400885254e-01
9.834193963146072859e-01
1.025873403963496688e+00
1.011232424453532897e+00
1.159837941018386331e+00
1.127287791042246301e+00
1.133175817291933063e+00
1.065281948583026495e+00
1.183789817890128937e+00
1.120772238850775482e+00
1.113895859911005592e+00
1.245641193192335239e+00
1.290227714742416154e+00
1.197696938068227634e+00
1.375268060829817562e+00
1.381375937001511511e+00
1.461419376731993403e+00
1.184900228345534101e+00
1.584300159085560988e+00
1.355725634800094115e+00
1.193003013507768273e+00
1.199507069960065397e+00
1.196278066027300691e+00
1.200857201905955796e+00
1.210340152213293496e+00
1.297228208144195261e+00
1.171874921420029247e+00
1.346856424100332905e+00
1.110997923565961498e+00
8.533917275226869936e-01
-1.898148400964614624e-01
-1.512150947487977071e+00
-2.136871446193861601e+00
-1.973400053061610926e+00
-2.143568362894800572e+00
-2.167773282153681036e-01
3.469820564681358466e-02
2.092896896212621122e-02
-2.264154086126331511e-01
3.504257849390651769e-02
1.349774303465714198e-01
1.784593302498118927e-01
4.620723909955792852e-01
-3.289884858879826846e-01
6.254202975205408466e-02
-4.123738273075679972e-01
-7.772560643001948100e-03
2.530922922941645781e-01
-5.090243250475514625e-01
-8.291429595436787814e-01
-2.083635229543056577e-01
5.864964807892278920e-01
6.902363081563610558e-01
1.104828601912253017e-01
4.646598536059602935e-01
4.293362928764382636e-01
8.099672299364065742e-01
8.445246309107097282e-01
1.004323019072791867e+00
1.084144243065915392e+00
4.718032577382331172e-01
9.396013666453325586e-01
1.168128790770809777e+00
1.204178148662278236e+00
9.330931517757928839e-01
7.964732475931884936e-01
8.270716371925105337e-01
9.914512824539678526e-01
8.878896223354624251e-01
8.877513695518254311e-01
1.032550559762711595e+00
1.030601029000678404e+00
1.026705043172020604e+00
1.147726286228821557e+00
1.063881402312827129e+00
3.769438935944904312e-01
7.673592350141623664e-01
9.249205283615588025e-01
-1.328789825633127641e+00
-1.318709959991771763e+00
-1.292276472734544601e+00
-3.757813775296041103e-01
-1.132837359320496562e+00
-4.380243780332586379e-02
1.011339309577723999e-01
3.945174855607632564e-02
6.377132084185638261e-01
5.871242792364240737e-01
8.246289556927094422e-01
1.078638411495716376e+00
1.080314376244010832e+00
6.864129866769852484e-01
5.737924941522115629e-01
5.222444345122234655e-01
-8.732881965583813022e-01
-1.473107064770488472e+00
-2.128282931582806459e+00
-1.944277475948222866e+00
-3.211874201294833142e-01
-1.921179830393878962e+00
-2.034149897320070899e+00
-9.738778675691935893e-01
-9.337085246285893314e-01
-1.735489976249470878e+00
-2.250221684304025693e+00
-1.920662495105087908e+00
-1.079950514002971929e+00
-9.112817796172921758e-01
-2.799242866050469791e-01
-1.702462409988256820e-01
-4.505193278283339264e-01
-8.757347714334415834e-01
-1.030328447996133656e+00
-1.950526433502861035e-01
1.923027511903028508e-01
5.003434233564447720e-01
6.456388219502342540e-01
6.839148161848562779e-01
7.104053750712600035e-01
6.289927474831578103e-01
6.941793678340921758e-01
1.304435506732409267e-01
3.417292229980631868e-01
-3.580232995728503398e-01
2.544791601524321600e-01
3.219187282125700045e-01
1.676598696277930567e-01
4.040811997686771795e-01
6.350566008607247959e-01
7.452101381594263829e-01
2.871116174555444767e-01
7.892628889134278847e-01
6.940457571242171220e-01
6.831370035297932297e-01
1.876472549723578465e-01
2.410445218950411916e-01
1.298042432583517702e-01
1.948580875799393042e-01
2.190907768571005998e-01
-1.374503068884340484e+00
-1.111778582276744975e+00
-1.952533936069158926e+00
-2.069129459361560563e+00
-1.371902182162627604e+00
-9.513465378111247706e-01
-9.397253421560027853e-01
-2.010724039532645335e+00
-7.463533126965583575e-01
-1.352240814091921983e+00
-1.994382100307595884e+00
-5.223055601542163640e-01
-4.652676365731223118e-01
-6.101497536075813910e-01
-6.524335851385082430e-01
-1.197404521795616406e+00
-1.066306847885365228e+00
-2.861894868695363803e-01
-1.265250277079292385e+00
-1.514731781018846535e+00
-1.965393714117702251e+00
-1.699569475208616343e+00
-1.824802114312297663e+00
-8.039579568237579243e-01
-2.154123779430525687e+00
-9.257747245341154674e-01
-1.848689086888280819e+00
-1.682299382380952002e+00
-3.228296529700515061e-01
5.166267924990747273e-01
5.697650239053714261e-01
7.088375533979970333e-01
7.457583111276971932e-01
7.529878478599385527e-01
-4.786273434138150207e-01
-1.260535332453730284e+00
-6.317847106080730635e-01
2.710701830844965965e-01
6.365296215423273951e-01
5.245340396527183868e-01
-1.372957577128698814e+00
-3.499909242899369999e-01
4.082157576683921874e-01
4.863753570825748995e-01
9.107604407871956465e-01
8.790576465694150965e-01
9.359238007483580146e-01
9.415787102828488964e-01
8.302631415065000464e-01
8.871164625071742416e-01
8.288273278317518367e-01
7.920745781485301062e-01
8.000446486122367862e-01
6.062293446866473534e-01
-6.446046627603118084e-01
-2.552228066180652899e-01
3.688375802044343010e-01
7.507019602948845627e-01
1.343602280740258670e-01
-6.657006207286589872e-01
-2.162377985356353172e+00
-1.284384262468439619e+00
-4.253301746614679968e-01
-1.280411150224162409e+00
-6.533819768640218573e-02
6.872345412473873649e-02
-4.364223410382987028e-02
-5.789021110195013975e-01
-5.644887531853498563e-01
-5.680957049148760429e-01
-1.215124387855744725e+00
-2.076943522344759097e-01
4.255898397900941821e-01
3.418589898328406318e-01
4.397159487214876150e-01
6.077498427884132637e-01
5.982526666102693236e-01
7.457646966442103009e-01
2.928934553648414596e-01
-9.013456102017519678e-01
-7.036599592454263752e-02
-1.447958288667406723e+00
-1.847973231705919872e+00
-2.031860052611834444e+00
-4.110477132020686764e-01
-1.885667225169106009e+00
-9.039527294528867940e-02
4.100247784865716505e-01
6.433842573097066087e-01
6.260029667518343111e-01
4.805604531184867190e-01
5.389611849207807115e-01
-4.177864758569427850e-01
4.945515664320873639e-01
5.766107750320993430e-01
2.588620454665340742e-01
-1.224319395756434892e+00
-3.683427727910922878e-01
2.526004049212502434e-01
-1.209918981121937132e-01
-1.948835704821648251e+00
-6.176200083973806265e-01
-1.654664328542657659e+00
-3.828032934783017760e-01
3.876994741718411408e-01
9.082133721298653040e-01
7.418660228302961235e-01
5.431251915515981077e-01
-1.418055372316136875e+00
-5.172607726786792037e-01
4.368705822540498995e-01
-1.106683998263141011e-01
-1.799536573034078213e+00
-1.534162526775134094e-01
-3.666476253525828843e-01
-1.300919003419385156e+00
1.160820043405759866e-01
4.248194329182396027e-03
-1.622597404157931411e+00
-1.762109431018877403e+00
-2.134130376108543725e+00
-2.003701737772381364e+00
-1.179645419078075408e+00
-1.412574441603495989e+00
-9.026121600886319873e-01
-9.634762981679372285e-01
-1.144914646396207214e+00
-1.131576523291879299e+00
-1.047152865322054982e+00
-5.346611968500584178e-01
-1.092509233563596860e+00
-1.965976589492085258e-01
-3.914545998400097981e-01
-6.826367504417876243e-03
-2.190429714942264752e-02
-2.017229179099374881e-01
-6.801828484868592817e-01
-2.792073966399029050e-01
-8.370345019671112663e-01
-1.664235925168996433e+00
-5.069467229612167891e-01
-8.653324624928184772e-01
-9.004068421460026395e-01
-4.709683865329906682e-01
-1.152630397272804919e+00
-7.699484308482990036e-01
-3.917736814030085002e-01
3.129501505067029954e-01
6.350071864308272085e-01
6.787786123534713667e-01
5.449000965243536720e-01
5.835261393726151047e-01
-2.012910816990006735e-01
-3.906872614208445338e-01
-3.045069588384832215e-01
-6.964045796396214349e-01
-5.877185400346774946e-01
-1.192045815917872759e-01
8.435211107997313273e-02
-1.986226406094501462e-01
-5.809752241612148316e-01
-4.322410954820096185e-01
-1.790784467864619645e+00
-2.369521866247068065e+00
-2.290313967990560418e+00
-2.377389732614186624e+00
-2.374851402356120911e+00
