3.168070910885781855e-01
2.903258058926587726e-01
1.708846025008141367e-02
1.838354391141272803e-01
4.227550125979593343e-01
2.935171938524402391e-01
-6.746166173685454182e-02
2.457614143539235130e-01
7.347248249757595828e-02
3.580845892674661135e-01
-5.144496965118630083e-01
-5.506944613263718979e-01
-1.860989875017311501e-01
1.488047045680134794e-01
-1.170782986197584641e-01
1.077241979179542064e-01
3.681578162882030991e-01
4.602575546607835522e-01
4.037785106567274296e-01
7.087925825590948303e-01
7.071290448101790194e-01
7.167454835147419878e-01
8.878893343509224323e-01
8.562581666083273202e-01
9.125614449127945615e-01
7.522224142647760958e-01
9.095027136439804982e-01
5.275324322243404307e-01
4.427353751447363206e-01
3.302396780145343547e-01
2.863415181548579769e-01
6.610117424698549460e-01
5.146112521546595264e-01
5.908471516261049050e-01
6.060286792600152461e-01
3.853502692497716708e-01
7.257597604233717581e-01
5.584348350035850395e-01
5.528810075845600469e-01
6.099160672231497271e-01
6.897867081247585075e-01
9.580954851950933548e-01
7.009440695479847161e-01
4.580196496591088517e-01
4.682111096083376722e-01
2.005478075297462970e-01
5.675480366576972635e-01
7.296490610770627327e-01
7.219601001150102171e-01
5.519487250328047878e-01
4.380767474724940325e-01
3.978018779071220701e-01
3.486666124012855611e-02
4.122272086637816524e-01
2.402708162391866131e-01
4.096857770434573776e-01
4.394318758214076359e-01
1.613834051155584315e-01
7.637823050898964183e-01
6.210248976052614722e-01
6.482612491526115184e-01
1.385202352125162184e-01
8.246834628788382582e-02
8.874725617383655285e-02
3.854932795642269650e-01
2.837460278052623963e-02
2.234079612195318809e-01
-1.321144478812056322e-01
-5.549035241380718686e-01
-1.956100868159324491e-01
1.991081526750128061e-01
-2.652683280026247314e-01
6.234814894694844234e-02
8.390587684186555373e-02
5.836720835561768350e-01
-5.860913172808757121e-02
2.485102449457343710e-01
6.224233353967040250e-01
8.201991216287394248e-01
7.010629472339036106e-01
6.790969721127666503e-01
8.588123853042035627e-01
8.975079901271054705e-01
5.607360648840647999e-01
8.319701898440878818e-01
1.088260501646540979e+00
1.138168473291971461e+00
1.034327682910695989e+00
9.701336309305195194e-01
1.036336632529696100e+00
1.125289827198698411e+00
9.236528409142802376e-01
7.632909108064388493e-01
8.386634760609505967e-01
2.451112358044514883e-01
4.790522542812060691e-01
6.564221222357888852e-01
7.213175585988194083e-01
8.140184094035889384e-01
7.140181188708683013e-01
7.080112766155264303e-01
7.006087221349872607e-01
8.895364259685252240e-01
6.685715082211578508e-01
7.712282398093154301e-01
1.031092755308887554e+00
1.185493988351835837e+00
1.083081882259016693e+00
1.087875046996978678e+00
9.190465547607078456e-01
9.244617352016440970e-01
8.041734468268186831e-01
1.011154508653452355e+00
-1.105270934338598576e-01
-4.074787861446756976e-01
-4.051155217976616374e-01
-3.791405523751049111e-01
-1.914581104968783032e-01
-7.546040496378964013e-02
8.133129742475905810e-02
2.159777271895476081e-01
4.457247380171593110e-03
-1.834109016445178986e-01
2.671789972711103855e-01
1.196125264219301126e-01
2.347619833978831783e-01
4.655873224967730373e-01
6.793455060730040351e-01
8.794142665764612676e-01
5.332812182939874468e-01
9.411281131931092947e-01
1.275214401937310393e+00
1.141894920323631712e+00
1.098060187661406673e+00
1.119972011382973642e+00
1.251781701376949663e+00
8.336440435237710833e-01
7.443183910298605266e-01
1.118708132348563034e+00
7.202540834041779583e-01
9.018489714114392708e-01
-8.105934403306449543e-01
-1.214842096460741816e+00
1.830463815866432142e-01
6.032971276306146047e-01
-1.070458783621372589e+00
3.934069036811006503e-01
1.612619662831975276e-01
6.705611396388708734e-01
-1.822765815841526305e+00
-2.645550727379023748e+00
-1.590565027509354357e+00
-1.048550489898766092e+00
-1.763098311434754262e+00
-1.742690607576629525e+00
-2.519679464619010822e+00
-2.261159294043359580e+00
-1.999466314351384444e+00
-1.918337921981577487e+00
-2.240357037250190420e+00
-3.510553367424123383e+00
-1.982306259465870246e+00
-5.720748687816853417e-01
-7.889324892559827773e-03
-1.906535705981537987e-01
1.364516319301876390e-01
5.941171861651346475e-01
4.995599303465092511e-01
7.570400456220907071e-01
8.370743358848853344e-01
1.039615625543184319e+00
7.731522939975425945e-01
4.955644303079612678e-01
1.080084970819771950e+00
1.137474538518670641e+00
1.052062272472570781e+00
1.047052429600132673e+00
1.257450286246704518e+00
6.410381455743142665e-01
1.075000260713458111e+00
7.639378467847477427e-01
1.139407802062165409e+00
1.104267817617073488e+00
1.570027212561072583e-01
7.064875009233893000e-01
7.564508490445756017e-01
8.427066035993147075e-01
2.213949028818615328e-01
6.251525623638597429e-01
5.213806243110347127e-01
6.613540139972791110e-01
9.310804135917025715e-01
7.751221886987986753e-01
4.986694066064545350e-01
6.600834192614701834e-01
3.063565750197950743e-01
1.784230394571412748e-01
2.665500714835795093e-01
-7.302127869007499772e-01
-1.097040252234988689e-01
-2.285683122040572945e-01
5.582988490135063625e-02
2.798366888617434545e-01
-3.606943830001394513e-01
-3.424770450072322503e-01
1.196859665033662701e-01
-2.484992236082085304e-01
-2.022123877054405328e-01
-5.049916522233097727e-01
-9.656522620329621720e-01
-2.424512015203231563e+00
-1.149517195802816971e+00
-2.576312237419556284e-01
8.848948688703400442e-03
-2.279356962377140361e-01
2.568948894589221377e-01
3.424731140526491302e-01
3.344195519193249866e-01
3.846161454715547046e-01
3.210315460171212498e-01
6.273450044610979770e-01
8.747405026558019436e-01
-1.383466597116441710e-01
-2.096802459905258154e+00
-5.354658543942906190e-01
2.667383390086220385e-01
3.220937239900480142e-02
5.285631064777333021e-01
4.351773775076646089e-01
1.686073114554615532e-03
-9.142670821044775187e-02
-9.461578754711291728e-01
-1.985989054591304592e+00
-1.690142269335751735e+00
-1.224577954043702954e+00
-9.118830904089676448e-01
-6.538433193887764894e-01
-1.501560626542600418e-01
-2.371412813216036419e-01
-2.551202408320039916e-02
2.904089539519754126e-01
3.891286269731344949e-01
-7.443855606401933445e-01
-1.883484853273317050e+00
-1.741571122967036089e+00
-1.523412415166250700e+00
-1.055768697645870891e+00
-4.775959904795729072e-01
-7.225824397429438939e-01
-1.608955474163157595e-01
2.740080222386577780e-01
6.018285258247977332e-01
1.046714065406240679e-01
3.862943561923436464e-01
-8.516221121716189835e-01
-6.417271961469017683e-02
3.024955213142308530e-01
5.294396177222084887e-01
-3.561834126705387682e-01
-7.268789168961659053e-02
1.302693565005643428e-01
3.660969859315982289e-01
8.101766990206422658e-01
3.743769141963410041e-01
9.549162972512739711e-02
9.492168984918283314e-01
1.067665667923483497e+00
5.427583097914153720e-01
4.573495491153531933e-01
-2.328983162352744052e-01
3.743432167233486929e-01
-4.814044891098197554e-01
-6.562460237297335075e-02
-2.293742446953070668e-01
-4.302823536079388167e-01
-6.820920715289298109e-01
-8.656616705131010836e-02
-6.703571731724045080e-01
-8.885842326544184377e-01
-1.133562005868007594e+00
-6.137908981688054988e-01
-1.024058821308618805e+00
-9.706783143931190239e-01
-1.166819711180447916e+00
-7.131350504757520969e-01
-1.084029561587543933e+00
-6.417148597173549796e-01
-2.823968047233874068e-01
-2.958291902378737404e-02
-1.302894473954869348e+00
-3.265550964102382769e-01
-5.682697510361911508e-01
2.096938849517173964e-01
4.421458557598195172e-01
-1.241008602436753372e-01
1.479128129613467013e-01
1.048868958630062298e-01
5.680584623375208864e-01
6.468492669363925529e-01
7.558604813621290219e-01
4.068249173984971323e-01
5.553119861147773895e-01
-2.136785472572792083e-03
-6.179166616504460086e-01
-1.496543622139479002e+00
-2.145474482144170469e+00
-1.218274927320734946e+00
-2.420881507557992141e+00
-2.065087883500903720e-01
-2.293989844098427877e+00
-1.422691412520806109e+00
-5.336626790509556573e-01
-5.756800999235330840e-01
-1.133619503357120306e-01
2.366079906895625362e-01
1.800440750496307141e-01
4.250763763416506857e-01
4.903507709145366045e-01
4.794927339258174825e-01
3.314234430417614119e-01
2.131299664348805800e-01
3.756476451579432441e-01
6.743667505818838892e-01
7.925570119909328692e-01
1.163452722236676173e+00
3.953489989724525699e-01
-2.032511454309482879e+00
-4.470496196235987929e-01
-1.813852006830419805e-01
-2.437825866230036720e+00
-5.493503939452805129e-01
-6.898611759435063773e-02
1.643700477294116336e-01
1.723738269034880144e-01
-1.862973943913890928e-01
-2.547038458883741918e-01
-2.773736277049142912e-03
1.832213808115200904e-01
1.728690863437078173e-01
1.086492995641768489e-01
7.061636762353978858e-02
-1.272386241371231339e-02
5.113406469910598551e-01
6.141671480914647763e-01
3.193073739385307031e-01
6.407867104131879099e-01
6.567444342641484134e-01
3.873790967155651410e-01
3.447978683589934534e-01
1.727509408705189820e-01
1.351709803331841708e-01
1.084644609246037672e-01
3.622901282631627584e-01
5.000524923079814332e-01
-5.789131883200198114e-01
-2.606817597904644845e-01
3.480446996790298453e-02
-4.505950454950709005e-01
-3.260741955076537080e-01
6.167605473440875841e-01
7.879154312165969065e-01
-2.848076907090129062e-01
-2.152914734647018435e-02
4.129045752952125170e-01
1.682842079241946009e-01
6.876900757388167973e-01
6.015450111881874840e-01
3.394399478534689263e-01
-6.816348977271165233e-02
6.506216863769043179e-01
1.381976216995316475e+00
4.158730764089157983e-01
4.787326790195333692e-01
7.051435207589390464e-01
7.215124077944647940e-01
8.453298358888128305e-01
6.935965486980600891e-01
9.166032936208303727e-01
7.567984098761393330e-01
1.612241033081955877e-01
-2.997531280181967017e-01
1.812573563392401166e-01
4.508241903677469575e-01
5.730031927773436840e-01
6.521290618755999358e-01
1.417087079081947310e-01
4.868956602608486284e-01
9.432142468518969203e-01
5.824440380875957057e-01
6.732188638123195457e-01
6.104463931827884826e-01
3.374194601271607308e-01
4.490700526422246597e-01
3.723711918694550538e-01
6.345193075214486944e-01
-2.453350943932791073e-01
3.518048433508448314e-01
6.054703181565502801e-01
5.940869420432992598e-01
4.640891295559349539e-01
4.464518212343682180e-02
-6.703595696621501565e-01
-2.083114274757847662e-01
2.152897785805013009e-01
4.945888577041489542e-01
-1.232829616980121862e-01
9.444154793394146652e-02
-4.923867058738147506e-02
-4.467827843416170008e-01
-1.621016447066041977e+00
-1.443349781675683730e+00
-4.271919648948075410e-01
-1.319032335478472762e-01
2.190153747745452739e-01
-8.912222192637850315e-02
-7.165699303035073520e-01
-5.175917088726763593e-01
-1.956615862477155132e-01
-2.801292161467646702e-01
-1.588053401927550956e+00
-4.445494139761587693e-01
-2.315430197192562024e-03
-4.742795612965522434e-02
-1.238773063298808763e+00
-1.386997983816699254e+00
-1.425329161899535846e+00
-1.100756169532139506e+00
-6.595299973424975093e-01
-1.140212225924044809e+00
-1.890367454339058506e+00
-2.159148649691476685e+00
-2.251745560724613515e+00
-1.854012312694518716e+00
-7.606935616871846051e-01
-4.395970253147585272e-01
-2.830033000291988232e-01
-4.865928700110823124e-01
-4.776530188249671904e-01
-1.168861158484175933e+00
-7.713734324422660826e-01
4.793742187934600316e-03
-6.492959825949708996e-01
-5.516061660308760883e-01
-3.312129058861112418e-01
-5.978054898960103586e-02
3.259543295676888830e-01
1.367178617772263349e-01
-4.932193390109037567e-01
-2.094598041628738805e-01
1.418459128934597135e-01
4.742099378513099928e-01
5.196970198305592703e-01
6.287937289856833090e-01
5.259732358354618498e-01
5.576459411637740837e-01
4.956534875228950643e-01
1.911979757808023872e-01
4.427225527979758435e-01
4.145904483154485565e-01
1.983565652954201175e-01
-1.101646577942076766e+00
-1.893614399237226742e+00
-1.216420359804734730e+00
-1.304315147490329396e+00
-1.715593609970950117e+00
-1.323900158626177825e+00
-2.947213616771802158e-01
-9.871957297209843496e-01
-8.097870429161134753e-01
-7.092854003586863687e-01
-7.045405609209819398e-01
-2.371740236116312239e+00
-1.493303294803930203e+00
-7.319887990581455117e-01
-3.851576340580788460e-01
-3.158341590254800657e-01
-1.486219754694132922e+00
-1.513500721031292073e+00
-1.295573719392204781e+00
-1.901966319846017051e+00
-2.188373374717182518e+00
-1.523699533371218218e+00
-2.284422111732591354e+00
-2.846351956358116553e+00
-1.306838501185191292e+00
-5.400217670133486414e-02
1.326099232981503562e-01
-1.686287094989987745e-01
-3.370061198330821517e-01
1.196708471571308746e-01
-2.276594820735040048e-01
-3.613763143263896971e-02
3.807519076140909453e-01
3.666876867014541297e-01
3.913347664858905506e-01
6.108459199259345107e-01
3.883204553784193047e-01
5.785401262443352621e-01
4.352346582499215799e-01
3.795379763927250183e-01
4.319387056621505350e-01
4.749908846648673993e-02
-1.295259731475444154e+00
-1.028497555552003284e+00
-7.307939135517239615e-01
-2.575598301452032279e-01
-1.851026656031228845e-01
-1.119961184420197764e+00
-8.328742451918345058e-01
2.036122928679660049e-01
-2.503258716619753410e-01
4.645770659161215232e-01
6.698172078792957729e-01
-2.343207815851955922e-01
5.499607368632284388e-01
6.472365687979722004e-01
1.010481186357117478e+00
1.160429715918410043e+00
7.712836575838615261e-01
9.281274030308990231e-01
7.757728233167122678e-01
7.947783608610873296e-01
4.965729925606003903e-01
-3.006899864357345242e-01
-1.650894706102859821e+00
-9.662192813513387213e-01
9.138335159235996819e-02
5.540351729325200258e-01
-1.382013115626735678e+00
-7.867584688641047208e-01
-4.673837971616168763e-01
-3.469569394015505071e-02
2.268990352763706475e-01
2.621995814589851426e-01
-1.637359020658839315e+00
-2.397631890654015940e+00
-5.196229459239092296e-01
-1.696541755840328403e+00
-1.162345659387350238e+00
-1.830115342183668226e+00
-2.779114753907792501e+00
-8.752263827049366895e-01
-6.673884145290071013e-01
-1.081023079419249688e+00
-2.494881890677051461e-01
3.043711935831160398e-01
2.963957134487876233e-01
-7.104412375771983201e-02
3.142896511683516692e-01
2.848142163075445543e-01
-1.161262960384944254e+00
-3.978866395528750655e-01
-2.328118432173522101e-01
-3.160449956751093525e-01
-6.817081037664741716e-01
-1.899077350418447940e+00
-2.873308671875170361e+00
-1.949166597177698135e+00
-1.452757834701609019e+00
-7.904454452401937781e-01
-3.888653409798217275e-01
-5.420518297673012631e-01
-1.907604498066401089e+00
-1.233436219579057580e+00
-4.072075370954866269e-01
-1.619138131378075052e-01
1.136767792068889421e-01
3.445587523580666556e-01
-2.542145079882198733e-01
-8.541921563471954748e-01
-9.836106112823661540e-01
2.578682843133027480e-02
5.000776027643161203e-01
1.644440998105914098e-01
3.172847957532282104e-01
-1.286097705269176328e-01
2.466255412041190587e-01
5.971991398337877371e-02
6.218949596796358864e-02
-2.056968785681692613e-01
-4.870063378917683372e-01
-1.449420337581217133e+00
-1.979345853059576887e+00
-3.095407646887398556e+00
-2.525330759908710476e+00
-1.224318110011586969e+00
-1.042208511796419046e+00
-1.651224866114157308e+00
-2.260121360209593533e+00
-1.212806734205031933e+00
-1.779141612003411144e+00
-2.646547884102557369e+00
-1.868773760141680285e+00
-2.216242103427628951e+00
-1.715374255150549754e+00
-2.022218370881424532e-01
-7.599004171019649867e-01
-3.713576625673013498e-01
-2.714066747450681327e-01
-8.562992122714703225e-01
6.627666984634196512e-02
-1.545628914764246853e-01
2.293713521076323758e-01
5.128802874926312594e-01
6.971678911437100279e-01
1.292897976501488078e-01
-2.820813820914364056e-01
-1.146497113073118967e+00
-4.882751612609442793e-01
-2.173410102616266659e-01
-1.374245882819720432e-02
-1.404421835255971751e-01
-5.573998328707264749e-01
-1.148153713840213364e+00
-2.131681796377693949e+00
-1.214898459388821017e+00
-1.429549953037913435e+00
-1.406280725975658674e+00
-1.104477656096640947e+00
-1.442455269830377196e+00
-2.154462610942658785e+00
-2.942524400710254895e+00
-1.473696412790313159e+00
-9.164554461766821758e-01
-7.518198421123863939e-01
-1.798443179921565882e+00
-1.089292355183964167e+00
-1.958563581529079389e+00
-1.833667218728614490e+00
-2.033383300474770561e+00
-1.080563827046582048e+00
-1.214520432440059139e+00
-1.684229028829014929e+00
-1.688336950187733443e+00
-2.142397770223617215e+00
-7.973897288522252547e-01
-2.244210736431536679e-01
1.064641085969582623e-01
9.556994917991314120e-02
4.772866262349105548e-02
4.496225413913258057e-02
1.081049248274294078e-01
-8.412964298337306801e-02
1.254331158320733386e-01
-7.596565179632110976e-01
-2.208579720161022664e+00
-1.491313764621169158e+00
-8.519491377017676115e-01
-1.349362313967440663e+00
-8.911792928843027539e-01
-8.719537752903809835e-01
-6.204313346872403212e-01
-9.558726171335214516e-01
-1.075662642500620603e+00
-1.234793034557756020e+00
-1.904094507801723957e+00
-2.746811688566955567e+00
-2.558303854467775196e+00
-2.111428223297731055e+00
-9.558666344536368431e-01
-6.036792655493372628e-01
-1.896524123457244970e-01
-2.334515270490820082e-01
-1.430389475755147743e-01
1.647591102152388270e-02
-6.143874817611201244e-01
-2.442385821048091432e-01
-2.231910784684326132e-01
1.923723554936708213e-01
-1.280148588320491054e-01
3.347665803271460128e-01
-3.045428169590940759e-01
1.796596345020765595e-01
2.574142661249996245e-01
-2.355976756978439002e-01
9.188805167351059289e-02
2.123558509950978779e-01
3.604408084638539567e-01
-5.604707983685783823e-01
-2.437041120934030636e-01
9.948821342552957581e-02
1.971160337357113490e-01
3.496401159794706448e-01
3.622233082797506887e-01
3.760872179349804972e-02
-3.954406720109963080e-01
-5.839892375094200005e-01
-5.013482805862243818e-01
-4.621752802983504216e-01
-3.665835510227891669e-01
2.849186103668249759e-01
3.418202254403325813e-01
-2.445302256618995806e-01
-5.091228175581226090e-01
-1.988239486249606891e+00
-1.463731783485273386e-01
-4.161069328043452975e-01
9.354252218731246016e-02
4.134317057493928915e-02
-6.661625280826595497e-02
-4.673404140185315470e-01
-9.069158679686437630e-01
-1.053060817587079256e+00
-3.691269954264796427e-01
-4.731775599880294614e-01
-3.128519788660581447e-01
-1.646163066952073539e-02
2.306274400663912982e-01
2.215063831641865266e-01
1.187710172842544459e-01
2.636782703061654742e-01
8.212263163930380583e-02
7.250870590278168937e-02
-5.712739591787103360e-02
1.076556560853928479e-01
1.563888874562408826e-01
2.954360705968687162e-01
5.812888646745291432e-02
-4.000447277503912380e-01
8.488394498036212765e-02
2.933153442113134446e-01
9.926762754674663125e-02
1.204187899483832522e-02
-1.686006159960042328e-01
2.060289203268796943e-01
-3.925902698416899872e-01
-1.294377512680334741e-01
5.017685441190428142e-02
-6.584390343660570522e-02
-9.854981791833701266e-01
-5.677828004732852207e-01
-4.847467589525634724e-01
-3.158878138220981846e-01
-2.866571945612932382e-01
-9.483244845421992530e-02
-2.162864442194034065e-01
-1.800983781340415035e-01
-2.941572597987063831e-01
-5.770370753152371801e-01
-7.361059273846169981e-01
-4.336926414965236454e-01
-1.259934129717776630e+00
-3.113930032088837452e-01
3.437347481945928207e-01
1.982710538069894779e-01
-4.436774939980539512e-01
-7.428657685882413819e-01
-1.450869980146467286e+00
-6.316667464565002277e-01
-2.707454620198314066e-01
-1.785078964891776421e-01
-2.884062488228411603e-01
-3.628010641237822825e-02
-5.483672606367422375e-01
-2.052281451458264794e+00
-1.875123211704695425e+00
-7.237575190105320910e-01
-8.491972081016732621e-02
-1.692865563145279639e-01
1.893277114857966070e-01
-4.146646855331159037e-02
-3.383067593937892914e-01
-3.415449592619244079e-01
-2.057190101761782741e-01
-5.526334450892474853e-02
-1.220506558088802207e-01
-6.962159823719371587e-01
-1.209571850095106704e+00
-4.121365852756263548e-01
-5.057778451552704668e-01
-1.594825176416883872e-01
-1.992601450269739505e-01
-5.345263467728972318e-01
-2.516636258979025875e-01
-3.385417948092162010e-01
-2.071444027330221260e+00
-2.232086900929601825e+00
-1.751695110674422740e+00
-2.778966841074124172e-01
-2.195928020899471644e-01
-3.974573662826427767e-01
1.277640748668659454e-01
2.413542949854994013e-01
3.146238048974966395e-01
-1.015923219697295599e-02
-4.746773114932117954e-01
-6.242673798762845561e-01
-3.868806910712155878e-01
-8.771815801857824058e-01
-2.234842685387760319e+00
-1.687049518852112850e+00
-1.360584317511722929e+00
-1.211683833447617875e+00
-1.606659086321138297e+00
-2.570809597826796189e+00
-1.794134464801731665e+00
-2.262864413872323066e+00
-2.520354383434513679e+00
-1.220376128077879541e+00
-6.317668746831164306e-01
-5.742772001487972400e-02
-3.268097320740438738e-02
1.927444813496940468e-01
1.271319228078526264e-01
1.350453764422639147e-02
-7.652333310027980007e-01
-7.433081946404680451e-01
-2.783125962140323706e-01
-2.665586695443802334e-01
-6.079803633633784621e-01
-1.809677718020863413e+00
-1.348956743613647813e+00
-2.918250721157227279e-01
-4.427059313296424076e-02
3.439386916650205017e-01
3.950552643637159078e-01
1.775710756478756924e-01
4.248295682944964735e-01
5.784444716892926941e-01
7.233020759791723986e-01
5.995627986916166607e-01
2.896549646478198126e-01
4.752328171565463055e-01
5.518401168017372793e-01
5.966200220287803946e-01
1.476994813779101273e-02
2.271173777209147537e-01
3.016073322219883224e-01
3.399596700400867588e-01
2.404231019787380075e-01
1.949874993946622004e-01
3.712261576340296354e-02
3.249576396900083486e-01
2.856025185239671194e-01
1.002136175898702686e-01
4.036907706257492623e-01
-5.271853498111202241e-02
2.533411188798927183e-02
4.994089515460856110e-02
-9.693096210764295950e-02
1.736849684118981774e-01
4.251567526653080020e-01
3.834046103713385500e-01
2.940394225488817542e-02
-3.244111157784604904e-01
-2.560983831463294891e-01
-7.601000149724317367e-01
-1.879925235537936334e+00
-2.592245981355601359e+00
-1.321251269535162587e+00
-1.329093938912361494e+00
-2.548393864805105213e+00
-3.125879182855926697e+00
-1.127423228346943196e+00
-2.220257375757636598e-01
-3.142422905363702612e-01
-8.414118947569035334e-02
8.199740771803758210e-02
2.561158125017456988e-02
4.602562996779789584e-02
-9.658779973440634325e-01
-7.738368843102041428e-01
-3.584493871435734391e-01
-3.047497615308364383e-01
-3.665282003478462780e-01
-2.139362818172010905e-01
-6.948827163925422878e-01
-1.597165000183757289e-01
-1.105776339492613447e-01
-8.438198737227526891e-01
-1.865978413193560392e+00
-1.050470347036346563e+00
2.229916535150563150e-01
-8.189638669849519381e-02
-7.738259752990733764e-02
1.204837400905073297e-01
3.971013241086221446e-01
-6.865972812929582725e-02
-1.320880931045447015e+00
-6.709682935509291291e-01
-2.008563801475208854e-01
-1.249487807258804706e+00
-3.967137697872392121e-01
-8.890105896598476942e-02
-2.777520952810642596e-01
8.148665453098136169e-02
-4.703740806492370807e-03
2.385045723613633817e-02
1.659655870736990169e-01
6.959648183949621036e-02
1.157236997974546155e-01
-1.561700424539094745e-01
1.823105566644132591e-01
-1.738777152352584676e-01
-1.310249549077011355e-01
-2.320323594120025090e-01
-2.725340293841969908e-02
5.054609077621619040e-03
-1.368360368165338237e+00
-2.194085121944755468e+00
-2.413886113349934970e+00
-9.865703608771396738e-01
-1.500771734835496085e+00
-3.691991663848839811e-01
-5.192437449187469189e-01
-1.355687596043156640e-01
-2.273111850436175529e-01
-1.169831716260064519e-01
-3.785903154195451314e-01
-2.136062936779330179e-01
-1.794302734223168494e-01
-9.384963676261309784e-02
-9.004593529011604147e-01
-4.599860528251656921e-01
-5.936367342713666506e-01
-1.005655312592308226e+00
-2.174908216520418769e+00
-1.084040167238847552e+00
-4.317820124872443488e-01
-8.654371497535919833e-01
-7.896725142726490621e-01
-1.881438827323802965e+00
-2.246244578263054237e+00
-1.663655901360796996e+00
-5.238156206006554516e-01
-5.479697983313216447e-01
-3.339974140085871790e-01
-5.172512637856603313e-01
-5.725778926134766911e-01
-4.435708625538096750e-01
-3.035836132259014386e-01
-1.324755267205192655e-01
-9.806191132231661944e-02
-1.196458843453060750e+00
-5.531032665613369037e-01
-9.299363287074197126e-02
-7.429944839301763637e-02
8.495316598427885002e-02
-2.846661511258802846e-01
-5.954463554551100435e-01
-7.905024985951614180e-01
-9.690900723659876537e-01
-8.034453569168388265e-01
-6.572502825869666054e-01
-5.032533003415644579e-01
-7.076157031116423468e-01
-2.950482624241537177e-01
-2.672353846186339976e-01
1.990500443122621976e-01
5.895261589464827479e-01
5.110123721121340168e-01
5.600320788133771321e-01
4.550559177533443078e-01
5.635800552768773786e-01
4.103788543360026853e-01
7.590145079646511139e-03
-1.083734204859514438e-01
-1.064307131149632157e-01
-7.521875622538037875e-01
-1.172902639206905850e-01
-2.962692482334684518e-01
-1.269166135971961373e-01
2.602255169699439485e-01
2.408138576751341631e-01
-1.101123366945823134e+00
-1.739895744061948246e+00
-2.381958704369019353e-01
-1.225037634229215300e+00
-1.215694125599763087e+00
-7.352147141873534020e-01
-1.187978256883997163e+00
-9.786692302224550000e-01
-3.450898529051177333e-01
-3.311212156012816599e-01
-4.433900263129810781e-01
-8.311018254123807569e-01
-1.200875699801779772e+00
-8.528026501459448072e-01
-1.771722611477793086e+00
-2.680510965583128069e+00
-1.805481239340646749e+00
-3.400381663955820422e-01
5.592570798854388375e-02
-8.243937550719381002e-02
4.975925992978826040e-02
1.893614209977520502e-01
3.711604108941959912e-01
3.330966367857832178e-01
-2.559868751689315935e-01
-1.104320721601422584e+00
-3.175550830867672758e-01
1.565022823704285138e-01
4.241273344016713298e-02
-7.475068945595436665e-02
-8.942659695266903519e-01
-4.557081355904728515e-01
-4.569934075976286314e-01
3.626896168651472935e-02
2.723060714546515770e-01
-3.097872138788997087e-02
3.540704758682686748e-01
1.801968894298449919e-01
3.086350707778891256e-02
-2.907777772572168740e-01
-7.700653017256917643e-01
-6.164803596901262672e-01
-7.099711737949403467e-01
-2.017386428549046706e-01
-3.520891941523740520e-02
2.941294929302306072e-01
4.616488828860544624e-02
4.403362795093608839e-01
5.055423075888628714e-01
6.951393353057764291e-01
6.213359445193524788e-01
6.844977423020682794e-01
8.502811969693819805e-01
-3.601081522242862709e-01
4.989427929703830200e-01
3.056807618975101448e-01
5.214746410224393447e-01
1.300904025688520149e-01
-2.642281448465390314e-02
3.036756248531489732e-01
6.621342014196028580e-02
-1.189746127073858101e-01
-2.956751984444925263e-01
-1.188479749729352691e-01
-1.967010725710106378e+00
-1.481804436487296428e+00
-3.737291749301153154e-01
-3.130753094832015027e-01
1.059927629611776972e-01
2.764825340287340172e-01
4.107575312924635624e-01
-7.240895464449813579e-01
-2.252234232068579534e+00
-1.027621885870283247e+00
-1.523435331536143300e+00
-1.740296137995262393e+00
-6.896060315101659732e-01
1.330466933012706965e-02
3.575770455990790464e-01
2.401360879732351017e-01
1.223198174959560652e-01
-4.922799800797253988e-01
-2.169004955432518311e-01
3.720143677004110472e-02
-3.339216335679201508e-02
6.374832446904112049e-02
2.988051302739765935e-01
4.961938877248884827e-01
1.846853672140649771e-01
-3.246721199179218864e-01
-2.657636705590639414e-02
-9.200074660420531902e-01
-1.321591455203809107e-01
1.109028368503002099e-01
-1.388537824759885630e-01
-6.828009194081616773e-01
8.721317218812467409e-02
2.442466067464932056e-01
7.226721199735010315e-02
-6.235856741528528202e-01
-1.107058944451767557e+00
2.411058303853276519e-01
5.966441199819392249e-01
-2.839050139551231866e-01
-6.138875488402126823e-01
1.102716160269285595e-01
3.545111472933171748e-01
4.063418058372018082e-01
3.518049721092694204e-01
-3.206896649727668525e-01
-1.110605372356273240e-01
6.308659275736608341e-03
-1.121282750934584904e-01
-1.389910879274901312e+00
-3.662201660393883396e-01
-3.559664546194382106e-01
4.547390197780487586e-02
-1.046553001752194290e-01
-5.958297186379577504e-01
-1.270637822866016897e+00
-2.955541309239027026e-01
2.332179348967711729e-01
3.676835604467326157e-01
3.429188163881242146e-01
5.948082939351405640e-01
1.056494455255816867e+00
-8.823238999693226725e-02
3.319181908005896520e-01
-4.188451818459871800e-01
1.895600399686313275e-01
-3.845695908490890380e-01
6.644437230946783624e-01
4.013629030471726478e-01
-3.948259889356993124e-01
1.568085813274605056e-01
1.983100177528585029e-01
1.985381369685641773e-02
2.733494768449441503e-01
-2.593243662918334747e-01
7.235805880424648340e-01
8.423615042305577782e-01
-6.830932685242874225e-03
-5.511391145880168985e-01
-8.086101789831182662e-01
-1.203648486820982244e+00
-8.129937429991538345e-01
-7.928392584880246119e-01
-3.081814984290273118e-01
-2.121067801098994177e-01
6.169579248182593956e-03
1.278402677162782108e-03
-1.164117466295979120e-01
-5.945052734933153893e-01
1.055326651367755747e-01
3.328165839671839987e-03
-3.379655587842534947e-01
1.830058145715278972e-01
-1.802744233236198423e-01
4.035802211062198275e-01
4.317620561913562693e-02
4.299971896464571119e-01
-4.113731833838600305e-01
-5.911278001027130413e-01
-1.153624733200703661e-01
-1.534062090751703300e-01
-8.217365138599470875e-02
-3.952491197911580656e-01
-6.082588839175553375e-01
-2.793298645842170469e-01
2.053743086868181078e-01
2.499682225209620412e-01
5.510653069217396061e-01
4.115924160047247371e-01
1.832138748697974273e-01
4.342172523739359913e-01
4.411458281951338156e-01
8.444176431999304011e-01
3.977330938257354065e-01
5.249500574523360275e-01
-7.680680659957042078e-01
-3.812169640885268440e-02
-7.962057613661659428e-01
-3.701175092389016874e-01
8.976151374029960051e-02
2.487499474112512821e-01
-3.158347821247600162e-01
-8.272219682696351217e-01
-1.669457558783005391e+00
-7.936341606935773951e-01
-1.207222565039336309e-01
-2.394549747687983454e-01
-9.451026475860717369e-02
5.533878712901067753e-02
-3.256619124859166936e-01
-3.681939574859257602e-01
-2.160607131013995708e-01
7.744066399429178071e-03
-1.387120006220975144e-01
3.472245021419035904e-01
2.250517501945099308e-01
8.874673639959760330e-01
8.835661414645995526e-01
7.897553116441399235e-01
8.802189934547401950e-01
-1.713075411061613651e-01
-3.539963237469602175e-01
-3.209306003151769504e-01
-9.001999479054242914e-02
-2.750927653463675071e-01
1.296590113111271148e-01
4.438871197663026291e-01
8.186892111346998346e-01
9.151370907365522500e-01
9.674043160916162565e-01
9.235352169198298711e-01
5.030082119304970512e-01
8.421716387073880927e-01
8.907468568145903154e-01
7.386199509873645486e-01
5.235767255423647848e-01
5.490352122120514267e-01
3.300641491945753292e-01
3.615897572718785868e-01
5.751894387472338277e-01
-2.623969047666693255e-01
-1.284168728290024375e-01
-1.308670447438789464e-02
-4.495323102728185916e-01
-3.975440817303311780e-01
-4.678862157501055830e-01
-2.293261557741777534e-01
-7.445028256752597162e-01
-3.339349535599994701e-01
-8.815083690321992571e-02
1.429578209627887231e-01
3.857883532839836982e-02
-2.285399124349063449e-01
-1.380504172499919247e-01
3.535529051866180550e-02
-3.379960521105360716e-01
-1.004974078187901743e+00
-1.454598272914571444e+00
-9.238623453421704879e-01
-7.785035832623701246e-01
-4.595264008186076277e-01
-3.596872632849456020e-01
-4.961381761941263679e-01
-6.679451178692155100e-01
-6.699394468135755343e-01
-3.311354089813319801e-01
-8.253725435777012343e-02
6.518472603960590028e-02
2.445533586139794213e-01
-9.128026988573403888e-02
-9.205752169940105423e-02
-1.520392395478516456e-01
-4.572076662043945694e-01
-2.488837547705458619e-01
-4.528644594082694708e-01
4.184754642342287112e-01
5.313679042028933708e-01
4.774365399308300728e-01
5.328179887490911426e-01
5.495398603957472039e-01
2.221140352079356006e-01
5.376811731355732871e-01
4.025304467300993005e-01
6.376119762715364292e-01
6.715482772951832935e-01
4.150990929439688504e-01
4.403047626468419296e-01
4.680422969325535032e-01
2.966052097491830297e-01
-2.832977118356606594e-01
-3.453082331647812087e-01
-7.098270728928889051e-02
-3.912107088090241436e-01
-2.055316273142670791e-01
-1.950217230162666904e-01
-1.231086467908879545e+00
-1.501359262920837212e+00
-1.863587145839856074e+00
-2.183443580515491700e+00
-2.089151397331059812e+00
-2.561661546634878217e+00
-1.763831088161345040e+00
-5.441610536134146026e-01
7.067336000335235069e-02
1.036809522656134547e-01
3.032075456199676000e-01
2.228894231474842225e-01
2.951052380180867463e-01
4.752404628507470030e-01
5.690809988598337643e-01
4.620818240259925158e-01
2.289903869412859005e-01
2.743240473718555617e-01
3.997216377705132412e-02
3.202499639779014529e-01
-2.070400229263343328e-01
-1.663119127243975481e-01
2.661249870972247633e-01
1.806299858816430848e-01
1.330315599010668814e-02
-5.968752571133737472e-01
-3.325791084846644874e-01
-1.195952445338148429e-01
3.643331683851803171e-01
3.641016557890542904e-01
4.791297701898475925e-01
5.589767172821218377e-01
4.032351211965208848e-01
3.488312469989215403e-01
5.129986483686763687e-01
4.128169660288890652e-01
8.072217703417472467e-02
-2.298355988023853769e+00
-2.325727429951202296e+00
-2.105042076274019625e+00
-2.133685071603756978e+00
-2.161735132681317229e+00
-2.078472238648901183e+00
-2.045235973115714145e+00
-2.134806591251391161e+00
-2.096508971035497826e+00
-2.010415145978472040e+00
-2.010214300217344263e+00
-2.246171768548593572e+00
-2.331108186243492586e+00
-2.345378625280522211e+00
-2.561035623713648679e+00
-2.786687589070262927e+00
-3.022174293161969505e+00
-3.343189946513571709e+00
-3.539420676868382021e+00
-3.567077247860937383e+00
-3.864397268118834106e+00
-2.602857009589632842e+00
-2.364788052096662874e+00
-1.955453174923386772e+00
-2.187205151534036496e+00
-2.084745353528133283e+00
-2.177152797551576757e+00
-2.501799375826409655e+00
-2.232106862631978661e+00
-2.497793893113793740e+00
-2.393881062905347523e+00
-2.336178305187110560e+00
-2.220789845071550417e+00
-2.170664901274301339e+00
-2.217068078031336320e+00
-2.229484687720156177e+00
-2.300931862919669335e+00
-2.222625587809092806e+00
-2.241845073379102438e+00
-2.075851855160021575e+00
-1.941039241815707417e+00
-1.918898825937555452e+00
-1.957522807415478905e+00
-1.993829618438240470e+00
-2.091201716910922492e+00
-1.929440622182970522e+00
-1.794639582669385725e+00
-1.701520919662291798e+00
-1.709115098804644184e+00
-1.657052087761235359e+00
-1.716410443213686188e+00
-1.872383336199506587e+00
-1.849458704289298705e+00
-1.810995389245371179e+00
-2.193330624346919500e+00
-2.358160018530931712e+00
-2.140695780479772825e+00
-1.916444754562043329e+00
-1.760852914757071730e+00
-1.889042370301453833e+00
-1.750713296286240173e+00
-1.810623866885966660e+00
-1.876696745691353696e+00
-1.832226466615480387e+00
-1.723661991747918343e+00
-1.905251541579502605e+00
-2.172340480422291886e+00
-1.988172521559187222e+00
-1.744571874031990211e+00
-1.915091053515713293e+00
-1.917180579152423903e+00
-1.992455809745254935e+00
-2.323696628218044236e+00
-2.416045703556189750e+00
-2.175824764508569764e+00
-2.162736829531022753e+00
-2.010813931117653830e+00
-1.929785423386633170e+00
-1.829849771212903153e+00
-1.870909619098528598e+00
-1.814495592114423239e+00
-1.835277171798377349e+00
-1.803553121323967501e+00
-2.013970513321176270e+00
-1.956983073955857355e+00
-2.092509618515849379e+00
-1.756134566908355676e+00
-1.847252243895008528e+00
-1.851630240350258916e+00
-1.814353618438465876e+00
-2.078999307984155109e+00
-1.923390417097102789e+00
-1.763496264773309008e+00
-1.861658096738205037e+00
-1.948161962114469681e+00
-1.837543639599415135e+00
-1.736364617581646064e+00
-1.819076199389205284e+00
-2.098979024122666459e+00
-1.955957987772311890e+00
-1.762999060746087254e+00
-2.073281674822061049e+00
-2.092517479436552197e+00
-2.152501257088226261e+00
-2.850536927435778800e+00
-3.075029186187582031e+00
-3.158313763693018306e+00
-2.408105036475164162e+00
-2.079920757850447277e+00
-1.965778376773598124e+00
-1.740430065215934352e+00
-1.701507842145727478e+00
-2.019415279411619579e+00
-2.552212260019383283e+00
-3.541397829448962309e+00
-3.891601443167180818e+00
-3.918225813469738306e+00
-3.943414311925744986e+00
-3.998791739250567634e+00
-3.498005186760663854e+00
-3.463120400033572466e+00
-3.451020531713200334e+00
-3.274112245683311606e+00
-3.081983834311295745e+00
-3.173753918459061296e+00
-3.150539664910876780e+00
-3.054738455434774291e+00
-2.747519774561945294e+00
-3.011459814501994181e+00
-2.874746568895692356e+00
-2.916139930952265313e+00
-2.911709840144308448e+00
-2.725916777427236593e+00
-2.730190549822562485e+00
-2.756245209246540373e+00
-2.881522656736286159e+00
-3.102833698602232904e+00
-3.345934335335136733e+00
-3.105066664603606696e+00
-3.064826581008790463e+00
-2.961741191275302221e+00
-3.047212613889102251e+00
-2.969123625297013902e+00
-2.981535585223341833e+00
-2.903618674592312043e+00
-2.908348024539691323e+00
-3.132830883419360113e+00
-2.544442616736755980e+00
-2.763207704133127329e+00
-2.829738096696441829e+00
-2.904024785511956530e+00
-3.075862192609581935e+00
-2.806476614582229967e+00
-2.716367222234489009e+00
-2.815061335294722689e+00
-2.739536061005585221e+00
-2.829097675446694105e+00
-2.918561466643770252e+00
-3.017400023670420595e+00
-2.865962643758424466e+00
-2.773041805573930763e+00
-2.755938917824604761e+00
-2.996682723277770855e+00
-2.881808396897271418e+00
-2.854550690002364721e+00
-2.782931443687016504e+00
-2.797769832383301569e+00
-2.635398544914535179e+00
-2.900563946854115560e+00
-2.772015120491620799e+00
-2.465902152488255616e+00
-2.521518377320275839e+00
-2.244120246801028173e+00
-2.457248063858705756e+00
-2.418277891517225608e+00
-2.330868578001284774e+00
-2.403569451870130713e+00
-2.445538299467756360e+00
-2.304980296687961339e+00
-2.342236291346578625e+00
-2.253482247975429509e+00
-2.196501193321879430e+00
-2.098444243656194530e+00
-2.098973504259356915e+00
-1.971644945308054897e+00
-2.128357801471921551e+00
-1.989168576158453661e+00
-2.066125440414642078e+00
-1.660481044618622226e+00
-1.932172695604416290e+00
-1.912472340062110199e+00
-1.806596866459448947e+00
-1.821662336300441165e+00
-1.755184366642936977e+00
-1.804292405846483316e+00
-1.837274531029638336e+00
-1.960835861163651384e+00
-1.872069612429685614e+00
-1.714665994528336013e+00
-1.784677197094470591e+00
-1.638603690018612058e+00
-1.712812707127856715e+00
-1.633057504989899211e+00
-1.529232980227360095e+00
-1.532104866633737794e+00
-1.547185904195372386e+00
-1.524509998712695102e+00
-1.451551248751515644e+00
-1.460277304397623599e+00
-1.523375172121068877e+00
-1.374026759392799280e+00
-1.334466136669884229e+00
-1.368354467172777866e+00
-1.800282164306225452e+00
-1.981965068317645740e+00
-2.252030481529484263e+00
-1.782785497931053120e+00
-1.826699008215558750e+00
-1.782710776041279033e+00
-1.446464686296388136e+00
-1.515401043979903717e+00
-1.521165894016122566e+00
-1.501471893199764818e+00
-1.482383024054383824e+00
-1.285558663301731741e+00
-1.328879519051001212e+00
-1.445430095385323188e+00
-1.176295246589692312e+00
-1.263492328466561343e+00
-1.274035996568866125e+00
-1.267088532838878567e+00
-1.105998037143063550e+00
-1.135204481245832842e+00
-1.348160692667902616e+00
-1.371210836841609826e+00
-1.693847647477484841e+00
-1.460301698122772773e+00
-1.393553828348416790e+00
-1.325425040203499716e+00
-1.270752040444960151e+00
-1.389011187912531753e+00
-1.463915081174799182e+00
-1.473244471555390289e+00
-1.465156894596640003e+00
-1.334519001891464551e+00
-1.473488964100402088e+00
-1.158134479938320416e+00
-1.110998885488255539e+00
-1.542040124093679854e+00
-1.210131606177574648e+00
-1.854544230896547408e+00
-1.532428465743726154e+00
-1.288111052175482385e+00
-1.381166869998493807e+00
-1.352379166050434733e+00
-1.157451425671707668e+00
-1.275789087152982004e+00
-1.422839909847130491e+00
-1.305455985499230698e+00
-1.171774027025254350e+00
-1.057339914598958153e+00
-1.107847145736700067e+00
-1.545617578455042329e+00
-1.644228831862539320e+00
-2.196909562103843250e+00
-2.330114994526153449e+00
-1.698172408710933556e+00
-1.259013017437810467e+00
-1.249942787232609653e+00
-1.837749654465298255e+00
-2.257248735260720007e+00
-4.321258180914867353e+00
-4.113637779455983079e+00
-3.953131059198033981e+00
-3.802841295114780529e+00
-3.746885592794301445e+00
-3.735366160073967823e+00
-3.682253562624804744e+00
-3.448250560733516767e+00
-3.458714355678537800e+00
-3.456731017639985026e+00
-3.355126916947351656e+00
-3.325968038575610297e+00
-3.129948983986325928e+00
-2.802452938653271275e+00
-1.723796992343177736e+00
-1.006375902057009109e+00
-7.687860926113719851e-01
-5.415350869172997905e-01
-2.173699734069393097e-01
-4.326784002515978583e-02
9.450186469306814940e-03
-6.364574570344176951e-01
-5.834754442358712767e-01
-4.090485913367455373e-01
-1.327081106870229066e+00
-1.786413123463524100e+00
-2.340915021926521788e+00
-3.220032601349292811e+00
-1.983881687478938005e+00
-1.086464887994182504e+00
-4.520580867389878410e-01
-3.123133534570613490e-01
-1.030202711914000729e-01
8.135456513829177061e-02
7.677708380797182430e-02
2.952054504755344255e-03
1.948501630147876640e-02
1.620455922145710437e-01
2.422840330336212267e-01
-1.426565296320715381e-01
-4.106006558313668453e-01
-1.058950810281977351e+00
-1.373720416494144558e+00
-1.755545033693125090e+00
-1.701312289909064024e+00
-1.392896362122567178e+00
-1.079127758998401410e+00
-9.660924742935543819e-01
-1.691130611012560792e+00
-1.167335178882514146e+00
-5.424701209576889838e-01
-1.083771717691865005e-01
4.206389197864557894e-01
1.359621719421912345e-01
-1.393338368008725618e-02
-7.530202319687405443e-02
-2.912197183004193168e-01
-2.478755822188310753e-01
-1.686967871295553256e-01
1.355303126457896856e-01
1.111206897734736132e-01
1.602944448487243212e-01
-1.781838892012765907e-01
-5.404403557580689244e-01
2.464458089175486644e-01
4.193740066051498405e-01
7.587052680512944569e-01
8.688100768924520434e-01
9.654631845525033507e-01
9.204499667109580230e-01
9.910211218326188121e-01
9.319069735410492328e-01
1.146815963744601374e+00
1.098021789405305038e+00
1.128279951524722824e+00
1.105614783232297560e+00
1.171135581616706167e+00
1.068533160561213835e+00
1.164207955208284684e+00
1.263542018861327554e+00
1.413599972450576781e+00
1.377402213141279974e+00
1.416362551644482437e+00
1.521906795625042497e+00
1.495202616385474581e+00
1.094840231089291294e+00
1.519771492850756855e+00
1.276867531442604120e+00
1.102892976123554858e+00
1.300284257575190283e+00
1.143407727253748840e+00
1.306691896393067376e+00
1.260302612290503887e+00
1.311671777390943872e+00
1.286671764430705966e+00
1.450742274577486945e+00
1.163579958276133031e+00
8.502213521326816847e-01
-8.175431435727992246e-03
-1.353785368199825534e+00
-2.646326698819897683e+00
-2.104883098622401416e+00
-2.558692640888227121e+00
-7.317498090645402353e-01
9.748681309417413232e-02
5.972679475691290707e-02
2.910630008743381875e-02
2.867192498735759987e-01
4.118383716688130969e-01
4.445254899659553671e-01
4.561405411273541377e-01
4.152154368073828622e-02
6.343032890040717353e-02
-1.245773673258391279e-01
4.219179054180158955e-02
3.276118405856928706e-01
-2.013020962564769922e-01
-5.161770915901496837e-01
-8.750336797465782523e-02
4.034701669590795570e-01
6.108408873650020832e-01
3.320839097091473624e-01
4.811609244267461838e-01
4.257369910935431823e-01
7.487015804940033714e-01
8.193771460804381013e-01
9.641265444898955428e-01
1.021638631576714085e+00
4.731487448546506380e-01
7.715912768530971411e-01
1.145330066116031720e+00
1.032899504859332129e+00
6.753408884575640148e-01
5.334486920618332073e-01
6.539020023374900736e-01
9.218013735195027536e-01
7.088340774602889249e-01
7.034366870942507788e-01
1.030216033387111985e+00
1.073762162270666343e+00
9.686067137689353679e-01
1.077219942014906451e+00
1.078092819312947981e+00
5.666124512541262925e-01
6.418247918766035731e-01
7.673850007983652466e-01
-9.521125161312102847e-01
-1.063492369935755022e+00
-9.156791874113552332e-01
-2.631262068251962183e-01
-6.399849818422874703e-01
4.504912080626657933e-03
3.016753035048799214e-01
1.824879416069096205e-01
7.411127764112599436e-01
7.126229867264148865e-01
9.802139083716366885e-01
1.143548572678013464e+00
1.168878370433666047e+00
6.296046884324085768e-01
5.358595869989402072e-01
4.024293137712884882e-01
-5.705489667754096716e-01
-1.105547981694402271e+00
-2.025961740980957160e+00
-1.862215870088078873e+00
-4.955281849641868241e-01
-1.517377754354134689e+00
-2.267058670552928756e+00
-1.233260296657710864e+00
-9.644200310375690144e-01
-1.518884505627673187e+00
-2.592381399454226631e+00
-1.792201706189777921e+00
-1.123015968597360636e+00
-6.244498300449929928e-01
-1.335206188829095864e-01
-3.909405959909551670e-02
-2.250352445640484977e-01
-4.796327013876838796e-01
-6.141770419163978811e-01
-8.340728417435350206e-02
2.698246769848767213e-01
4.552935751878774973e-01
6.370501733045004222e-01
6.008237126133606498e-01
6.727351599565846163e-01
6.567340957997187534e-01
6.007687482009020918e-01
2.175692101625776864e-01
4.036752893901019434e-01
-2.447377744060745819e-01
2.130902884467263947e-01
2.814600472049301194e-01
1.338570810142094281e-01
4.447667876723132574e-01
6.302207893576824427e-01
6.925909377703837189e-01
2.733933443313635858e-01
8.603560123183228159e-01
5.997930135171051225e-01
5.927381424945445954e-01
1.655425550256547917e-01
2.411312328671934846e-01
1.314245959961655164e-01
9.345372613181862631e-02
-3.494937536129838485e-02
-1.279251631665190292e+00
-9.250648701586583478e-01
-1.496094043427293130e+00
-1.992975593044150395e+00
-1.128798392356184621e+00
-7.197915342658776083e-01
-6.788673683123386260e-01
-2.055424398389052776e+00
-7.602072382801220440e-01
-1.092532143577791270e+00
-1.899583302047784805e+00
-5.912711726292447789e-01
-3.071784689134106072e-01
-4.739747563537436426e-01
-4.187296838833745038e-01
-9.524121885736049897e-01
-8.869648456370093914e-01
-1.102483042691210363e-01
-8.056467217184530849e-01
-1.057961931324436389e+00
-1.738030660234157310e+00
-1.270178725579761414e+00
-1.440794521415737384e+00
-6.353655440601340132e-01
-2.130813917672242042e+00
-9.717349441454012915e-01
-1.426906694449072699e+00
-1.417513624896903801e+00
-1.976780487611567994e-01
6.714770493458598333e-01
6.896984405053645517e-01
8.955478471757778447e-01
5.972777720614428354e-01
5.969447815321782258e-01
-3.671281127631806362e-01
-9.835958445863217658e-01
-6.524369641272480536e-01
8.975478479643972385e-02
6.814925947442713738e-01
5.654294117076836823e-01
-9.210355299932113660e-01
-3.157933714521584667e-01
2.789842919561145163e-01
4.209845654365447221e-01
7.246463166680658929e-01
6.734846042660932453e-01
8.200187067594312262e-01
8.462174251187819518e-01
6.118053702814990613e-01
7.916191110433168365e-01
6.422489118003109621e-01
5.964080654830697936e-01
6.149680265443361327e-01
5.235660310997827249e-01
-6.154671975344867541e-01
-2.051786649043741417e-01
3.381473349241599369e-01
6.219320055454947704e-01
2.358070844534429500e-01
-4.556991755682648915e-01
-2.456292066120369100e+00
-1.726117689215146633e+00
-8.011224812672778084e-01
-9.248490275626319868e-01
-6.024936002806466351e-02
1.626937372869532716e-01
-4.387857187160507100e-02
-2.629708398146370918e-01
-3.325874054337096264e-01
-3.158582180483219259e-01
-6.631706790086218106e-01
-6.147632269179054143e-03
3.563222040776352628e-01
1.970818469095394487e-01
9.709747847624167205e-02
4.162615905622402690e-01
5.291696296924212062e-01
4.395352535144542716e-01
1.386236241941614933e-01
-7.914347364387350758e-01
-4.471465081981859102e-01
-1.259862495251580450e+00
-1.696661445022560111e+00
-2.224132179155558386e+00
-8.366787469522468657e-01
-1.741068022749747701e+00
-4.556112944403081233e-01
1.447170843418659203e-01
4.819675929975863471e-01
4.445088750357600316e-01
3.021820345780328876e-01
3.927650628104791264e-01
-1.615064006547880515e-01
2.282277496718996823e-01
3.808555201135892521e-01
9.206186607174426939e-02
-8.927795970164457140e-01
-5.193379699210323164e-01
1.789142923400630081e-02
-3.562758214292272574e-01
-1.747622024174127375e+00
-6.502652269777289273e-01
-1.153661555547631057e+00
-3.715613079821734055e-01
2.499539411316046844e-01
8.209283047052917670e-01
6.619861736877747926e-01
4.877795803576991385e-01
-6.881558973428152370e-01
-3.462147841266476345e-01
2.642902246982145043e-01
-2.572782120259894945e-02
-1.610953627498776353e+00
-3.666653809538138464e-01
-2.492699534021265706e-01
-8.313698479362666705e-01
1.641880724657283630e-01
8.638651197601418530e-02
-1.521346791527870002e+00
-1.672187169390106032e+00
-2.494761756254778362e+00
-2.000156478221174261e+00
-9.219412483485019960e-01
-1.008892803574738872e+00
-9.647475624107967329e-01
-8.358428033349158959e-01
-6.618809955150790625e-01
-6.233558158294014717e-01
-6.300829077651511900e-01
-3.479352235912416269e-01
-8.765706674182680569e-01
-1.810335644600104821e-01
-2.465020484908617693e-01
3.452513195744985608e-02
5.129716920866006502e-02
-1.139933284171342903e-01
-4.602020956914691929e-01
-2.800962267122556471e-01
-5.229565461582847963e-01
-1.321539411972105782e+00
-4.122047387382820061e-01
-6.210264476038280801e-01
-7.584427756166921553e-01
-3.165183583846343240e-01
-8.376942564709829453e-01
-6.759379043042512691e-01
-2.516041362737634346e-01
3.309996070454809813e-01
5.464536966232389492e-01
5.595283797051751051e-01
2.994594204869653331e-01
4.308936171695093575e-01
-4.693748811202608229e-02
-2.428947719591342813e-01
-2.495766724486016552e-01
-4.810829127381479609e-01
-5.163368072197788150e-01
-1.005199360601818637e-01
1.009476116094436549e-01
-9.357840889566668152e-02
-5.174278427259593194e-01
-6.650847277035860650e-01
-2.127273680631386998e+00
-2.944836937975022995e+00
-2.808156605566143327e+00
-2.793026036072333795e+00
-2.437053613001795238e+00
