2.687494765859606005e-01
2.433519093174894010e-01
-9.125635657296538028e-02
7.245135481976650027e-02
2.483546654489203753e-01
1.882713398246025349e-01
-1.556332326598202087e-01
1.848986968884664961e-01
-9.699661535585502037e-02
2.967265689479834379e-01
-5.649762493444021594e-01
-5.930147215336729616e-01
-3.644266835333276333e-01
9.771931731403382670e-02
-5.832172095779331045e-02
1.371325849259363849e-03
2.722252532533575575e-01
4.106564057760451192e-01
3.884275309288627298e-01
7.093606162953305372e-01
6.679010912605585215e-01
7.033156029986016300e-01
8.979275386666394354e-01
9.633504167359632220e-01
9.127760444685053542e-01
7.813230765110175113e-01
9.866406585394242867e-01
5.517246483600466433e-01
3.761318618529747582e-01
2.482513190508415235e-01
3.011082825724535894e-01
6.453645185303740206e-01
4.388884994513260196e-01
5.200312929048998001e-01
5.636920262397469017e-01
2.922788245896406067e-01
6.230492398713236568e-01
4.664038774787337971e-01
4.835025253495643938e-01
5.158292633819661077e-01
6.596168168788079100e-01
9.408999819883199223e-01
6.637643101131471823e-01
4.096828213853633827e-01
3.827303563210024961e-01
1.083567197083805667e-01
4.704206320373041095e-01
6.957271334653905015e-01
6.678585205087053112e-01
5.115694468023952446e-01
3.994561115584804867e-01
3.350529683183922636e-01
1.591011852281720707e-03
3.516391571245240932e-01
1.526365499788315816e-01
3.131116362405297338e-01
3.874581898416629144e-01
1.100496285224838999e-01
7.689912774354219493e-01
5.698151935654305333e-01
6.804548252255964158e-01
9.067910645389698487e-02
5.923753700671241518e-02
7.429270420037514810e-02
3.001209105046154235e-01
-9.479621582609620845e-02
1.067927266108501527e-01
-3.359849262306580098e-01
-6.277006746849194130e-01
-3.842361165659093913e-01
4.141868714212981750e-02
-3.870755799095433325e-01
-7.959702669160018118e-02
-5.763521651119640765e-02
5.184146846146090448e-01
-1.564927888660974098e-01
1.997605307127936491e-01
5.993322581127777937e-01
8.110509958493654636e-01
7.221583263374362627e-01
6.868531387666110266e-01
9.062019892509471930e-01
9.769199331245426166e-01
6.219302865657683199e-01
8.508548740663224308e-01
1.011456211968105645e+00
1.185638834811690856e+00
1.057755713445772017e+00
1.065771989897600136e+00
1.119855462896710563e+00
1.271683946233443940e+00
1.053330307456445070e+00
8.392372338494915596e-01
8.409617902798487421e-01
2.613560474564389224e-01
3.849111899510750945e-01
5.824855147824199442e-01
8.332803127213628258e-01
8.440564927102549575e-01
7.129773686004119426e-01
7.461295085448509390e-01
6.782280712816679547e-01
8.310319598576205724e-01
6.911810804102929140e-01
8.024150130718608054e-01
1.096412709379217532e+00
1.253812738576018493e+00
1.100610179964526480e+00
1.099641753634981178e+00
9.269510262607019158e-01
9.259554401653580236e-01
8.432892777277496421e-01
9.499940639407076226e-01
1.534397211654514592e-02
-3.234519164214200160e-01
-3.611607664383544858e-01
-3.612953533134106721e-01
-2.455560445296525174e-01
-1.692706426379491091e-01
-5.326018820953848376e-03
1.818751185733278319e-01
-1.368226054702064154e-01
-3.197440193246028350e-01
1.560691552530872883e-01
-2.069722552438602037e-02
1.185890699475162791e-01
3.628378479481786378e-01
6.029824142267345977e-01
8.271869274976388908e-01
4.634196875344924749e-01
9.684480232248642295e-01
1.297568047607231101e+00
1.224174489269077348e+00
1.132867273340354863e+00
1.227925316978928372e+00
1.276337159991601133e+00
8.489214165166076853e-01
7.554912724565572280e-01
1.096462138930478059e+00
6.551831705967376962e-01
8.589821724495694255e-01
-9.504108077612265504e-01
-1.357908813807234161e+00
1.607002071451901770e-01
6.599632349880675264e-01
-1.221781218436759797e+00
4.506183038054301093e-01
1.219639622053234618e-01
6.121095385909978148e-01
-2.063477296699633090e+00
-2.883692463966963437e+00
-1.581709912610928637e+00
-1.006044774905524797e+00
-1.865692288980929536e+00
-1.748144286334162967e+00
-2.433109814290138395e+00
-2.391581665867841267e+00
-2.198667531727295454e+00
-1.978071315030574873e+00
-2.245604946794929724e+00
-4.214637974143623289e+00
-2.375915693436331466e+00
-7.018722571992686010e-01
-2.034891903016862180e-01
-3.007619190840893353e-01
6.361768604777395808e-02
5.822775454099868853e-01
4.845270297157289185e-01
7.252631327068539413e-01
7.833380843755866074e-01
9.642383078395089235e-01
8.802152745982647630e-01
3.437633196589124918e-01
1.032850392156011043e+00
1.051312338489286624e+00
9.830749383638188732e-01
1.081562057944586375e+00
1.237227491293087178e+00
6.699538252412526873e-01
1.057690832141177317e+00
6.784195999170767877e-01
1.126854797300454791e+00
1.059211851383569769e+00
9.054051666852114266e-02
6.211634386310294076e-01
7.196502481931670303e-01
8.622408687931994997e-01
1.356889516649419924e-01
5.188490581957660996e-01
4.351242580425549455e-01
5.797477007644675773e-01
8.963323388547810300e-01
7.631001294076629193e-01
4.252548588159852372e-01
6.062075637627626357e-01
1.583817641419704714e-01
6.888825534104103809e-02
1.687615516193279319e-01
-1.052258240350726570e+00
-1.224684112302565353e-01
-3.540229052652614783e-01
-7.266194891059107874e-02
2.330088670938943451e-01
-3.367031827031681246e-01
-6.210490031761235485e-01
1.195305955955716648e-01
-1.603059985419141853e-01
-2.192787793026953480e-01
-5.153793858968112040e-01
-1.039829353844778481e+00
-2.646399343569240337e+00
-1.495018546753870581e+00
-4.214543676916440162e-01
4.277561478900171466e-02
-2.656630976434288804e-01
2.330321124295785529e-01
4.014243898527523058e-01
2.922849930624176196e-01
4.251501702846565145e-01
3.202305801939215879e-01
6.215194540528863332e-01
8.086353563737203043e-01
-1.865109328412148937e-01
-2.021170600615395774e+00
-8.343819053520782347e-01
2.968365385453397565e-01
1.336705302994349864e-01
7.623909804968445059e-01
5.567300870180940109e-01
3.471632602572061188e-02
-1.884616695882384008e-01
-9.435181530560372565e-01
-2.031515744289586145e+00
-1.964069903577391418e+00
-1.290085670847707089e+00
-7.679038776337838712e-01
-5.662189638372332467e-01
-2.994289477043532988e-01
-2.555120684594283098e-01
6.483052062777883151e-04
2.682292729831989853e-01
4.357122016062207059e-01
-7.011412272654107269e-01
-1.926153556894099061e+00
-2.217547908479124974e+00
-1.618679272010490777e+00
-1.031343310691535731e+00
-4.962985842683136362e-01
-7.575489453781517613e-01
-2.931733855696204705e-01
1.652865264424312475e-01
4.675934620376291928e-01
-3.143486149825092113e-02
2.553476997177834829e-01
-9.361168154437273792e-01
-2.655876577008441375e-01
2.601099169264767808e-01
3.669112359240074284e-01
-5.441841508352558421e-01
-2.464893461265771357e-02
8.724552271544228077e-02
2.642639755405824520e-01
7.873316597100696868e-01
2.541577024598076218e-01
3.104295857532335390e-02
8.653072550205085367e-01
1.049059868662657324e+00
5.020047819683046697e-01
3.656677836079573751e-01
-3.449185253312183619e-01
3.938926779985361115e-01
-4.262405808989075950e-01
-5.196661806825497720e-02
-2.055538964234021604e-01
-3.349012113262466173e-01
-6.742622384329717278e-01
-6.602320506813619261e-02
-7.173356715895196078e-01
-7.609099572785145149e-01
-1.049691320529414273e+00
-4.944778610079976211e-01
-9.370354559051312648e-01
-7.868466903267865575e-01
-9.778329327134653859e-01
-5.873231255580413368e-01
-1.116043728654760425e+00
-3.816637438643386560e-01
-7.148798057025040897e-02
-4.942821971188404717e-02
-1.449439913199414454e+00
-3.361755286086347549e-01
-6.958131922620376386e-01
2.205613690507624014e-01
4.618561336917876847e-01
-7.986202888907034669e-02
2.282642371656073976e-01
1.552315702779587525e-01
6.282494795920714470e-01
7.109814565565404365e-01
8.104318174476756731e-01
4.441342226554905182e-01
6.368391947538700748e-01
9.681511933531394831e-02
-6.903427708371374649e-01
-1.451256913104631341e+00
-2.357631535123736910e+00
-1.413287904473834011e+00
-2.468136106940833407e+00
-8.432825134985799664e-02
-2.416939850369198783e+00
-1.593259041155798972e+00
-3.317901904727875717e-01
-5.514625309210128279e-01
-2.241770440612316229e-01
2.507034781589951855e-01
1.281602963360806147e-01
5.121433960635171090e-01
5.268117254744315581e-01
4.201875884544516992e-01
2.566722333398967493e-01
2.191600191976692535e-01
3.799725074859026108e-01
6.248294955134809925e-01
8.722537943800643401e-01
1.314502993150272747e+00
2.545829857324823919e-01
-2.360546904817837799e+00
-6.723047015828398365e-01
-2.521235914219541741e-01
-2.841276589283146858e+00
-5.506506786721516722e-01
4.264785868414522341e-02
2.028918286530645432e-01
1.873455926924592063e-01
-2.579708507696647501e-01
-3.983765425636169866e-01
2.570389048194710035e-02
2.410155697885176806e-01
2.788094848702762363e-01
2.219075744990779420e-01
1.508394830557424626e-03
-2.203104466564598241e-01
5.320284697958692632e-01
6.778210746362538508e-01
3.235845414686977506e-01
6.211407549341512180e-01
7.586913404022319618e-01
5.263810896741367706e-01
3.472165852121680274e-01
2.574020872874909216e-01
3.195437399448182170e-01
2.876383565611151383e-03
2.432862074906849692e-01
6.187049728229592205e-01
-5.360660297309656208e-01
-6.279407968739301182e-01
-1.426618866418749576e-01
-6.984726377879093562e-01
-3.334563762928777209e-01
7.214036884493766344e-01
8.658212216139804518e-01
-4.830035967825216936e-01
1.058494321533847149e-01
4.843564274756513299e-01
2.431660800432241532e-01
7.433659408873731778e-01
5.650091263377747808e-01
3.635107511420184734e-01
-6.995329598641800151e-02
7.518262483340631963e-01
1.700693023068046816e+00
2.318821829820043590e-01
5.366518535809707835e-01
7.239501616292254305e-01
8.070145800021966132e-01
9.537901926371472605e-01
6.562506028204477815e-01
9.440677568088555738e-01
7.644349240011731883e-01
5.440230039657911743e-02
-2.679585538782318643e-01
1.765112264798984754e-01
4.882279937351068355e-01
6.073914738295567162e-01
6.591317643159171347e-01
5.745694352477892508e-02
5.010949893316398729e-01
9.579269702949151366e-01
5.058852736172061437e-01
6.588948291668210722e-01
6.509396157616604839e-01
3.592290476364219387e-01
4.718606638952055343e-01
3.501983917322097906e-01
5.637661192841383340e-01
-3.360478743004069457e-01
2.374336555042830810e-01
6.091740031885515272e-01
6.226089689195006827e-01
4.959969272259718842e-01
-4.760689806722151474e-02
-8.154617223272424553e-01
-3.521034439055252818e-01
1.591216491769339436e-01
5.881280692600796556e-01
-3.574427404761228999e-01
1.848297220920125383e-02
-4.243371915429339225e-02
-4.013471138565547491e-01
-1.723735458627788208e+00
-1.745023939714692940e+00
-5.645655832271367913e-01
-2.090763915672892992e-01
3.069064729753343546e-01
1.174488411824299305e-01
-5.634192329732208293e-01
-5.372832453235107941e-01
-1.353924980707867931e-01
-2.397691623442512743e-01
-1.680029675740934980e+00
-4.669633313368786176e-01
7.803621258880610867e-02
-5.968455107636927437e-02
-1.215408161690769262e+00
-1.362146429596561514e+00
-1.308597004206371039e+00
-1.167148227386562098e+00
-6.978492481049771712e-01
-1.074585346139300457e+00
-1.950656778297931382e+00
-2.239076374446770323e+00
-2.345383235867061877e+00
-2.056250694238649146e+00
-8.425013825063245587e-01
-4.826171101471761204e-01
-1.534503275797121091e-01
-4.058030467211128922e-01
-4.040051681666207983e-01
-1.027357671639844483e+00
-6.356609023436228245e-01
-5.718496945231965611e-02
-8.290838407637939333e-01
-7.179141530344302913e-01
-4.420262797342892069e-01
-8.739346550064358565e-02
3.299057910481912881e-01
9.184583290711767489e-02
-6.702662430409149774e-01
-3.605838597408130841e-01
1.254724033148566509e-01
4.492964882664689519e-01
3.318035280027207268e-01
4.173143347021068816e-01
4.624288960387767933e-01
5.129319699809214983e-01
4.627976157595707907e-01
3.172222558763106992e-01
6.188481223379801444e-01
5.782036350304908812e-01
2.913495722940853128e-01
-1.015843429705655332e+00
-1.816447437195914283e+00
-1.399442767154693179e+00
-1.414568913420313656e+00
-1.794425850037890235e+00
-1.338728514434561312e+00
-3.654948678603942014e-01
-1.010632479591704325e+00
-7.244486107064709302e-01
-7.812870995381704375e-01
-6.523574959621374347e-01
-2.370172731697197221e+00
-1.358494112530002962e+00
-7.234200729979476385e-01
-3.593527262940812150e-01
-3.682009338260852083e-01
-1.416962569825344742e+00
-1.689992622888214724e+00
-1.218693324720440785e+00
-1.943967246212239708e+00
-2.209772118491947879e+00
-1.421195176394662418e+00
-2.592819256158182206e+00
-3.329721293260307746e+00
-1.494530481770129260e+00
-1.533966107480772001e-02
6.122041573509173773e-02
-1.717065341386336819e-01
-3.536708654160602983e-01
1.413556378645060008e-01
-2.526791364493471415e-01
-1.415185364307377514e-01
3.623335424759992485e-01
5.108773324283948369e-01
4.971613814923033781e-01
6.398023291627535913e-01
4.758721293077154968e-01
6.618077501237019655e-01
5.117518950817514511e-01
4.288560635390149534e-01
3.959309460332338659e-01
-4.816121579538684694e-02
-1.515567992685864951e+00
-1.132321327301134772e+00
-7.086801608738290126e-01
-3.124202992015359115e-01
-2.891356469762436099e-01
-1.439304981693620977e+00
-1.058707716242531571e+00
2.434162390836649426e-01
-4.261453909767810577e-01
3.762058448910523545e-01
6.336013440658581075e-01
-3.976313542600606876e-01
5.459090468241170058e-01
5.692313678144165223e-01
9.144837986364851012e-01
1.082948447604688669e+00
8.613374958647721513e-01
8.400647579570403867e-01
6.479720564806542571e-01
7.268557959011205938e-01
4.126038953206738746e-01
-1.582521979565632009e-01
-1.714116299346250649e+00
-1.092758033866624068e+00
5.229657129270393057e-02
5.673935751931824534e-01
-1.290102046360328103e+00
-9.616742456577132003e-01
-5.535425395811346405e-01
-3.168755082342222806e-02
2.164775381612811245e-01
2.796777223775332999e-01
-1.540048969696556469e+00
-2.534977732100029080e+00
-4.942542684982229595e-01
-1.746893724050454288e+00
-1.071432904289383092e+00
-1.888985670722271415e+00
-3.185848153607262923e+00
-1.224103490112708137e+00
-7.322864136190392337e-01
-1.228625683121816525e+00
-2.911968514710512324e-01
3.085387395137086930e-01
2.951312768188685265e-01
-1.250816644579209047e-01
3.067628402977495838e-01
2.655988167029859071e-01
-1.271697001896661128e+00
-4.398424816452073394e-01
-1.915009115320733812e-01
-2.856439002528134985e-01
-6.301086677257707880e-01
-2.082656543430373208e+00
-3.378201904292407853e+00
-2.336725206817740208e+00
-1.901882549258418820e+00
-1.172447220049099181e+00
-6.098102010158559239e-01
-5.848484587770483856e-01
-2.226106713129292647e+00
-1.592584012080628053e+00
-4.729379587345396985e-01
-1.895680817622562575e-01
3.655133886795969289e-02
3.953416223086017034e-01
-3.109185438459860507e-01
-1.134054801958521486e+00
-1.294578401102308707e+00
2.263231412328448044e-02
4.689612342367499576e-01
1.927239879108264553e-01
3.512778512669758602e-01
9.305502547010413572e-02
3.491345960969289841e-01
3.487826883023181779e-03
1.676153303731386934e-02
-2.045203311072021357e-01
-3.917149486431075189e-01
-1.575747316749302129e+00
-2.374328114474027807e+00
-4.062643060140390894e+00
-2.798398785497770547e+00
-1.412655942090986105e+00
-1.212497729118530376e+00
-2.184229276542188458e+00
-2.620255681002654047e+00
-1.318740153665462600e+00
-2.047035628217961367e+00
-3.127627653461656720e+00
-2.075810167721271249e+00
-2.531485497046868538e+00
-2.287886588753273998e+00
-4.237092919753466802e-01
-1.087316355571654736e+00
-8.354269898705188879e-01
-5.721682278818143175e-01
-1.166603187870152381e+00
-3.690495101134505518e-02
-2.934482593771110537e-01
1.539713026630026294e-01
6.062596585453046139e-01
5.604715751603497331e-01
-3.275599727742228851e-02
-5.479275949380282285e-01
-1.418042827207717682e+00
-7.367433618372221105e-01
-2.699440660991596630e-01
-6.457714358257060638e-02
-1.831696438295633556e-01
-5.569245620987688383e-01
-1.249072685131729976e+00
-2.684752007964054332e+00
-1.383276967405264068e+00
-1.473454691469231470e+00
-1.355901505111666516e+00
-9.486087531576368193e-01
-1.260461282648460468e+00
-2.367938022929199526e+00
-3.510151777374773907e+00
-1.581768641545180598e+00
-1.127527444063860074e+00
-8.202800761709023725e-01
-1.860838751421448833e+00
-1.289143266411016064e+00
-2.089218439428610630e+00
-2.063574860842867231e+00
-2.268995515293535270e+00
-1.117154460872177069e+00
-1.253517515700114160e+00
-1.759262342876751539e+00
-1.703666889107055660e+00
-2.312677643525754334e+00
-9.708967515731474762e-01
-3.544212345829595989e-01
9.319712672493096761e-02
6.614075314810419215e-02
8.035132315707271822e-02
4.614819337838138580e-03
1.740137453764356579e-01
-1.392735843756085501e-01
5.372505853791764707e-02
-7.986285375210746551e-01
-2.769212593675713485e+00
-2.003745732985263928e+00
-1.002314881322511564e+00
-1.384828551344997827e+00
-8.596149897837097598e-01
-9.309750133106273751e-01
-2.887394860765971627e-01
-1.120485654055501712e+00
-8.044513616332142902e-01
-1.104104989510618751e+00
-1.819771060390713124e+00
-2.699454248080166430e+00
-2.655265374922714194e+00
-2.149798904114761378e+00
-9.888247217747636597e-01
-6.795725331683746262e-01
-1.779751589318285809e-01
-1.774812225842978819e-01
-1.495782314868367990e-01
4.486652338000229889e-02
-5.423303096225726705e-01
-1.811109972556028680e-01
-1.931897060824489254e-01
2.743948395260029649e-01
-7.450836667665325375e-02
4.340178255474902436e-01
-2.678195590198000353e-01
2.532938235034549734e-01
2.994788459970677552e-01
-2.315080698557214767e-01
6.700664290850455451e-02
1.626950291148947514e-01
2.740031394667332698e-01
-6.087353944390612170e-01
-3.119293666214206784e-01
5.714360056409528710e-02
2.124668414566182051e-01
3.359327809964121059e-01
3.659831717951185226e-01
-5.251680812768277917e-03
-3.973910193651439826e-01
-6.974631471857533072e-01
-5.817428622088458567e-01
-4.117081695506454864e-01
-4.311403100976738401e-01
1.680714818414759115e-01
2.917610787344528944e-01
-3.414363327005647264e-01
-3.859567674424901895e-01
-2.010447703132374198e+00
-3.790200970671504521e-01
-5.809846598391217309e-01
1.309706149843068435e-01
4.168772218633653992e-02
-4.033444253277840286e-02
-7.037053504450598851e-01
-7.806410055413329774e-01
-9.948938592823999283e-01
-4.180646505560761117e-01
-5.475256397591558022e-01
-3.355614530957226616e-01
-9.054680732728637160e-03
2.271571687022710950e-01
2.513337890630795712e-01
1.118411355688939679e-01
1.559567813792552826e-01
6.241855443134847192e-02
1.071036262326563460e-01
-8.945646019473185717e-02
1.076992153432376753e-01
1.194762185135664900e-01
2.148760951779697947e-01
-3.015772151439843896e-02
-4.629602949308431192e-01
-3.420492624868654019e-03
2.171230481839421245e-01
-5.696505782060290457e-02
-8.176385099301330950e-02
-2.863280337179473500e-01
1.251390082730324815e-01
-4.136990109707712193e-01
-1.778319656440149610e-01
8.104884367366627096e-02
-6.734607119595326097e-02
-9.785393684803562753e-01
-6.629729069891645565e-01
-4.884306680859457073e-01
-2.361773621999674333e-01
-2.313222677641668668e-01
-6.392019674589821676e-02
-2.681288745261838358e-01
-2.593459364529202560e-01
-2.748245792006027699e-01
-7.113724806406009904e-01
-8.591068463078270767e-01
-5.728562432290593698e-01
-1.370605098477644113e+00
-3.607789604792699389e-01
2.918091686204504764e-01
3.282928667257616340e-01
-3.199374461959862970e-01
-7.124702962053381938e-01
-1.536502789178921358e+00
-6.167684375458968304e-01
-3.409354700773521429e-01
-2.544195815563599083e-01
-3.711192119602291228e-01
-5.529450183842055111e-02
-5.473120611587960482e-01
-1.908674041640199270e+00
-1.945952983355513588e+00
-7.612116999193361266e-01
-1.133342255942083598e-01
-2.227009272952601981e-01
2.171233808337305060e-01
-5.936085811761049325e-02
-3.922925769405352092e-01
-4.127133578811905679e-01
-2.694115385640736271e-01
-8.134357555479709845e-02
-1.313817234744814044e-01
-7.208293132156580185e-01
-1.362796632597192303e+00
-5.031147782184377526e-01
-6.149431932217730434e-01
-2.655761902727826751e-01
-2.903007469631884163e-01
-6.353818170371567930e-01
-3.468127739373692009e-01
-3.613495817668548327e-01
-2.217876021011090160e+00
-2.539718570504961193e+00
-1.894543991493154333e+00
-3.573020309220219515e-01
-2.617551203584356223e-01
-6.515641653238466446e-01
-1.052559771471450745e-03
1.467257145401924534e-01
2.065309942902637808e-01
-7.034366578262929437e-02
-5.634714307902903840e-01
-8.158952136259038923e-01
-4.692534491386952666e-01
-9.230468497887187596e-01
-2.380169277772405501e+00
-1.846485932168167032e+00
-1.487621079198756746e+00
-1.557203718510918655e+00
-1.801801522224244501e+00
-3.004269701926459923e+00
-2.135040719143669996e+00
-2.480107984303915991e+00
-3.234117014157538605e+00
-1.620488468883906297e+00
-9.293874699530351169e-01
-3.046061375062381060e-02
-9.235528309258067559e-02
1.028159014624292489e-01
5.483911264435370470e-02
-5.934171023930012723e-03
-9.538090097894427188e-01
-9.183531632249799515e-01
-3.389889339295999449e-01
-3.248615853412184507e-01
-7.931968084835041566e-01
-2.017898094356284311e+00
-1.519850069773936774e+00
-3.469763598927020354e-01
-1.822263187256609740e-01
3.378747696111652488e-01
2.531023382989030512e-01
4.316449114813725174e-02
3.163405881735843472e-01
4.775683870527400732e-01
6.002112846324960671e-01
5.577752417466479429e-01
2.068014211136819380e-01
4.159187379626072545e-01
5.068196072101227578e-01
6.259607297209619503e-01
-4.931467607658213126e-02
2.201431295982669845e-01
2.469671979867273937e-01
3.320632640665128754e-01
2.270269852355917273e-01
1.351764929254840597e-01
-7.058649457984900177e-02
3.028147854339957590e-01
3.271836126964233760e-01
7.004789449032999826e-02
4.613029155280667926e-01
-1.410440465931097620e-01
6.987616137975427577e-02
-1.683311220083472115e-03
-1.840092944955062926e-01
1.608579972227615063e-01
4.505521521057747059e-01
4.584769139808320126e-01
1.485950410267911082e-02
-4.197822322086541824e-01
-3.792325975344779110e-01
-8.684271877126485961e-01
-2.089733345365424988e+00
-3.213185232896431209e+00
-1.516938651363545887e+00
-1.387594766521927703e+00
-2.850835488121197692e+00
-3.796414631215514923e+00
-1.277941424735166365e+00
-2.282048216579672939e-01
-4.862761872395278129e-01
-2.504107754521713858e-01
1.174365680979030380e-01
2.755021067511442823e-02
9.445845957042475760e-02
-9.672004671397500530e-01
-9.203597161282224270e-01
-4.421917539107882433e-01
-2.367792159182631195e-01
-3.728012989154665391e-01
-2.870198611155645452e-01
-9.132115882814240138e-01
-2.365075849336504277e-01
-1.111607464261217260e-01
-8.612360989430900560e-01
-2.113294084452376431e+00
-1.141275469342090787e+00
5.860518558402172395e-02
-1.201632416982418849e-01
-2.125816907678235168e-02
1.700451890662000309e-01
5.000193065343576659e-01
-2.120333682147779175e-01
-1.337230167406482373e+00
-8.058283053460866263e-01
-2.562275129226889714e-01
-1.229241760487648438e+00
-4.150191050012044247e-01
8.417305690308296562e-03
-2.452049792739341427e-01
1.150552284259527269e-01
-2.484806932291805381e-02
1.133925768765875475e-02
1.918031390952620319e-01
1.709548478521989434e-01
9.670265935889210684e-02
-1.603690182691483446e-01
1.853208873708074300e-01
-2.603120623086285779e-01
-4.750547765296153635e-02
-2.627967854510913082e-01
-1.153043502823906108e-01
-1.712061507079587486e-02
-1.329357316243514830e+00
-2.430621147119336634e+00
-2.790568102809176221e+00
-1.184830051294188724e+00
-1.744645464987747197e+00
-5.135949444516878515e-01
-5.725413464791175855e-01
-3.595106687427662706e-02
-2.162884977436712042e-01
-4.233180343556464109e-02
-3.627605717826181131e-01
-1.396852625088456090e-01
-1.953597137417708574e-01
-8.635446036811322834e-02
-1.003717378340397204e+00
-5.654371328750762427e-01
-6.034873063491225098e-01
-1.234389151292833553e+00
-2.745528134874364312e+00
-1.307619136637626411e+00
-5.324807106314539684e-01
-1.028559012660846594e+00
-7.603491650018598946e-01
-2.112442076335651286e+00
-2.530362210061119832e+00
-1.771616424032390835e+00
-5.602697767978239707e-01
-6.660799624946840414e-01
-2.926236000073623167e-01
-7.465760139683319530e-01
-7.276242441678133499e-01
-4.884318691890103814e-01
-3.115256205377523457e-01
1.841761347395198811e-02
5.879594122134879086e-02
-1.283896008954711565e+00
-6.070621207889592696e-01
-2.057056572682691709e-02
-6.404727750248095930e-02
1.093995546797383867e-01
-3.640158442463881094e-01
-7.342301296043158843e-01
-9.787517879866820536e-01
-1.157183772798656030e+00
-1.018141143631967616e+00
-7.728923769267952437e-01
-5.532848019631888548e-01
-8.217082157387722852e-01
-4.188485326362560990e-01
-3.762363819856024971e-01
1.412367309317318353e-01
5.311827078918998080e-01
3.453660231130861735e-01
5.093844575237069794e-01
3.840090849467722167e-01
5.920455980626631032e-01
3.827988747941466485e-01
-1.728868546033430764e-01
-2.603637226945555438e-01
-1.919541072047068475e-01
-8.345399202878220901e-01
-1.657746269886605228e-01
-2.723230992150984520e-01
-1.360185789104436105e-01
2.699362140864205450e-01
1.680176853869346232e-01
-1.190572107179398209e+00
-2.046084610100710854e+00
-3.020361645704033871e-01
-1.318248409968667101e+00
-1.496712648319329375e+00
-6.853097309971354356e-01
-1.188390309467490358e+00
-9.894035202332420731e-01
-3.537528387965931387e-01
-2.970407602577900263e-01
-5.371631214561585210e-01
-9.681928127977954546e-01
-1.375045039218211862e+00
-8.945406478580997245e-01
-2.061579445757351969e+00
-3.133860941569085234e+00
-2.060989609007782164e+00
-4.003499563386854199e-01
2.715423716213649641e-02
-1.733600783230526687e-01
3.463871786683281329e-03
1.659122103129702097e-01
3.742477157404024979e-01
2.572484774046257527e-01
-2.199756029515080868e-01
-1.462691802619450421e+00
-3.402131973321278480e-01
3.194164401186228019e-02
-2.620436024138772524e-02
-1.286402772589347876e-01
-9.103122265309906425e-01
-4.608945217992967969e-01
-4.805010816178096889e-01
-9.491409271844553075e-03
2.297347782871446142e-01
-2.520049278263858383e-02
3.318771894125580602e-01
1.571286002551901539e-01
1.488533979532338236e-01
-2.617850852657648275e-01
-8.941789622059586051e-01
-6.572692191695548303e-01
-8.574450569951448387e-01
-7.132177733504274642e-02
-7.593131694417287747e-02
3.189396346511301772e-01
-7.375972623318816090e-02
3.273653696868583651e-01
6.089183991865327883e-01
7.266777089767564313e-01
5.890710594099437536e-01
5.673669448347027355e-01
9.200817153006113358e-01
-5.111903491239075947e-01
4.460535798019954479e-01
3.275946593912051341e-01
4.570584419968195533e-01
1.229884755647185912e-01
-1.406480387933417564e-01
2.775708308639130983e-01
-2.479966274837597240e-02
-2.818035360241215592e-01
-5.289102937782490521e-01
-1.524406901559309802e-01
-2.493533208410440682e+00
-1.710184674362478674e+00
-3.606302376700418755e-01
-4.250989549384064925e-01
-7.007466533778172746e-02
1.568423039463968660e-01
4.281238323838136850e-01
-7.942206436987495621e-01
-2.866703689300064362e+00
-1.349852766596403519e+00
-1.718589275104072556e+00
-1.938909547407364542e+00
-8.230160129994525953e-01
-6.837940435881950663e-02
2.524750542493752192e-01
2.003991499385935349e-01
-2.899393113123438503e-02
-6.818819385442531633e-01
-2.878601013468771175e-01
1.249216071762093705e-02
-3.175356364720149926e-02
9.387646329427523639e-02
2.950451989905231720e-01
4.995565271465665091e-01
2.494821953534680503e-01
-4.167442286409963614e-01
9.184207887948225846e-02
-9.430500648417039500e-01
-1.969389068176157220e-01
5.804801444006746358e-02
-1.651864859932743457e-01
-9.389544718815869828e-01
1.708724463729760501e-02
1.547912068039423161e-01
-1.193483290502284078e-02
-7.121997060694116310e-01
-1.234094755345505501e+00
9.892408852610223846e-02
6.457399335554527831e-01
-2.852291756238600762e-01
-6.724795811083166264e-01
4.123855764257378098e-02
3.459242424455650777e-01
4.858293997537135311e-01
3.475922663852255567e-01
-5.529186379346398006e-01
-2.787677544414695063e-01
-1.481240785730779663e-01
-9.646502437463544410e-02
-1.751635279917766574e+00
-4.025841311349602769e-01
-4.679349094107534413e-01
6.668493340170700279e-02
-1.086006187578636428e-01
-5.198230142657553898e-01
-1.465494514648947977e+00
-2.924688612518124842e-01
3.430720119278181102e-01
4.023701686374709929e-01
2.946288467926418964e-01
4.574639926075950713e-01
9.595841876651762803e-01
-1.072508816358336281e-01
1.745386336810301753e-01
-4.513291925686722106e-01
1.434482595909625235e-01
-3.447563455816529676e-01
7.011356905986028121e-01
4.328004335019850490e-01
-6.136372712014797060e-01
-4.289573841546312494e-02
4.512190672775151512e-02
-1.344029216664277548e-01
1.289640630578197111e-01
-3.880041140957164458e-01
5.820487735772805760e-01
8.271030786458664075e-01
-1.186836052995765556e-01
-7.522546571533905713e-01
-1.030431937494984407e+00
-1.358119370453796826e+00
-9.281100172786133085e-01
-9.417376185719960047e-01
-4.017213457067421167e-01
-2.228342567606733660e-01
-2.278740545960333819e-02
-1.049878214583772618e-01
-4.440771961193679118e-02
-6.841834659336518687e-01
7.925871138708018293e-02
-1.122144638863017962e-01
-4.238265598527100053e-01
1.148361218342481838e-01
-2.605364222345730729e-01
3.466293664117098272e-01
-9.595330046722050366e-02
2.742561118020510058e-01
-5.270376440294521903e-01
-8.054170549203270024e-01
-2.055118645293037005e-01
-1.618947943746291696e-01
-1.418419493913209983e-01
-4.383437334312247913e-01
-7.800436981882805654e-01
-4.225272671279327596e-01
8.814763781216772287e-02
2.164726178482272445e-01
5.227392083066195738e-01
3.788430183441509058e-01
1.069386756702428443e-01
3.445719443704529095e-01
4.623152173355760119e-01
8.016480621497767967e-01
7.251536788564507674e-01
5.897448635790771831e-01
-7.980710247281210812e-01
-4.584490110988692635e-02
-6.161759063843481599e-01
-2.929910098438552879e-01
1.289942616351970051e-01
2.843449495486787271e-01
-2.122313412413721068e-01
-9.642277241536438837e-01
-1.700124284562034127e+00
-9.779216123042644426e-01
-2.177328979031676326e-01
-3.125834252397012847e-01
-1.510123979131900995e-01
1.833558420687797508e-02
-4.704954320256904410e-01
-5.001857544699932490e-01
-3.088430508897097582e-01
-5.994364755119807597e-02
-6.006948842537784827e-02
2.166747434990679011e-01
1.248233482415503914e-01
7.168692185322087518e-01
8.318373073387181904e-01
7.738058269722527527e-01
8.408834999629222207e-01
-1.935040481243248678e-01
-5.240664303420343728e-01
-3.944045138293486019e-01
5.339533077090674595e-02
-4.111203372937080047e-01
1.125924762147945124e-01
5.066686966584119656e-01
7.825898361102594514e-01
9.026564876361762302e-01
9.185716795672838053e-01
9.606210812595747939e-01
4.388362167839211514e-01
8.351455290206852844e-01
8.695988976028696804e-01
6.683177908911535070e-01
5.668276004784660316e-01
5.417552556682471154e-01
2.534987994027908531e-01
2.724653755162684821e-01
4.698277084253881242e-01
-2.418643985633626148e-01
-2.361268964309608531e-01
2.945420570696599682e-02
-5.016923076359429690e-01
-5.924351508843801462e-01
-6.256400667079238254e-01
-3.276099827233222572e-01
-9.874077789887740764e-01
-4.393073861931214852e-01
-1.513775402198861419e-01
9.744109597142802670e-02
4.700838979429078357e-02
-3.235396458576855760e-01
-2.240508840352244402e-01
-7.454809943291529351e-02
-3.641276472871882719e-01
-1.231989789933463531e+00
-1.539513843729249487e+00
-1.161506382955575845e+00
-9.208564941145738203e-01
-6.682219288036970184e-01
-4.423215347136106868e-01
-5.241761784594526352e-01
-7.730301743231851042e-01
-8.253631344113889767e-01
-5.173732640083503753e-01
-2.814968574439817850e-01
-1.709280177195986461e-01
7.698261602089484512e-02
-2.489266560014309349e-01
-1.788111067509075003e-01
-1.286627271416570517e-01
-4.759675375519254459e-01
-3.754009186398550302e-01
-6.295302605290999942e-01
2.819529911204727846e-01
4.273088982354660281e-01
4.046706067607868107e-01
3.751220050860117894e-01
3.424102744399393217e-01
7.257768627684701990e-02
3.895038606452785324e-01
3.114741163824872316e-01
4.555789183806500109e-01
5.398595153123242341e-01
3.099186483115077273e-01
2.533417717060912899e-01
3.484209915880089881e-01
2.447415534110568558e-01
-3.913761539421267699e-01
-4.196960140541832196e-01
-2.120789846930782874e-01
-4.569295580989691796e-01
-2.618519081398199555e-01
-2.374746149686370877e-01
-1.297995635992426067e+00
-1.823434219745529106e+00
-2.044228409476843034e+00
-2.563565759769932839e+00
-2.454034107231990447e+00
-3.095489244949551910e+00
-2.189763678908260847e+00
-9.624274751388386395e-01
-1.918244447734642755e-01
-8.016833756241276143e-02
1.451686564993661666e-01
6.474745207912635525e-02
2.095744376512402862e-01
3.651726716570332654e-01
4.850751115361019439e-01
4.247589148884314270e-01
1.386939414743897370e-01
2.001938378999450485e-01
-7.863778486426942216e-02
2.160318850494713505e-01
-2.190379746383658288e-01
-2.524335281402437792e-01
1.308350023523320860e-01
1.110490992839171520e-01
-4.520777021606070534e-02
-6.390258797278010050e-01
-4.089052214382391526e-01
-2.341902693328594687e-01
2.806020147515955188e-01
2.792173655748730887e-01
3.205672598888160696e-01
4.103390933917556715e-01
3.123318376170409749e-01
2.358041434827174987e-01
4.637996243107558314e-01
3.363764929598840325e-01
6.715200352471795142e-02
-4.948640374548619825e+00
-5.187578954309674195e+00
-3.970591278602130458e+00
-4.628648073652914086e+00
-4.439075254495423728e+00
-4.418753418344269157e+00
-3.779652997467276343e+00
-4.528468923654318523e+00
-4.155495063058888938e+00
-3.763221443352725792e+00
-3.866541004714218133e+00
-4.106042778172608543e+00
-3.732713181129033053e+00
-4.034270564133762171e+00
-4.324123425925327169e+00
-5.166440299333464381e+00
-5.623719345560977523e+00
-5.755896643826122983e+00
-6.060759531388505650e+00
-6.042589906534957755e+00
-6.382266433805162897e+00
-4.878634754709493926e+00
-4.994243476590040309e+00
-4.253148389499139981e+00
-3.887763489560287056e+00
-4.386091787471858794e+00
-3.827666121425370438e+00
-4.490586091725397466e+00
-4.444312319606643413e+00
-3.812788138076860456e+00
-4.289664449431707993e+00
-4.749245269541209957e+00
-4.810804143832746682e+00
-4.570270376783843069e+00
-4.412922301591442498e+00
-4.536838410357995954e+00
-4.048789613650161101e+00
-3.844152001219785397e+00
-4.287242946845109870e+00
-3.831807812948116787e+00
-3.385942298448111565e+00
-3.838600071827065641e+00
-4.281022193203009252e+00
-4.258429056779066357e+00
-4.488417701710307739e+00
-4.263751122453466991e+00
-3.947774762191788689e+00
-3.770409297514050628e+00
-3.611513894549362558e+00
-3.418917992919335180e+00
-3.515660472368539846e+00
-3.944013018083510680e+00
-3.970743836127686777e+00
-3.795740675802282027e+00
-3.348685125705605170e+00
-3.656238057182121803e+00
-3.883994312605365540e+00
-4.025525689485766279e+00
-3.411389291598290630e+00
-3.814737718783658416e+00
-3.930121971288450311e+00
-3.992766217481024782e+00
-4.267216728008794036e+00
-4.089944697192907874e+00
-3.764973397845736258e+00
-3.654361731936433877e+00
-3.819079267046735282e+00
-4.152672022926285678e+00
-3.717088402526532498e+00
-3.402996132306059796e+00
-3.382270761495846045e+00
-3.324338838526901707e+00
-3.710938545534110844e+00
-3.806094462189402616e+00
-3.894196678936912015e+00
-3.687471795562458965e+00
-3.361967675858297699e+00
-3.547277326748921933e+00
-3.530514286455356032e+00
-3.912979536629075383e+00
-4.032259278839632088e+00
-3.568334404098338908e+00
-3.380072768238589376e+00
-3.422157581662335524e+00
-3.740577438905953844e+00
-3.751971530407835154e+00
-3.659176851555958621e+00
-3.881039099336638376e+00
-3.388052344059168774e+00
-3.941944282012559420e+00
-3.647962478828893573e+00
-3.988402029099071378e+00
-4.034429328460388042e+00
-3.292449767595682530e+00
-3.645618518689154985e+00
-3.413055413687415829e+00
-3.488473706797376117e+00
-3.277837255166907493e+00
-3.202581503156484821e+00
-3.458604867688324980e+00
-3.295986607682037217e+00
-4.135443428659598020e+00
-4.056441730297313697e+00
-4.484489841985213943e+00
-5.238349610773815890e+00
-5.519306307171203407e+00
-5.166402392914545949e+00
-4.832608335033483193e+00
-4.431553905093172041e+00
-4.394415835862451658e+00
-3.984771390115221301e+00
-3.584374790169658098e+00
-3.557782721240100088e+00
-4.105225289766091024e+00
-6.150952378769129147e+00
-6.146735243793194137e+00
-7.488616846280385708e+00
-7.662946949490239135e+00
-7.978308141815586119e+00
-6.552019727609414979e+00
-6.813972931396121702e+00
-6.477822273954701338e+00
-6.298928456024829536e+00
-5.459255476059183820e+00
-5.929103956148264132e+00
-6.603478562266173135e+00
-6.647757342307756723e+00
-5.760352901313021690e+00
-6.460553965701341106e+00
-6.372375443001694784e+00
-5.775621226087865878e+00
-6.237545523021025495e+00
-5.723436446557074397e+00
-5.533759297947102418e+00
-5.386423301144971809e+00
-5.491911129187115215e+00
-5.141447521528498932e+00
-6.137759855619886018e+00
-5.191852022632584607e+00
-4.885547187401802383e+00
-5.066156189657262665e+00
-6.094064868042524452e+00
-5.812346404129129063e+00
-6.096493874283377856e+00
-5.566279676518705699e+00
-5.829688459418444602e+00
-6.569201703939403281e+00
-5.335813522909664819e+00
-5.499049580414305360e+00
-5.440536923959098381e+00
-5.195565983661947662e+00
-5.502351285860538788e+00
-5.488018628056570591e+00
-5.068410270286537234e+00
-5.028155305830966704e+00
-4.998609462247995516e+00
-4.881802602967574067e+00
-4.542651405283119281e+00
-5.186277920869312830e+00
-5.110190478391044344e+00
-5.217820070236903973e+00
-4.811227038447463578e+00
-5.032268774596730943e+00
-4.838135594668551143e+00
-5.605088087467061442e+00
-5.539929469149953434e+00
-5.826820891742039876e+00
-4.993316727467989047e+00
-5.281071824134678572e+00
-5.859341858967673566e+00
-5.100640180046962513e+00
-5.236895734709242411e+00
-4.577957700305605115e+00
-5.192964064843981653e+00
-5.227174607912201232e+00
-5.302108522180358996e+00
-5.118023678915977648e+00
-5.608793290105798413e+00
-5.382494364584169411e+00
-5.492301015018496102e+00
-5.504937423455785073e+00
-5.497575473540948998e+00
-5.224383661090322484e+00
-5.018552275719586397e+00
-4.747795269620709746e+00
-4.455223299421772865e+00
-4.349240063896202102e+00
-4.226587478380531060e+00
-3.690523864203253623e+00
-4.197755545532523058e+00
-4.259851911234742161e+00
-4.039633183943427852e+00
-4.423390285674273059e+00
-4.049476839237702741e+00
-3.903493002790643818e+00
-3.920363221227622930e+00
-3.714468504936663251e+00
-3.851113898781278522e+00
-3.999117743656403601e+00
-3.673279406725872498e+00
-3.555577466009076648e+00
-3.531467575280424320e+00
-3.606650795571602508e+00
-3.531078225995250452e+00
-3.646795088716484390e+00
-3.560359732418012069e+00
-3.547016117876166774e+00
-3.414083290638868728e+00
-3.396559561635641877e+00
-3.354920858456354349e+00
-3.245808302437970028e+00
-3.116901039713701138e+00
-3.139588361299639807e+00
-3.586695418196568674e+00
-3.219473425385511955e+00
-3.690396883449001741e+00
-3.232824964795666389e+00
-2.980042232286850723e+00
-3.675963843717168889e+00
-3.066950093634662089e+00
-3.378143590659100859e+00
-3.157537320269701020e+00
-3.533769932795953750e+00
-3.281758304340880894e+00
-3.341990734781343342e+00
-3.262648179315455366e+00
-3.379302455725790466e+00
-2.982287619531030387e+00
-3.144749785599536995e+00
-2.966237812553807807e+00
-3.043443010057737208e+00
-2.812558949312470524e+00
-2.759905821347595101e+00
-3.024208117165200882e+00
-3.291070045144812717e+00
-3.067133278026445975e+00
-3.187001418392496177e+00
-3.229524098030650325e+00
-3.128225311181496604e+00
-2.728070047591942160e+00
-3.035160348406602093e+00
-3.226073179382582978e+00
-3.294442425217765980e+00
-3.369252974672092726e+00
-3.179586364335020399e+00
-3.394221165257160777e+00
-2.979452855588538895e+00
-2.805573220903996301e+00
-3.254749063098951289e+00
-2.783537749023289987e+00
-2.971874905871700445e+00
-3.091497010125546119e+00
-2.936858101690828171e+00
-3.251700239259588621e+00
-3.068636450636610391e+00
-3.035782545168531410e+00
-3.165308550609672977e+00
-3.026490736259850323e+00
-3.064725927425078655e+00
-3.032126923331246893e+00
-2.810059740053075572e+00
-2.541191295171282061e+00
-3.325005542589594576e+00
-3.016945043359497092e+00
-3.216552397679489417e+00
-3.215239413991000106e+00
-3.393672784815172427e+00
-3.010592664412066632e+00
-3.005657204815288530e+00
-3.363367746359722688e+00
-3.518785664419932235e+00
-8.123917210161568647e+00
-8.191408840589399887e+00
-7.835314543260314402e+00
-7.420653606762103394e+00
-7.813400641303271499e+00
-7.461578694650788712e+00
-7.831105628493456372e+00
-7.534369505080160678e+00
-7.331445398826439863e+00
-7.642246345339697378e+00
-7.457695622184171036e+00
-7.290986777447360900e+00
-7.101224267530173329e+00
-6.139155201435678499e+00
-3.856601934861778158e+00
-2.317412715540687174e+00
-1.775175126728313124e+00
-1.453147786136803843e+00
-1.030406035348703231e+00
-7.804294280719981103e-01
-4.509935144605723423e-01
-9.935881217741240334e-01
-1.171462653604810278e+00
-7.571269271341387608e-01
-1.824852671554165973e+00
-2.221163589176890163e+00
-2.971193059942576653e+00
-4.481010382436278583e+00
-3.403903962312115894e+00
-2.003327780159352756e+00
-9.776307747210273291e-01
-7.869526701404438995e-01
-4.782065408988844801e-01
-2.691598060544855286e-01
-2.122805857508078820e-01
-1.963874717307982909e-01
-1.594889499648148301e-01
-1.076508942500037369e-01
-5.558989760866328567e-03
-1.619707159731881285e-01
-5.633518046254066824e-01
-1.299490297198905964e+00
-1.497653467164058227e+00
-2.207926687131963384e+00
-2.228217000100269907e+00
-1.807717538534114432e+00
-1.399567527188111171e+00
-1.341326954378991410e+00
-1.862262887345739415e+00
-1.568832180532468534e+00
-1.007479187695027978e+00
-4.373700250581533666e-01
1.467351661104223659e-01
7.238121620905091369e-02
-3.646947737683801094e-01
-2.300488446686079769e-01
-5.915783625632174969e-01
-7.933459476405435584e-01
-6.008616858074630196e-01
-4.536136061953432996e-02
-1.415980304962427549e-01
-1.016271292607000554e-01
-2.793827799802991452e-01
-1.017668962084459672e+00
6.061647879328990740e-02
3.044325000494771949e-01
6.148000853124031551e-01
7.917085132558829841e-01
8.264290944358299029e-01
6.958636348863425081e-01
8.191228784330562007e-01
7.358989452552342492e-01
1.012064876671070035e+00
1.000794969664533962e+00
1.067904957553762246e+00
8.934885168639257191e-01
1.139767947040403850e+00
1.069587167838430997e+00
1.088408692427729640e+00
1.127561651673667953e+00
1.455393230571039531e+00
1.538335101224498569e+00
1.372109614209486850e+00
1.580119139878567225e+00
1.597839397316914045e+00
1.155805141563728711e+00
1.651436899322752616e+00
1.411569651836263262e+00
1.140643423975560955e+00
1.168521212408435206e+00
1.105192513367290852e+00
1.143035743870447929e+00
1.075561353667194853e+00
1.374122993421612371e+00
1.313784286577909910e+00
1.604464841762097471e+00
1.439526690396033537e+00
9.844458388870416243e-01
3.317969977525159209e-02
-1.736311775507115573e+00
-4.291404512441509667e+00
-3.045736155955725888e+00
-3.566281687978875681e+00
-1.400563502550689954e+00
-8.741443193124176503e-02
1.480317127396442167e-01
-1.453615092000468678e-01
3.474713747396100949e-01
3.579431325908335459e-01
4.603724966735524005e-01
4.658862727743822152e-01
1.728902696974095043e-01
-7.239671973872319199e-02
-5.782931902791216272e-02
-4.733253677571624962e-02
3.468357292894781452e-01
-2.067756877121945114e-01
-5.666418735334487478e-01
3.592083427721037836e-02
1.773508743427920642e-01
5.319261867518125797e-01
3.453711013865125024e-01
3.910182835486386566e-01
3.597917471245763998e-01
6.706866686510846165e-01
8.134028150427661252e-01
1.013306818689335920e+00
1.003315028626502681e+00
5.136319224837277986e-01
7.861371949939588433e-01
1.273315815479162616e+00
1.169577728221245394e+00
8.502683014070915313e-01
6.844461369598260347e-01
7.002569664828603990e-01
9.521266577481117821e-01
7.865117478899854575e-01
9.538655709655783355e-01
1.085958688073804801e+00
1.022959932091319413e+00
1.088657970645602546e+00
1.106929315626968169e+00
1.207647865587800240e+00
8.818349292599307887e-01
5.240958322947983916e-01
1.016588744909275199e+00
-9.617184584128237734e-01
-1.395778564061942895e+00
-9.354073821358479535e-01
-5.715415246794783855e-01
-5.762351526918183531e-01
-1.754678804599141273e-01
3.511597454215200642e-01
-1.137791282924744962e-01
7.867310616276528279e-01
7.231309539923220786e-01
1.024298330753788733e+00
1.209728856989341850e+00
1.295516928750644503e+00
1.070534229032829243e+00
3.905041725963553922e-01
4.529797430671846925e-01
-4.171310085514203791e-01
-1.337629106973256876e+00
-3.181611697346610867e+00
-2.668914724352503764e+00
-1.160092487276696005e+00
-2.068337797006097212e+00
-3.325792642501211649e+00
-1.754137011063710005e+00
-1.184861539146885079e+00
-1.673148774577135178e+00
-3.166311157418513211e+00
-2.653326158216763986e+00
-1.737944765862373675e+00
-9.001032804328316095e-01
-2.918148027810401057e-01
-1.276039487547177553e-01
-1.522582194926750399e-01
-4.720429881436993824e-01
-7.617787559772200012e-01
-1.600323316712719546e-01
3.359044567150535343e-01
6.057668897581534040e-01
8.667705594561612159e-01
8.100224181941664270e-01
9.819936279295484738e-01
8.698999129165185806e-01
9.003782038257304166e-01
3.901494060159498289e-01
5.844828318038155501e-01
-2.171226990343786412e-01
2.733781828238592837e-01
4.802314334794433037e-01
2.046836262753801705e-01
5.013576106646118191e-01
6.606950223450631654e-01
7.748690822333452743e-01
3.705023583278359567e-01
1.166943590593640501e+00
7.696277132747804117e-01
8.139785765208591428e-01
1.670727941026752816e-01
4.272447579257629968e-01
2.021794154225036166e-01
1.007647056266387509e-01
4.635879358340422307e-02
-1.663028068540035598e+00
-1.140579915532352828e+00
-1.385150235045626843e+00
-2.470955999409992998e+00
-1.303757600160872165e+00
-8.080751115786890537e-01
-5.874759498297801308e-01
-2.557809246678961479e+00
-1.112937995669831537e+00
-1.055163418024756439e+00
-2.595684888069910379e+00
-8.034676772205004980e-01
-3.893884512508796192e-01
-6.164558671402540213e-01
-5.149733005149075282e-01
-1.247027046046569332e+00
-1.106505473471355749e+00
-5.528489103047906639e-02
-7.191109513146018983e-01
-1.253223489753684028e+00
-2.095076413573315754e+00
-1.608233768405146868e+00
-1.793685395130476756e+00
-7.377557542946755476e-01
-2.775258983441508676e+00
-1.376150926385790285e+00
-1.656852852243827501e+00
-1.932995516197657082e+00
-2.377897051477964041e-01
7.780724824428526532e-01
8.325789471160955912e-01
1.034867101896519870e+00
8.152645868688566111e-01
6.376429068175006876e-01
-2.153326912111306335e-01
-9.587975472871450577e-01
-7.603971334551156147e-01
1.616482253974966810e-01
8.480162388274976593e-01
6.761732945796792293e-01
-8.358997789902850029e-01
-6.998643273839828538e-01
2.158826982214909762e-01
5.828393963814884060e-01
8.760732725496440665e-01
8.344633193383135250e-01
9.030771961168930773e-01
1.092426420237353035e+00
7.045671551935628329e-01
1.185343785941217476e+00
8.043781927024289402e-01
8.567119116959522884e-01
7.565208035063015757e-01
8.306407657665610955e-01
-8.253329118932750674e-01
-8.416317777066328887e-02
5.837188716878172201e-01
8.491824177874169877e-01
4.021966931528728750e-01
-6.125820547449869480e-01
-3.120498046173769247e+00
-2.845746262536612559e+00
-1.140915661543851822e+00
-5.607946303240115560e-01
-6.400348073774353441e-02
2.211667417037069816e-01
-1.411368922831724992e-01
-2.087345700266396431e-01
-4.870365100558151639e-01
-3.324111777610636587e-01
-4.932696564880547641e-01
-1.589375251266123001e-02
5.968651845702002134e-01
3.541546278095579758e-01
-4.569905159578491194e-02
4.350341488666016332e-01
8.074620280073974143e-01
3.897937409782492590e-01
4.751771239751985121e-01
-6.511161835397214492e-01
-6.334382851171742601e-01
-1.465484822714132385e+00
-2.069038456918261382e+00
-2.677314193405197607e+00
-9.868208911380849102e-01
-1.729964386579139202e+00
-6.159946255889412470e-01
2.552651275465116498e-01
5.690969622577868314e-01
6.108994300315657711e-01
3.922758323714981010e-01
3.814603440750787833e-01
-3.032304406726105128e-02
3.878757000634962537e-01
7.261517917557727131e-01
3.542665244438811811e-01
-9.665386283996593164e-01
-7.455271358760375833e-01
-8.815462615883173925e-02
-2.951607657231214432e-01
-1.948409480468490829e+00
-9.054050700740772228e-01
-1.024367766546717462e+00
-5.764504905241096822e-01
3.135095490572652466e-01
9.598663808452894131e-01
7.818420587719554504e-01
4.276408205375421545e-01
-3.917383232727235098e-01
-7.083273339873796814e-01
2.077409270439716238e-01
2.544292937476138050e-01
-2.213055813865542731e+00
-5.603767972774589268e-01
-2.462668940305432486e-01
-8.385354297394309597e-01
1.408628321268112771e-01
2.026440599948040600e-01
-1.567127156184660919e+00
-2.294379220439174194e+00
-3.503523655680542692e+00
-2.677972748177430695e+00
-1.150704368171290071e+00
-1.182089335531407492e+00
-1.344287990829159618e+00
-9.207682947138877694e-01
-4.822582449582144548e-01
-2.926783463321092071e-01
-5.092549896564007028e-01
-1.681422435280008898e-01
-7.825433095443896647e-01
2.546358700164841338e-02
4.566164217467516551e-02
2.902520485875745848e-01
1.873211391366389478e-01
1.169713629249304887e-01
-3.776146276812459845e-01
-3.242845720939646625e-01
-3.582662585840337144e-01
-1.459672478439503429e+00
-6.280112237852577550e-01
-5.879689117236157614e-01
-9.140881216264142850e-01
-2.639600952390130928e-01
-9.208470181634691443e-01
-9.424469405305915259e-01
-4.142622822434036678e-01
3.626749497089951646e-01
6.061446742781546604e-01
5.495786012839065648e-01
3.654321549102848010e-01
6.849024990027308135e-01
1.234951498640617373e-01
-4.070941945399262352e-01
-4.519594678838967372e-01
-5.200346354856546505e-01
-9.146767228111656323e-01
-2.318531973367372601e-01
4.308177615189379139e-02
5.384930213461203152e-02
-6.848007388256140970e-01
-8.014636401074581862e-01
-2.889036043009432397e+00
-4.082857933941529183e+00
-3.651081094065693478e+00
-3.576244283160336490e+00
-2.813269461811993999e+00
