2.788932169595556565e-01
2.323483533187018779e-01
1.873380461444776324e-01
2.095260530924812903e-01
2.807112767502661921e-01
2.418365581271448295e-01
1.673128301380777949e-01
2.670512695462188835e-01
2.071646715413363316e-01
2.405430966791125558e-01
5.129762421478589740e-02
-2.630769824929130030e-02
1.454320475184393280e-01
2.350745551706814596e-01
1.633963266593782548e-01
2.096802797750985103e-01
2.761744529118814184e-01
2.928083621396182501e-01
2.481703825598717272e-01
3.900446062151425863e-01
4.321585466314417090e-01
3.843118373926490139e-01
5.391825925137546660e-01
6.365249754718750319e-01
5.595855869129422455e-01
5.387974049791262043e-01
5.157180051723958547e-01
3.872450212118668800e-01
3.868020402242485778e-01
2.744567319551152740e-01
2.854348196550881012e-01
4.457332612931835802e-01
3.857624956208371980e-01
4.658791324172446568e-01
3.368271957746175604e-01
2.399501353711276375e-01
3.831461741359603046e-01
3.554790305756818092e-01
3.000339968079152597e-01
3.273057272029890052e-01
3.863873673022553135e-01
5.481291784183881521e-01
4.101455091279476717e-01
3.441811799024591112e-01
3.096385920528089697e-01
2.333798970915925142e-01
3.546572965165216140e-01
3.431803571571549472e-01
4.285115166796557018e-01
3.315518880072176322e-01
2.319072135047764993e-01
2.745806201569807592e-01
1.201045930097457554e-01
1.995250517671613433e-01
1.800708583755367409e-01
2.241820324071417680e-01
2.783010047045391122e-01
2.729909119019022778e-01
3.702339084444469242e-01
3.938885436652721506e-01
4.195677659145239380e-01
2.573192346830804333e-01
2.044020104618664568e-01
2.189280223732886221e-01
2.526151286329846313e-01
1.710502602199520938e-01
1.761166639830528680e-01
1.316465960746138752e-01
-1.943402660600172804e-01
7.045991427697807785e-02
4.814032878952052563e-01
7.725633173645511664e-02
2.223900884963336544e-01
1.826789197657605890e-01
4.288545918539097279e-01
1.600522005229578493e-01
2.140354272083057063e-01
3.728844631395494824e-01
5.009735301541287100e-01
5.861085298011738942e-01
4.163026584395427276e-01
5.191459236871813765e-01
4.185772174511499522e-01
3.331911024332304683e-01
4.985272958504365359e-01
9.782471954144502657e-01
6.437188539297218348e-01
7.870741991688527950e-01
7.353175720469898868e-01
9.373004586373867575e-01
8.695307028459022813e-01
8.407813170105022937e-01
5.591886437582171965e-01
4.910094361988581735e-01
1.776856876233101346e-01
3.040639532961287861e-01
3.804299176264949178e-01
4.793716439752507830e-01
6.166291844508106079e-01
4.746713203285554128e-01
3.766624398962852283e-01
3.209591809502438942e-01
3.323401681756680270e-01
3.749294964203325753e-01
3.904009889950917911e-01
6.870480206454446792e-01
7.700356244505629499e-01
6.649305523063699930e-01
7.501810451474745234e-01
4.408683632832901544e-01
4.634678036620639707e-01
4.293849287015292226e-01
5.134329184991484052e-01
1.544028021802883177e-01
-8.070168774171485038e-02
5.133347639772262161e-02
-1.572937121508549696e-03
4.517384152609357773e-02
1.116749569102496453e-01
2.467091136851105038e-01
3.085468930736758320e-01
1.602906427288767199e-01
1.129814069224769485e-01
1.960163015171202949e-01
2.479877719609389075e-01
2.050675430778399200e-01
3.324120333313712594e-01
3.545839317402721402e-01
6.105428982818982275e-01
3.295605796087810457e-01
5.998204253560862620e-01
1.122633444333491326e+00
8.064399587046185980e-01
9.785768765524756052e-01
8.658534990616749694e-01
1.192235110713322221e+00
5.092981483567646794e-01
4.537387573425021303e-01
9.348136950940907353e-01
3.341152760499731533e-01
6.886035633488277741e-01
-4.422891893713956080e-01
-3.028500787986267984e-01
3.945663746435366104e-01
8.509945994879275499e-01
-5.656335658932120092e-01
4.826151316215059328e-01
3.427235920454694273e-01
2.140636942411228816e+00
-2.182441594339967317e+00
-4.770972711659612564e+00
-2.740061835076450070e+00
-9.797277397282406763e-01
-9.500428936953513315e-01
-1.243053278975355891e+00
-3.040268625712486017e+00
-4.194882999245077571e+00
-1.937905988010939273e+00
-9.678209843924461264e-01
-1.173917821009656803e+00
-3.657229566917109764e+00
-9.142791587655316743e-01
-2.156747148763903665e-01
1.828661074046744883e-01
1.271871972005554907e-01
2.818041149542904744e-01
5.551135792778075784e-01
4.805247952666820144e-01
5.887601037827477901e-01
5.148809370465312618e-01
5.684348066751827577e-01
5.537222813139582867e-01
2.563798967873902601e-01
8.134910182503652942e-01
6.389303626574974748e-01
7.671506557423373174e-01
5.652656513731891819e-01
7.825176251840778585e-01
5.690184658606060042e-01
4.630447048157887435e-01
2.961142203503017711e-01
6.030836989967669481e-01
6.095830644191704284e-01
1.408872099126567412e-01
4.331430964663827154e-01
3.497058460632269661e-01
4.075000224809856575e-01
2.760136662869430157e-01
3.420212319261353162e-01
2.486395850762804782e-01
2.433121169965533903e-01
3.554701155725561446e-01
3.005179085291672658e-01
2.342892615445973659e-01
2.657514876062038178e-01
2.193943768579683096e-01
1.000483136384791444e-01
2.292411809137577250e-01
-3.147087349008824697e-01
1.584113441798316868e-01
3.742312523798543844e-02
1.660295215059721941e-01
3.213252239377674124e-01
-2.800106257197700899e-01
-7.656926169119901426e-02
3.701977234612168766e-01
-2.678997355491008481e-02
1.117384141934287395e-01
-3.694039151861688852e-02
-2.581042985710887638e+00
-3.766053191231418573e+00
-3.363995856912501692e-01
5.075674706834093497e-01
5.038053840382836768e-01
3.050604028274839230e-01
6.827930798368498921e-01
4.929804940071174091e-01
4.963412250312108087e-01
3.992211382766875927e-01
1.882707941110237093e-01
3.790084963691304210e-01
5.760208236281915140e-01
5.109697909158419926e-02
-2.773626078656120875e+00
7.752350484047491885e-02
1.029325539993873218e+00
7.502724159972310458e-01
8.740223021603448217e-01
7.876131474638012886e-01
3.291907390789932109e-01
1.537583868229931983e-01
-8.792941471739184056e-01
-2.798121734884859269e+00
-9.336621508511253609e-01
-1.014603135058058436e+00
-4.966392491179411062e-01
-3.682584538575003341e-01
2.328805865521010876e-02
1.233733284954044440e-01
2.831515453748797428e-01
6.628322731409560520e-01
3.673133422219068689e-01
4.395986118112646390e-02
-1.990911150617441949e+00
-1.532860585961776989e+00
-1.217230066875238048e+00
-7.579007187506153764e-01
5.326711742491868629e-02
-1.015020138577827635e-01
1.029491267845497326e-01
2.550390830137873044e-01
6.050386891544941026e-01
2.580466502159255437e-01
4.045357742109459975e-01
-2.718904530030065159e-01
1.443789214704646606e-01
1.808700943805949812e-01
5.031750800632210918e-01
-1.633442156769853437e-01
1.756584392130511041e-01
8.016517835121005353e-01
5.940609155874946312e-01
7.754293965556189328e-01
4.594474959677132819e-01
3.111339490734457147e-01
7.964875893229732551e-01
9.370510748934590683e-01
6.314928470951660655e-01
6.085886187855803486e-01
1.139462052873266018e-01
5.575940205006256756e-01
4.807541685387467512e-02
2.840005343080936884e-01
7.777004341723925407e-02
1.181869486118461571e-01
-4.680998056043919608e-02
2.239477962186194882e-01
-9.558989887863836299e-02
-4.139492289750373866e-01
-5.626065205274678460e-01
-2.292555928445652313e-01
-4.927208119364009375e-01
-4.517131574661087390e-01
-5.583622614470311607e-01
-2.006495201992739841e-01
-4.359401988879302303e-01
-1.849299930224593547e-01
-5.055504665107857232e-02
2.209569498669745891e-01
-8.195723859466328420e-01
-1.658705139029077180e-01
-2.526695718966092130e-01
2.290286713326893375e-01
3.868043561962587473e-01
1.847083926079116645e-01
2.982515614459770870e-01
2.553031436848792191e-01
4.548988671191758204e-01
5.582141909052938944e-01
5.223402148360498654e-01
3.887026792950346588e-01
5.041990283565459530e-01
2.029999344925561833e-01
-3.219147381624468673e-01
-1.088139940381326998e+00
-2.700416068582054852e+00
-1.074691885436577232e+00
-3.119657242092678473e+00
-2.232124992434339206e-01
-3.835555904289668749e+00
-1.271232520842634939e+00
-2.855463083802716184e-01
-3.269471200623637053e-01
1.622190316001528854e-02
1.405901201927472199e-01
2.072704347621566745e-01
3.232307032239642997e-01
4.139517074394986063e-01
3.824465171133423214e-01
2.668495512247135437e-01
6.180918447174857944e-01
3.825725773366474569e-01
4.488901123030299978e-01
5.167783907457611514e-01
1.427578455679336722e+00
4.635394821243723484e-01
-2.804064529741661982e+00
1.442426779188398789e-01
-6.406429872205328113e-01
-3.219095885455288908e+00
-3.201465145120391265e-01
3.887029968713781036e-01
1.894887327254284326e-01
3.219715703935952522e-01
4.443093475976939155e-02
-9.173137210879098169e-02
4.345295122144090527e-01
8.942553036502312036e-01
3.964619507390122477e-01
2.432608574743986285e-01
2.294720221876026256e-01
2.470393205309821816e-01
9.201979484837001788e-01
6.953183933702841157e-01
3.325769172240551907e-01
6.770053750897316869e-01
6.664489556890582644e-01
4.511459065970744309e-01
5.695804633149542662e-01
5.012005167007663742e-01
5.989430615643969169e-01
8.808168602157391558e-02
5.720126481966052445e-01
1.296963704539602746e+00
6.108487412626466273e-02
-3.631403838229592118e-01
-3.510854129398727208e-02
-6.459587028600196623e-01
-1.336001427335003766e-01
1.150911891318129987e+00
1.285184890115064205e+00
2.861116369839793450e-01
3.244244026680130344e-01
6.304049507673250563e-01
5.007781281520646832e-01
7.703604767774615558e-01
6.578054133335760056e-01
3.839251724812567934e-01
1.087565118746242898e-01
6.671857248212631486e-01
1.517908884228603261e+00
9.826845194703547337e-01
9.296877554698174118e-01
7.014613119610241254e-01
8.718804545668025208e-01
1.009508890992534491e+00
5.933894466606274287e-01
6.933527045330422078e-01
7.946092955450448914e-01
4.113151458309334263e-01
-2.969244280365193611e-02
2.945807080748115148e-01
5.695710936182000195e-01
5.987096920370530428e-01
6.838562668278298506e-01
3.186148740572273264e-01
6.431699970855795367e-01
9.071830891340714187e-01
6.922640523329584017e-01
6.657944617598082759e-01
6.893219497824605302e-01
3.994995873610665549e-01
4.801110174589080515e-01
4.238911394816262113e-01
6.823649776052989058e-01
-4.869498887238615792e-02
6.298561572860083002e-01
6.779509618280296079e-01
4.869576246216206217e-01
3.625192966608021816e-01
1.295953810131997286e-01
-5.153176597271026393e-01
2.875817970162868886e-01
2.495653252321051729e-01
4.930265104890972916e-01
-1.166904591771461552e-02
2.275197705019685324e-01
2.231385388775327105e-01
-5.765999386913173153e-01
-1.799983836657626846e+00
-9.556597530373993621e-01
1.617843102507578457e-01
1.789668005606163403e-01
5.666459943928530141e-01
3.185459479451020481e-01
-2.191981638515135000e-01
-3.858583447572838665e-02
-3.409273911622159869e-02
-3.286323787202649616e-01
-1.944406345078172782e+00
4.935550750728756597e-02
1.684623889955190745e-01
2.149256370138832584e-01
-5.635239471812427681e-01
-1.021563686048616804e+00
-1.102620916992845146e+00
-7.466518510076277648e-01
-1.677056641582553020e-01
-5.585433501878768192e-01
-1.439505156564967470e+00
-2.534214028357982595e+00
-1.591076265808607060e+00
-1.495513329950252102e+00
-5.856580086902793414e-02
4.384335676958479588e-01
3.777008115307813885e-01
3.910080747620278685e-02
1.046522517766806937e-02
-6.517606545621216219e-01
-1.479983015892124831e-01
3.583588406028360707e-01
-7.423469780667077411e-02
3.522093041803120439e-04
-1.520378957042358425e-01
2.693547018911132129e-01
5.801267339831697178e-01
3.447023346829594104e-01
-8.982324176394343440e-02
7.805373183684072291e-02
3.347322012020163551e-01
4.977586441958576913e-01
6.539057926179094871e-01
1.098533313777085185e+00
7.174265256207706942e-01
6.565227283625194588e-01
7.971979210913284764e-01
4.672905229307147135e-01
6.455996900669653815e-01
1.222813141437658901e-01
2.747491774926170138e-01
-1.370112114208603016e+00
-2.397405276182109191e+00
-4.381653972330228353e-01
-4.773478256249054086e-01
-1.589391072480474065e+00
-5.570519221828679202e-01
2.464511938293867388e-01
-2.399285012858269062e-01
-8.591808455442137560e-02
-8.669886588350370071e-02
-8.855778029285388264e-03
-1.856320756231647939e+00
-4.447641207905268512e-01
-9.356494527525960336e-03
1.847832451872987169e-01
9.272245889318862788e-02
-3.913249574222014138e-01
-5.408577463573616129e-01
-3.931845807820530392e-02
-3.531915997585739486e-01
-6.457425379796838394e-01
3.338057304074495413e-01
-8.643532040608452593e-01
-3.050338278279327575e+00
-1.537728342431510464e+00
5.296200111392390664e-02
2.136596355532518199e-01
1.711535531277501299e-01
-3.906410493055728628e-02
1.751382660624170862e-01
1.360191352505960016e-02
9.770777586746713650e-02
4.718018479818716360e-01
6.409542121281692761e-01
4.333371713154042792e-01
6.617986687083802222e-01
5.506429757572623984e-01
6.338341491775281167e-01
5.234666687900731974e-01
4.919422961117918547e-01
4.427255846673751050e-01
3.187213215267217237e-01
-1.691355697482566312e+00
-4.854770230308520507e-01
-5.492188752972979593e-01
-1.217002735975924732e-01
2.291928431129122978e-01
-9.941583338087172095e-01
-4.755839220357370722e-01
2.528924388335428430e-01
-9.504824993990193538e-02
5.061472146285822538e-01
7.551094471302802758e-01
-6.558607170304425749e-02
5.491228176147844309e-01
5.816020992518079469e-01
1.165316810760342658e+00
1.649758878822439323e+00
8.893952460302935181e-01
9.964887753342565047e-01
7.884765190542444291e-01
6.734751381762400513e-01
2.988459510078420589e-01
-2.315466036336370215e-01
-1.984887109800747451e+00
-6.218521684304110231e-01
2.675430851130056742e-01
5.427356993164580423e-01
-1.617188643310944141e+00
-3.040464736855189587e-01
-9.105104523521506676e-03
2.765492653835554537e-01
1.790187303526946105e-01
1.656327073077524248e-01
-7.333555778337842446e-01
-2.457070269514888494e+00
6.178322113667879256e-02
-1.156176158673763998e+00
-4.784002226236016009e-01
-1.619754514623055863e+00
-4.675398665853371938e+00
-9.153589983138514796e-01
-5.524647246900072917e-01
-9.683790802025049604e-01
2.021357207120605404e-02
6.362675601259693003e-01
4.316272741830110560e-01
1.717330637903289048e-01
5.690343419924722701e-01
1.635332935525622755e+00
-7.707675240517052329e-01
-1.419161192487483902e-01
2.393223835447277903e-01
8.785697333829056710e-02
-1.380455780426109447e-01
-3.321180750870808218e+00
-4.438354363360348387e+00
-3.506640937694217808e+00
-2.227992799311254046e+00
-7.387563412030796473e-01
-1.623538970779301038e-01
-1.639717590122914681e-01
-2.925531908625323307e+00
-1.743131153516602083e+00
-6.164342806623878124e-01
2.179913667692931489e-02
2.032405266006963029e-01
5.448805863228128876e-01
-1.818990457610015488e-01
-8.269097806030047959e-01
-7.216425838334259435e-01
2.783861798787000685e-01
9.801728987303541807e-01
1.574030393633525093e-01
1.625324770839011446e-01
-2.557667716353766441e-01
7.113104466470051568e-01
1.663842669128548224e-01
3.076523738634066585e-01
4.355140344477745340e-02
-4.967133546428279534e-01
-1.560958209321408052e+00
-4.489193322846961820e+00
-9.183163125118605663e+00
-4.659642920342737860e+00
-1.515988629487111439e+00
-1.056643715404574690e+00
-3.772152345040401311e+00
-3.146209766274717268e+00
-1.259110862650227425e+00
-3.437260057198249452e+00
-5.463392880834107679e+00
-3.353022725168963269e+00
-8.328116290983753611e-01
-1.838953878257204577e+00
-1.783577518958927854e-01
-6.622576565610647226e-01
6.872401950218348654e-01
7.487517854426835040e-01
-3.492930117341862539e-01
5.530656773184725594e-01
1.402000385846233543e+00
6.451100503563078625e-01
8.007662152833346925e-01
7.727847868362426320e-01
4.960389090315540095e-01
-1.512129850718712254e-01
-1.007027503052537964e+00
-2.325180636991973915e-01
2.219206635157211505e-02
1.279722786874630813e-01
5.887817066738895710e-02
-2.399597644610484692e-01
-9.956926981788702946e-01
-1.124248394886597779e+00
1.944518385989197351e-01
-7.478492245358105972e-01
-8.515409113604166524e-01
-4.393452897580989447e-01
-9.929732193630531611e-01
-4.796670462407287339e+00
-6.631687367804897981e+00
-1.698589124670310202e+00
-9.439684966633912211e-01
-4.840241718070252830e-01
-1.989071424114161823e+00
-1.039919989053589067e+00
-3.258645708329523050e+00
-1.882585393583646516e+00
-2.323183667734454616e+00
-7.428441929006309730e-01
-8.458873304898064660e-01
-1.684499747851068818e+00
-2.626480215215352132e+00
-3.023180728116538596e+00
-1.383319006919984773e+00
-1.804480924029748523e-01
2.511727442397435617e-01
3.591597738999837697e-01
4.169940022471674834e-01
2.705484349530741239e-01
5.396822790582815887e-01
1.690493168033570526e-01
3.686123641362134551e-01
6.862036883660621589e-01
-4.767561540669611908e+00
1.682705854423634517e-01
5.934380978172332233e-01
-9.608652985276004976e-01
-5.106437208489218449e-01
-4.453154688240780201e-01
-3.205031318272869023e-02
-5.016539218659402666e-01
-2.408539285314166556e-01
-7.306038277811933712e-01
-1.528099202381471677e+00
-3.007961852200854658e+00
-2.751587372243853746e+00
-2.358720288731926296e+00
-7.651053555935493078e-01
-2.823837427143499612e-02
1.104186678683093115e-01
3.272677508653323297e-01
2.702282839415434679e-01
2.959012333772673142e-01
-4.135052444326386967e-02
4.131581410041573754e-01
2.558240916108390217e-01
5.208489078644170656e-01
2.708403855080755984e-01
4.060953794155004459e-01
1.326269320349858782e-01
3.224379557818388697e-01
2.930552531595053689e-01
1.684431880506859214e-01
2.431930417308934000e-01
2.648576018889682304e-01
3.040029378682582717e-01
4.882101674305533434e-02
1.932380744427177610e-01
2.582575798861328487e-01
3.497760574752695195e-01
3.348734772789905279e-01
5.126020587753342683e-01
3.177459932585735558e-01
1.224468234303526248e-01
1.447411785788542127e-01
1.009756020576508956e-01
7.356178839028608418e-02
1.181879635193923694e-01
5.682359953513348438e-01
5.967743157742457782e-01
2.576999197635299610e-01
-3.158514659424122017e-02
-1.793411104306634751e+00
8.632312556428386463e-01
2.044862067537233097e-01
6.384243656290635727e-01
3.955913575917117120e-01
2.241305769815530591e-01
5.479279284576322739e-01
-1.993929081787175484e-01
-1.583022425007223621e-01
2.023025342922396552e-01
1.489946131158954579e-01
1.934060494802810615e-01
2.852035102294170898e-01
3.623349769143875965e-01
5.112164346891003852e-01
3.507858111761594233e-01
3.958783613330115747e-01
3.608926881628313210e-01
3.362625506965922773e-01
2.481796189329364688e-01
2.346112530050386558e-01
5.023419166070222097e-01
3.345457910243615496e-01
2.846489229422098921e-01
-1.594616404962828360e-01
1.969819982831332861e-01
2.853273383527200613e-01
2.708203667043503349e-01
2.547716431992972375e-01
2.102905644176998323e-01
3.151344358148239211e-01
7.387751082917723422e-02
1.451121209906514054e-01
2.870688660428482031e-01
2.338483680665774389e-01
-5.566130378357585506e-01
-1.341510695325338898e-01
1.243118158925356764e-01
1.853775217611705606e-01
2.126430137959306466e-01
2.458048705699800718e-01
2.527633908805533292e-01
1.547457788718490101e-01
1.959464177264612361e-01
-1.194944452434437421e-01
-2.785057514221954689e-01
4.241131148017215913e-02
-1.023836164389717862e-01
1.933359163634518207e-01
3.992525279559362983e-01
5.011089864256628168e-01
1.193029452702546456e-01
5.005942257079529223e-02
-4.452533670759849516e-01
3.492389558059458277e-02
1.333654999616268322e-01
1.421153601900237429e-01
1.017550429182640936e-01
1.503593152025970991e-01
6.876318858176845572e-02
-8.886983478677352721e-01
-5.694092815955510423e-01
-1.526314456996258340e-02
2.539853933496311056e-01
1.871194114720584889e-01
2.209276490565363904e-01
2.186297262935555930e-01
9.704595258808371150e-02
1.282630160378242512e-01
1.550252783926602540e-01
1.966504101228920554e-01
1.789336079422715609e-01
1.360898778765193551e-01
-1.893609091394583832e-01
1.268129622094016362e-01
9.186806980097329822e-02
1.919834243367780913e-01
8.032397047922008870e-02
-3.464779024324043943e-02
6.967479896886039081e-02
1.411957914134293612e-01
-1.071135418813804696e+00
-1.411095291401689877e+00
-1.017175911122199405e+00
3.088904354693684517e-01
1.108409554962466320e-01
3.879472526418728529e-02
2.121592767550583014e-01
2.505268703434354594e-01
3.052368566173724873e-01
1.830755068411031028e-01
4.412044224204483833e-02
-1.265341704788616461e-01
-1.685854408182627107e-02
-4.984581211982936910e-01
-2.488098462312831938e+00
-1.538010787472759100e+00
-3.285428827779528493e-01
-6.788404436441601852e-01
-1.952268535420434104e+00
-4.171735332838555799e+00
-1.786437793745935254e+00
8.652720372336826227e-01
-2.754920782385959832e+00
-9.021267129930081730e-01
-2.480298848214851359e-03
2.010508434133037314e-01
1.574015506837423972e-01
2.203882460457415038e-01
2.060796527017896285e-01
1.600740244953758606e-01
-2.928527895878217935e-01
-3.244996081435069790e-01
-8.509028647965519165e-02
-1.652979318731106206e-01
-4.206013006864550707e-01
-2.179472871860906658e+00
-1.134882604807335493e+00
-6.139850480284386736e-02
1.299951745652042079e-02
2.168939426862716569e-01
2.515905516596302904e-01
2.316066328861449419e-01
3.087030425654233579e-01
4.218959936378365305e-01
5.704061188657322257e-01
4.972555396916863435e-01
3.767458690711940061e-01
4.476283712910076318e-01
4.838354306437501196e-01
5.081477657896605882e-01
3.137294514356405717e-01
3.121345636116183431e-01
3.290656463295465461e-01
3.658295256869157352e-01
2.766556581289532635e-01
2.991865232372157291e-01
2.384491397718495609e-01
3.237310946231335418e-01
2.988904620543919588e-01
3.157092710714356487e-01
3.536914988187920272e-01
2.591209266251170984e-01
1.542756975807537123e-01
1.940976281994210850e-01
2.612519218301952439e-01
2.794131878363608212e-01
4.086918183047151265e-01
3.776286721712864836e-01
2.811223503413035618e-01
1.020319548655701652e-01
-1.373890228743686881e-01
-4.729188401619400794e-01
-2.308795209148972738e+00
-5.374173282120437101e+00
-1.497888294844832213e+00
-7.525498755659211225e-01
-3.089590879560627723e+00
-4.922481342830142381e+00
-7.994639866986473775e-01
-6.501720832222027124e-02
-6.754448144054411851e-02
5.584733530733096418e-02
2.253087550277119988e-01
2.017778198397636169e-01
2.067593076243438854e-01
-4.799408245422813746e-01
-4.013861313643136697e-01
-5.388752351391939976e-02
-6.667376377026384970e-03
-3.270287805191871566e-01
-3.492816446508826278e-01
-7.350320417053050059e-01
-8.080812709245241421e-02
1.222360169456787604e-01
-3.856726983965439448e-01
-1.808714401290640872e+00
-4.246645536743961502e-01
2.284536538488063651e-01
2.790823398526271482e-01
3.842307192985239261e-01
5.173346446694384593e-01
4.422793279701324742e-01
3.761218420007731988e-01
-1.053407858599283875e+00
-1.621553856767493640e-02
2.934241440006800650e-01
-7.966795455680735216e-01
-2.207990056808059598e-02
2.330683709964687100e-01
5.808403050946348012e-03
2.853093076017332308e-01
1.093119759812025693e-01
2.604765465986058071e-01
3.402671616073127403e-01
4.155007850595172636e-01
3.910894576148236101e-01
2.645407128283833176e-01
4.337682835875588117e-01
1.125152606600427485e-01
2.142578137249473158e-01
-1.411410075037456135e-01
-6.811173729426892032e-02
1.136634132398131464e-01
-1.750792753685104897e+00
-4.228574934222053550e+00
-5.610473313552789776e+00
-1.113656859366274787e+00
-2.038930511237766030e+00
-7.917780035600360811e-02
-5.551504754830312027e-01
4.509324412454611686e-01
5.128884624219282040e-02
1.719211853189840933e-01
-1.945255241195139317e-01
1.994287696540814059e-02
1.052318314666204901e-01
8.966757909559684714e-02
-8.238430203026061438e-01
-4.098020992362874093e-01
-3.889130952233550431e-01
-1.345960002747696782e+00
-4.892744326582325165e+00
-1.488739874896120696e+00
-1.014428206445339431e-01
-7.754483007514458848e-01
-4.694383888967685881e-01
-2.327427861049309321e+00
-4.350729641376474888e+00
-2.715244746446049184e+00
-3.904203223847793058e-01
-5.201640251460259989e-01
-4.284392207864057278e-02
-8.782279154010649846e-02
-5.951784356482504590e-01
-4.956448655218167465e-01
-2.117702719540631440e-01
-2.171922751198102075e-02
3.892672503073137946e-01
-1.476064369953657529e+00
-3.090252701083958664e-01
2.171112100197297168e-01
-3.247082879857213222e-02
3.530153229808977722e-01
-1.594796941547854396e-01
-4.898745624489085904e-01
-7.031626378615912776e-01
-9.734955087269143714e-01
-7.974786651370088242e-01
-7.429154838036077235e-01
-5.837313617098949248e-01
-3.149145113626664605e-01
-1.839528357117840296e-01
2.477115496577228515e-02
3.105360412015537586e-01
9.693876966615830870e-01
7.084599128178126204e-01
1.194554756421852160e+00
7.287967364203804532e-01
8.946712259659688193e-01
7.015374683727446659e-01
4.283551825304154903e-01
2.178795145416928536e-01
2.542222223185187646e-01
-3.351405194537862009e-01
1.882461664061095274e-01
1.792593998408830158e-01
1.369852280501990260e-01
5.145898482513683314e-01
1.933078710808962875e+00
-1.048936281152672567e+00
-2.460903838876308924e+00
6.711734244408581462e-01
-6.402272297661373290e-01
-1.113574790292213956e+00
-2.759401112788649746e-01
-7.338668871041427177e-01
-9.239602352418385678e-01
-1.423559224763452924e-01
2.753679376298032166e-02
-1.055422567517742827e-01
-5.568961516905727160e-01
-1.340884567643510605e+00
-6.669489352231744439e-01
-1.088353037213203756e+00
-4.104617668058249791e+00
-1.862454179742281335e+00
-1.647481279381474983e-01
1.590417732443580312e-01
-4.885304385675964811e-02
2.223184029754258217e-01
2.433618245295449123e-01
4.228005878287640629e-01
3.304915488367630161e-01
1.585161685115306918e-01
-1.531856161246518466e+00
-4.873373819252951877e-02
2.804615181309739191e-01
1.703570790731794016e-01
1.384845013365247623e-01
-1.220714265015828470e+00
-5.069545067551523010e-01
-5.333876553892397121e-01
-2.401858992548876193e-01
4.886845736016789399e-01
1.103091248283537135e-01
6.193843110985023381e-01
2.749097378410178538e-01
4.379412754585724210e-01
1.426600760433892889e-01
-6.429566461419564671e-01
-1.549821441079285156e-01
-4.986889978516793054e-01
4.751712345515876068e-01
2.932040594261209332e-02
3.673852494207537900e-01
5.181474711384554954e-01
6.722274535709671373e-01
9.309468714889591601e-01
1.196311062674247250e+00
1.009549470473808608e+00
1.229767959320250847e+00
1.352112132691366986e+00
8.474145484758727198e-02
8.279616264507271284e-01
8.430128715740338174e-01
1.815279545541553130e+00
5.234853665086032226e-01
2.461541955078749289e-01
6.124998568708202029e-01
6.973309806378147346e-02
-2.363408626930926515e-01
-4.070602748204350529e-01
-1.018327003097101668e+00
-6.277729492862295757e+00
-2.934768496181153541e+00
2.178702840276136310e-01
-8.178744994983583316e-03
2.727381816102781298e-01
3.223918855977755404e-01
6.652822296316119877e-01
-3.689277043377940934e-01
-5.124494870118334156e+00
-1.328102841808474599e+00
-1.662234075787178078e+00
-2.695437309351052413e+00
-6.708971495991088441e-01
1.085396801049194337e-01
5.066501763254044333e-01
6.141010932504804565e-01
5.184335209702706226e-01
-3.017161702977436688e-01
4.348268903008388753e-01
4.112555918842385472e-01
4.568563661564942757e-01
5.473804593155792153e-01
6.377056137518323231e-01
1.017418086089726392e+00
5.625733922361484396e-01
1.018194561794588671e-01
2.843016988555205904e-01
-6.757402296766547023e-01
3.148535835209052558e-01
5.231592828839104481e-01
6.197440364827854209e-01
3.802803746927156947e-01
3.385295346627583690e-01
7.932976931561132039e-01
4.198560819815033707e-01
1.705598858352161962e-01
-1.090134512092343799e+00
1.739934408292764134e+00
1.550991844335132264e+00
4.719369238781354614e-01
-2.183088169642678766e-01
6.039920758762590269e-01
8.751615388848568156e-01
9.000672752102508722e-01
5.114711978598573960e-01
4.829835126712180848e-01
6.056985955943260114e-02
1.017865507496263644e-01
2.314164092670454032e-01
-1.233767772772256022e+00
-3.034376867867688565e-02
-2.814194998688043792e-02
3.194806629250847019e-01
2.971513408555757074e-01
-7.547416177133725590e-03
-1.050388676208146022e+00
3.626510489222220524e-01
4.933728721670703754e-01
9.010801315854333193e-01
9.111133565916016419e-01
9.909904136789520201e-01
1.194571660206849018e+00
5.979882192100679505e-01
7.946425245805519566e-01
-6.204779894905818050e-02
1.127121475301779530e+00
-1.939930412125531467e-01
1.597800382737755376e+00
1.059337435720774101e+00
4.491909120427692304e-02
7.474363951184317401e-01
7.344906016604104693e-01
6.117210579618129751e-01
8.673909701620118318e-01
3.889542340250531360e-01
1.699715592769395878e+00
1.593965596686751196e+00
4.723435406481879539e-01
3.596240446777368427e-02
2.944240177437490447e-02
-3.087941594870505790e-01
2.195157100294783947e-02
-1.369164234672457237e-01
1.116881295585583911e-01
4.569837643143082051e-02
2.487614996678421675e-01
2.242778662343631602e-01
4.428889332457827122e-01
-2.470948737739009082e-01
5.520080543149976648e-01
3.987324662461907421e-01
9.027166534006024479e-02
4.614703984663698355e-01
1.882658029352904383e-01
4.709387464614441798e-01
4.027709024566116236e-01
6.001243408546762526e-01
1.173976999225324891e-01
-1.341057644959237349e-01
3.436612681531945324e-01
2.379067500588912809e-01
2.735585551131559101e-01
-6.553446323766543014e-02
-1.614105741149090834e-01
1.264618489797117995e-01
5.937118470783417923e-01
5.474895916934593432e-01
9.299467286028874069e-01
2.085764398566328115e+00
1.025589139041539033e+00
1.361091844187136468e+00
1.294276606974302357e+00
2.147799961729595086e+00
2.118575514856609221e+00
1.115089040421925803e+00
-2.542952496103222382e-01
7.022617494158787110e-01
-3.647115100673405941e-01
2.152485263395531867e-01
5.093532120741286473e-01
9.057328089405172200e-01
3.870563825410833214e-01
-2.073100173883048181e-01
-9.695333527039990962e-01
-6.827478912456390603e-01
9.041366679658789651e-02
5.976412588249317703e-02
4.406983704212926733e-01
6.355470342819066198e-01
2.310797520353624068e-01
2.310347291933004532e-01
2.702266006830115752e-01
4.694607695810976145e-01
1.596209476703626950e-01
7.506350352100437107e-01
5.877698269042002099e-01
1.365960072718727547e+00
1.440833855576883593e+00
1.336755281002227624e+00
1.360086223651933324e+00
8.746707094448438746e-02
-1.908742716580802690e-01
-3.766193059218556627e-01
-1.433157891148421348e-01
9.484879704636473008e-02
5.466067674819125033e-01
6.870737087952581978e-01
1.079194180931076330e+00
1.349376414046127737e+00
1.360732154218349477e+00
1.408513088280638037e+00
7.037809195087967318e-01
1.129698687332612250e+00
1.204553340783154125e+00
9.971876601014991737e-01
1.046064921390002622e+00
7.537526008351238538e-01
4.816006383418545145e-01
8.459161796098412234e-01
9.790865010292990611e-01
3.302132183116318620e-01
2.863068046136904021e-01
5.090748931032189617e-01
1.245473409599412162e-01
1.303297463136080525e-01
-7.270784338452282447e-02
9.903516787316057890e-02
-3.879995945699594717e-01
8.253651085981672519e-02
2.388057061795209046e-01
3.602547099222320748e-01
3.233591066948902637e-01
1.186540337508958931e-01
2.089352251554741080e-01
2.458974015918530265e-01
5.867998148507713729e-02
-6.285455797648535903e-01
-1.018490402728364996e+00
-5.395296332315970833e-01
-1.548952512705189244e-01
3.037481300195098433e-01
7.479163836727280301e-02
6.950380942452374922e-02
-8.139184791403233921e-02
-1.739693683842103711e-01
2.167203475413901070e-01
3.975126525979773007e-01
4.519435106312167383e-01
8.601641667883546116e-01
3.351944513353297683e-01
1.673219216417702326e-01
2.257924224545480307e-01
1.343649107161817013e-01
1.405210991536594844e-01
-1.449991985680048334e-01
7.734455426208444173e-01
1.002337957343896191e+00
8.085705392352464660e-01
7.610888869477931973e-01
1.352977145785191571e+00
4.222292025124524950e-01
7.454592040388902108e-01
5.826501991714025941e-01
7.438778681169033735e-01
7.814024666312696654e-01
8.508071284320226635e-01
6.852345717012735538e-01
5.851092542103339955e-01
5.964770518968358637e-01
2.214524670868263101e-01
2.853229223142156323e-03
3.777052472532718697e-01
1.214625507459995146e-01
1.833741070775092297e-01
4.246902832379271242e-01
-5.291597245554605644e-01
-1.236894222769941321e+00
-1.384009546009459912e+00
-1.909429453691134926e+00
-1.653180574737495023e+00
-1.862319653315655854e+00
-1.824257449818350141e+00
-2.520609306865027044e-01
4.301876172414929034e-01
3.241964613973924436e-01
5.533750521260720756e-01
4.120637251446250815e-01
6.646320368639044851e-01
8.062063759240598593e-01
7.596687709166453084e-01
8.341059365309625440e-01
6.189038202319210313e-01
6.087419255399822982e-01
2.473504458432309594e-01
4.340879506807863164e-01
3.102736351352592958e-01
2.460483322066114864e-01
5.536150779742050609e-01
4.255221763779104549e-01
3.817476370550764719e-01
1.241357404048610003e-01
1.753374612642273900e-01
1.800898102646420196e-01
4.664864897053583315e-01
4.620394282952648979e-01
4.452620913012279580e-01
6.570471334930966245e-01
4.076520546988491311e-01
4.362169462193046243e-01
4.680198906218298038e-01
3.812391905731548625e-01
2.501606058308006864e-01
-5.753674100469061692e-01
-1.105370919277055275e-01
-9.608619901458463897e-01
8.631224671093337686e-02
-2.975099260549842306e+00
-3.028066228377749303e-01
-1.799132459874893675e+00
-4.565976083971783339e-01
-2.253430223439664370e+00
-1.902210386307913614e+00
-1.214739665701951354e+00
-2.997595209687535789e+00
-4.154192127107763532e+00
-3.687021723369516835e+00
-4.310382111570318031e+00
-3.821460814655756266e+00
-3.893314152989913790e+00
-4.974972290511918693e+00
-6.570064105097030982e+00
-7.649881154521557036e+00
-1.021798512646766177e+01
-3.944019349543792519e+00
-1.564781106891246720e+00
-1.461196962716527492e-01
-2.280038165114341098e+00
-1.355971761023849309e+00
-3.476833459405011872e+00
-4.625473431794269175e+00
-3.067571686094193506e+00
-5.938333734900592908e+00
-3.326182035554984040e+00
-1.210096134764549358e+00
-4.171437652936509366e-01
-2.338214929040942913e-01
-6.485498292425518896e-01
-5.123951843291463248e-01
-1.600847683144277500e+00
-1.800364172168237076e+00
-1.286683696470118488e+00
-1.286494886942297189e+00
-1.191745732347960329e+00
-3.770580233471507725e-01
9.293864447565719500e-02
1.516444830700347524e-01
-1.256248134846507936e-01
4.995844513954871280e-01
8.089222111142055915e-01
1.087545899718061149e+00
6.889436834959008493e-01
6.356034955444860302e-01
2.224486514919160884e-01
6.586358404736185335e-02
3.524718857658983295e-01
1.792046448988315610e-01
-2.248892882981088359e+00
-3.985200048142291340e+00
-2.124332503645105508e+00
-3.663738925263987367e-01
-5.109381356251885276e-01
-3.686927130319089807e-01
7.637409971668749353e-01
6.280589565971529398e-01
7.711290991283855645e-01
6.837505919826066814e-01
8.289541415822637704e-01
-3.483451702531985550e-01
-2.097678491453966121e+00
-5.147171619107140383e-01
4.535775049465530229e-01
-1.136018374865520597e+00
-1.401496519069516333e+00
-1.793725957497648960e+00
-5.500013878234552678e+00
-4.643019522327397119e+00
-3.810145230377663061e+00
-3.343560467369059541e+00
-2.237170048963241342e+00
-1.474618196909139423e+00
-1.089800443444872258e+00
-1.734483420799901310e-01
4.914263970324170838e-01
-2.227643578191088880e-01
-2.351760990774504345e-01
-1.528552232898014118e+00
-7.379166966091467161e-01
-1.505415678322808315e+00
2.617418823801402894e-01
1.518400293013302538e-01
-6.435216513803576621e-01
6.185625014453248749e-01
-1.345266935804455333e+00
2.234921269419816447e-01
1.104795015489012044e+00
-1.254796634887870077e+00
-8.204141341573496504e-01
-4.278205969767567840e-01
1.577123106081768089e-01
-6.626208359874405929e-01
-2.436481405967121816e+00
-1.590562250377833609e+00
-8.753797029203103097e-01
-8.810053532139705545e-01
-1.102155579965228949e+00
-5.665302405782868256e-01
-3.093989817289970912e+00
-4.412046487313923571e+00
-4.393299105916810277e+00
-1.273399761659478102e+00
-3.109846933065184560e-01
2.049963346283677212e-01
6.501619526109011504e-01
2.111114399983271550e-01
-1.847251719686539895e+00
-5.503050622842664552e+00
-1.859984114198715233e+01
-2.086858747299472228e+01
-1.558993664779030297e+01
-1.206029621374693406e+01
-9.560296319022572931e+00
-7.164791770656590231e+00
-6.412321899046068197e+00
-7.027716070179803154e+00
-5.691575261742243264e+00
-6.517031416266013011e+00
-5.387640816140621958e+00
-2.331194769941785871e+00
-1.197193202019122826e-02
-1.129903878290137165e+00
-1.394779953224322577e+00
-3.813931940588460856e-01
-3.456704143215344693e+00
-1.938604521316068086e+00
-1.661626966391343663e+00
-2.481549935549463015e+00
-3.902933311240059044e+00
-5.779203842074514874e+00
-1.515601228675706125e+01
-1.368255650915001986e+01
-1.049355215962125243e+01
-8.270824801519829350e+00
-6.898653683626889688e+00
-5.774016175127707484e+00
-5.075100070276652886e+00
-3.599781424837400490e+00
-4.100758245638097321e+00
-3.228688380766142618e+00
-1.586156657813497350e+00
-4.801134497485102237e-01
-2.866906917296341728e+00
-3.944945484054547702e+00
-6.396745951521640272e+00
-7.247462020183057518e+00
-3.672301224340877912e+00
-3.401039945251276730e+00
-4.383390924613367545e+00
-4.011995377338819502e+00
-5.599456575697058014e+00
-6.465261727519145296e+00
-7.113015771886150418e+00
-6.175152935438184443e+00
-4.465475758300868847e+00
-4.297124012698088080e+00
-7.521331062004449564e+00
-7.554038101315562415e+00
-4.584520554039962725e+00
-3.621882955327532905e+00
-2.481958247940880824e+00
-2.115570125401509127e+00
-4.819918566813199412e+00
-1.677179909780414313e+00
-1.458000618535745918e+00
-9.838697899383159751e-01
-2.923751468703271739e-01
-5.029880417289613881e-01
-7.827376254862830618e-02
6.974146835835577374e-01
-1.827496702161278963e-01
4.839025468899508242e-01
7.442438323504958486e-01
7.543368001024346459e-01
1.168114220571532247e+00
1.132199160037755226e+00
8.412738951021917488e-01
7.703490287620134991e-01
9.716672320265299367e-01
-3.995537391337963817e-02
4.879783079228497966e-01
-6.980896741345494760e-01
6.363728984962354618e-01
2.179291982625730650e-02
4.553033440368365881e-01
4.001851439705736979e-01
7.429579587540526830e-01
7.060533778332794830e-01
2.957130375212647655e-01
7.112529588167020023e-02
-1.250990321615281120e+00
-2.054147934465646308e-01
8.506056091981299971e-01
9.436599873543079220e-02
4.111968424142166123e-01
-1.129797190323986456e-01
3.813868678008204283e-01
5.663125309042458255e-01
6.079271942710468002e-01
5.208310559034424747e-01
4.949165383529112727e-01
7.420251310610356255e-01
8.607981241408563244e-01
8.074402343144478911e-01
9.636380246879542311e-01
9.575390846097655562e-01
9.727621483031607674e-01
-6.613232485437325892e-01
-2.431294428129050278e+00
-3.419266138677907740e+00
-1.737742009331413762e+00
-1.464804864594118960e+00
-6.310755873052865672e-01
2.083708504799252348e-01
3.313377863585442729e-01
5.603571475356319276e-01
1.078361048744676642e+00
4.408240759396148123e-01
1.134497712004998382e+00
9.332930270926969030e-01
8.839846257175727473e-01
1.204386446187769355e+00
9.111648373761441766e-01
7.823776583061108347e-01
1.119854655810910149e+00
1.229251013682571614e+00
9.026354918300202312e-01
7.319305867931451548e-01
8.685639358029676460e-01
-4.147763081011824893e-01
2.289456895528065583e-01
5.890856191222618721e-01
7.023115920198070850e-01
4.536614271619168193e-01
5.230574768891420590e-01
3.375960179764168068e-01
4.037091246472654937e-01
5.374151436992170572e-01
6.362657212262979867e-01
5.315315328284222485e-01
1.213824890810487611e+00
1.203999059370531866e+00
6.661671275907268819e-02
1.134132595969140400e+00
-2.231479300423572010e+00
-4.453883061006320698e-01
8.913680693611170103e-01
7.633391640675726286e-01
7.757771664698295266e-01
1.160476157870245162e+00
9.186324875131266499e-01
2.113526958309638604e-01
7.780530476138078910e-01
1.110854253498922750e+00
1.446181633777277709e+00
9.882461302024232452e-01
6.207004771597991744e-02
-1.313595326647619466e+00
-5.105686826783123244e+00
-8.028893058145037287e+00
-1.786659465899793631e+00
1.026194636634940593e+00
5.128468397291959802e-01
-1.539204955253091756e+00
-1.002552551676937043e+01
-2.582253036252443934e+01
-1.868531960351774401e+01
-1.258175355400571682e+01
-1.086640557930558870e+01
-7.797514821892599812e+00
-8.332998053043208841e+00
-7.103792632089898085e+00
-4.479728540466855868e+00
-3.966462552341668779e+00
-2.805915369162183648e+00
-1.792686186353431355e+00
-2.610093857029459841e+00
-5.768273383500033269e-01
-9.598926063922812446e-01
-3.717525432197866797e-01
4.968055689268990882e-01
3.836942470064782507e-01
9.580164827360251878e-02
7.413371784624186445e-01
7.872381554727680975e-01
1.237682927983875691e+00
1.123585858166479406e-01
7.107449041031443926e-03
5.614796298518422990e-01
-2.984056824746522896e+00
-6.285095179612626204e+00
-1.236025264505853194e+01
-2.749172092177739302e+01
-7.381451216349542044e+00
-2.357009743043707584e+00
-8.326817765752738687e-01
-6.460487212480114927e-01
-3.018992421891711908e-01
4.023986715765092148e-01
3.475138297692348388e-01
1.893113897608042495e-01
2.879994744912472426e-01
6.335809812549721975e-01
9.560615952159713382e-01
1.400743134633818943e-01
-7.524975775064872696e-01
-3.560547216722765196e+00
-6.593111915299926906e+00
-1.044479025110475057e+01
-1.097362518713392987e+01
-7.012237201938266828e+00
-5.168499915466456152e+00
-5.246684900061580947e+00
-6.623171150600869694e+00
-3.832626996044821599e+00
-9.801406002619312829e-01
-7.324460957413844731e-02
7.210832244394830282e-01
-3.624538666964693956e-02
-5.904754166331360743e-01
-4.512081218753885015e-01
-1.709152162692513466e+00
-3.602524864904256274e-01
-2.536512480900159350e-01
1.421582732265472826e-01
3.724670697397736152e-03
6.291276859228718543e-02
-1.495484143672603849e+00
-1.256997833252333052e+00
1.144071710220159410e+00
5.637168818994447994e-01
1.042773356100770377e+00
8.926194073291302544e-01
1.193953254972131672e+00
1.300334221500423215e+00
1.161688561468356751e+00
1.131705687176578268e+00
1.822478573050348105e+00
1.363052176784019132e+00
1.155105414113924089e+00
1.615236324071501750e+00
1.025390930317983784e+00
1.067284356728265715e+00
1.102504981600300971e+00
1.244338752005629267e+00
1.488330177827822176e+00
1.419457150387092748e+00
1.425365529843229950e+00
1.865328279361503805e+00
1.734777410426426636e+00
1.739709190454098886e+00
2.417574219582109496e+00
2.353880993286868062e+00
2.683418692505761705e+00
1.796406146133342041e+00
1.651458491807999751e+00
1.515191903572366883e+00
1.675997193070292823e+00
2.336982587812575840e+00
1.910730045736652061e+00
1.964756452043907586e+00
2.674838969260077359e+00
1.596928637197158274e+00
9.647672505312929192e-02
-7.016028747478215699e+00
-1.937316449122115358e+01
-1.773004817261626087e+01
-2.656807733127527982e+01
-1.861195442646262022e+00
1.718114994032077458e+00
5.334380719726690145e-01
-1.571536236555546029e-01
5.776324448864531558e-01
4.176856859327281457e-01
1.035755048000855716e+00
6.753945553660625212e-01
-1.524139861158652076e-02
4.688758922914160188e-01
4.230924020038781541e-02
6.812056033842527336e-01
1.150443738906095081e+00
-2.455285868209826916e-01
-7.023799642149787248e-01
3.353631792606394102e-01
8.342344127282640409e-01
1.140238223250847005e+00
4.343878906265579154e-01
5.149335704621307297e-01
7.080397746869018238e-01
8.733137888862642084e-01
9.671200369933617980e-01
1.019054818839621568e+00
1.103082051358825977e+00
7.931380136357336630e-01
1.176959960614141876e+00
1.257448559450760284e+00
1.166698426375882169e+00
8.022110234506536486e-01
7.656675814282641879e-01
9.886426710762209469e-01
1.010957977315337208e+00
6.869670840442400062e-01
8.135884060207477786e-01
1.588451066136063350e+00
1.161100070204441170e+00
1.058072665729659079e+00
1.191969208754069642e+00
1.046060861142913190e+00
2.100402398578340435e+00
1.699999616619836562e+00
1.183652033707576212e+00
-2.930608382659241062e+00
-2.719190881019659667e+00
-2.126120371412848709e+00
-9.576968723107401327e-02
-3.149110866431051869e-01
6.536102783556696494e-01
1.124878812259153094e+00
6.926246271648132113e-01
1.620403662945772538e+00
1.631975647995920431e+00
2.414570766336213481e+00
3.070161742735042498e+00
2.413409100470789603e+00
8.651774588283903666e-01
1.683472929558166742e+00
7.712474681674575949e-01
-1.419040587809283105e+00
-3.449187948140990834e+00
-1.570908354512784122e+01
-1.252170493769044235e+01
-5.000166608734132545e+00
-1.522975603690349011e+01
-1.252457710570887883e+01
-5.821352698932470204e+00
-4.110924587914079886e+00
-7.918515734024948571e+00
-1.157358622982424201e+01
-6.663603261093697938e+00
-3.818167135532339884e+00
-1.887984194918457037e+00
-4.777282389847018473e-01
2.833339799781811608e-01
-3.937537557609424033e-01
-4.367345053155187173e-01
-8.953094436817485846e-01
7.184943427613027511e-01
1.202681037135281406e+00
1.451647614819723264e+00
1.610336597247300716e+00
1.712438390413405509e+00
1.875565671106224519e+00
1.639776014810766958e+00
1.703359202052115107e+00
8.571046454543368442e-01
1.151414128177840723e+00
2.456813265264754798e-01
1.202421185848378204e+00
1.205292872636855250e+00
1.398221173873303469e+00
1.198572532907301147e+00
1.777910163955988665e+00
1.616767871949379431e+00
1.071566641679045251e+00
2.522436219526128287e+00
1.418269581972307458e+00
1.425465302195121575e+00
1.149033107588902647e+00
1.069576908845443208e+00
9.123769072621495946e-01
7.953853158317701899e-01
-7.864352388324585830e-03
-3.801762879087202229e+00
-2.208660531391343440e+00
-3.324025608707984247e+00
-6.042428597031037185e+00
-2.544609510907742234e+00
-1.532600965021370998e+00
-2.029508275574973375e+00
-7.922686333220323007e+00
-2.107726617151572945e+00
-4.724427607727485601e+00
-6.799040561724290832e+00
-2.818660285187242209e+00
-1.741971241679441285e+00
-1.104957185048556667e+00
-1.325967824648012883e+00
-4.182560745110660783e+00
-1.945944866517259397e+00
-4.856067350590171916e-01
-1.426202633972775358e+00
-3.582890774421416236e+00
-7.122391166832854559e+00
-7.469262286425756514e+00
-5.043170934531358895e+00
-5.718580283766119265e+00
-8.325510685753860329e+00
-4.442894881432466470e+00
-7.629212593349007143e+00
-5.151045749296385701e+00
-1.680117972356456046e-01
1.009947760317540633e+00
9.786580653400355212e-01
1.337368157722166995e+00
9.621298593284929312e-01
9.255629585394600234e-01
-7.645035356399640381e-02
-1.930440326070391288e+00
-1.252453348703475688e+00
6.281989998026291655e-01
9.847791463297009829e-01
8.137946745499542445e-01
-1.209256353497872860e+00
-7.022519031962671798e-01
6.828698246674493877e-01
7.725921868916998392e-01
1.107827261125593266e+00
1.046619685570710168e+00
1.210766518620079335e+00
1.336039704004504891e+00
1.126341338000386605e+00
1.578808422957395541e+00
1.392716521795928530e+00
1.252504050050181394e+00
1.382765239147238256e+00
7.875737764234684857e-01
-2.818387017798160699e-01
3.211396032346875984e-01
1.049805563964998356e+00
1.299445216123218616e+00
9.512343355576622361e-01
-1.529540549562543816e+00
-1.049857750760239661e+01
-5.489271758852973804e+00
-3.129969541835419200e+00
-2.788608865033136208e+00
-1.497482307790955369e+00
-4.901956549202922675e-01
-1.838750637339489902e-01
-1.013898713944148211e+00
-9.230609626400954060e-01
-7.947858114312871258e-01
-1.522462683613503343e+00
2.075488388022366237e-01
7.696777018794124237e-01
1.217560570568456402e-01
6.312768600243980899e-01
1.435346118186308084e+00
9.776498889106632895e-01
7.521139872452378139e-01
1.004716056506224309e+00
-2.590153512295824800e+00
-1.193078450668025869e+00
-3.852564499038633183e+00
-8.717456776195039225e+00
-9.455094253033843543e+00
-2.511814881825191748e+00
-5.969245134077136861e+00
-8.494061470115366053e-01
4.288112752167720920e-01
8.668960986795321011e-01
6.006266084167140029e-01
4.268395529845506742e-01
8.063832085448799925e-01
-4.416408959040556415e-01
8.900147006173936282e-01
1.012446886024984227e+00
-1.151105352692321615e+00
-2.338247030304519747e+00
-8.402070188715440313e-01
7.841789947096214908e-01
-1.961117268638972844e+00
-6.027618773427940724e+00
-3.638026020776814473e-01
-2.991313010403891415e+00
-3.080890322734513020e-01
4.587643151092183347e-01
9.642806950983215941e-01
6.398198225692413033e-01
6.019446438140307887e-01
-1.722611309621269626e+00
-5.096710663520964690e-01
1.248698938861160679e+00
3.332934153756336171e-01
-3.555690938542535040e+00
-1.023344366138983219e-01
-5.663286591099097045e-01
-1.900900240548893949e+00
4.655886572118432820e-01
-2.109774786928315382e-01
-6.508206050674756327e+00
-1.052528420845333557e+01
-1.543489647866834780e+01
-1.131015412288521915e+01
-4.062739537202307183e+00
-9.017942509816830210e+00
-4.719329336304491029e+00
-5.306456343017726951e+00
-2.890975451405962460e+00
-2.185069285372765790e+00
-1.858267921237133580e+00
-6.590005541747628870e-01
-2.084324342919670059e+00
1.749150025600677283e-01
-3.739762780551000310e-01
4.113276224860873409e-01
2.460268886383255582e-01
-3.987154165038835352e-01
-6.939980409822501528e-01
-4.459805984300584392e-01
-9.778807886860279019e-01
-3.966904834075144937e+00
-3.808377434317911092e-01
-1.290629840131989337e+00
-2.084997566760804943e+00
-6.463542326620935752e-01
-1.802352751794025210e+00
-1.566379229418876751e+00
-5.254598838588347975e-01
4.925522679882867738e-01
8.618552845069600288e-01
9.797470302882582693e-01
8.106093907486429107e-01
4.962450458224593852e+00
8.271664725972778243e-01
-4.485445270754271352e-01
-4.225687521873979779e-01
-6.312041796854740427e-01
-7.873421449903323932e-01
-1.036064575278642097e-01
1.045914877878051097e-01
-2.089736727070848066e-01
-8.422509369436448345e-01
-4.176686088971569788e+00
-1.619010632637110092e+01
-1.772709631321698964e+01
-1.496092784926408825e+01
-1.048738042959189620e+01
-7.245045911861852872e+00
