4.612044654440226488e+00
2.822287208160222605e+00
-6.506081433120562973e-01
3.084821005379184022e+00
-6.662581237222169328e-01
-1.579765573834008840e+00
-2.103380124765695136e+00
-4.155965581863576563e-01
-3.379981305317606211e+00
-3.633188422456707034e+00
-3.659270414423939410e+00
4.763687211798689480e-01
-4.415643257288093260e-02
-2.050764666633867250e+00
-3.297044998138399574e+00
-1.379262195078977182e+00
-6.980743878669193325e-01
-5.248412032839966379e-01
-3.401193428165270038e-01
3.737703245054572854e+00
3.795570979937695988e+00
3.597731696934026946e+00
6.339299079237761703e+00
6.797416620112286978e+00
5.664181522406638081e+00
2.861416595577771282e+00
1.989273756420359751e+00
9.571734233433638606e-01
7.520697590431387747e-01
-9.035252675876193074e-01
-1.701524799954160727e+00
4.769536235668909718e-01
5.688599182604296089e+00
9.237877679142290077e-01
3.567709210480116688e-01
-1.405003094581723566e+00
1.649463609311757839e+00
7.932511261466520525e-01
4.994408977116152615e-01
2.191232716359683863e+00
2.536639049656233880e+00
4.122171474328126806e+00
3.282304528336176475e+00
-1.000890255400770812e+00
2.581089922167723039e-02
-1.356846592756528747e+00
-5.730573124829474452e-02
-5.726069855943671794e-01
1.791705081733302451e+00
4.976579794131508194e-02
-1.130299249099917969e+00
-6.240160973817951984e-01
-5.222540179275043215e+00
-3.167534561586751618e+00
-3.539566604018349327e+00
-2.508900522074361206e+00
-1.233709472308507582e+00
-6.908025966852220368e-01
1.808367733473670969e+00
1.495857005352298374e+00
1.143422929822051071e+00
-9.703816117899322080e-01
-1.573464063931636847e+00
-5.477900186036239738e-01
-2.877704805691696510e-01
-1.680596286312220133e+00
-3.888932660079463144e+00
-3.123079747062224687e+00
2.594754002822383221e+00
-2.042175482932653274e-01
-1.994144098484449845e+00
-3.068071992263503578e-01
-4.860491971533848599e+00
-4.705417002421475203e+00
-2.320482194088441474e+00
-4.635433196827614566e+00
-1.831483168665577921e+00
2.227185901329451490e+00
3.438829092953196831e+00
3.531577330567773565e+00
4.164330591173540874e+00
4.979027931837292087e+00
6.469195796680358157e+00
2.883538584513479108e+00
4.987556293501215876e+00
7.209610219617445637e+00
9.352737586800712322e+00
1.045649029962216758e+01
7.829709985802237426e+00
7.234367024948998193e+00
6.549864104413066102e+00
6.588658310620665759e+00
5.944385655545215030e+00
7.656072709145302468e+00
1.654695337893683726e+00
9.717639075747209754e-01
2.625917159402502143e+00
2.981277583398604492e+00
5.023718783179390357e+00
4.351371413169447422e+00
3.938472771896118552e+00
7.685998142233980701e+00
7.717948078156673830e+00
5.447919689567697787e+00
5.567663367881877434e+00
1.164587729149507389e+01
1.411718549547688539e+01
1.545084203934366585e+01
1.425591737117677660e+01
1.130549323216211377e+01
9.906389128829031776e+00
8.112333182963151756e+00
1.034104169794123784e+01
-1.445882796233200818e+00
-1.616050545657763404e+00
-8.726846847250069317e-01
2.681528492606863878e+00
2.742822106057593246e+00
4.926032507461946430e+00
3.287511092763848453e+00
-1.276988411854544925e-01
-4.935114310085420009e-02
-3.142862011136361655e+00
3.981106406352742377e-01
-1.168468462477783021e+00
-3.646989098972317489e-01
1.057924655213655640e-01
3.022555762460960693e+00
5.103524237783993556e+00
3.029313195584553142e+00
7.556403362566657123e+00
8.786358322405249055e+00
1.306512521808333815e+01
1.371711640544836008e+01
1.303017829530119620e+01
1.335906404312856921e+01
1.117369487237127501e+01
7.353102333682850045e+00
6.672918393976873475e+00
6.958430202093143890e+00
7.909931379688350361e+00
3.199048759159806021e+00
5.604112171733012460e+00
1.039799514939385539e+01
5.999105205095462523e+00
2.216457010918564841e+00
6.661161071458085559e+00
4.132004622622268641e+00
1.565958221145579898e+01
-2.880001938253316407e+00
-8.439990577332967803e+01
-4.203312329489305910e+01
-1.529168266821387334e+01
5.190567252773956142e+00
3.406984555337808729e+01
6.923905724464533762e+01
3.698380607724183733e+01
3.776352336279528288e+01
4.623489977156054920e+01
1.144498449578909316e+02
1.521576149875331510e+02
4.498579389821446561e+00
6.243617737617970676e+00
2.390572935668725751e+00
-2.373943895278908034e+00
-3.061603310034007652e+00
-1.497197084973871384e+00
-2.469127053379532644e+00
2.711749057802085083e+00
3.658962702906930264e+00
5.220112943663034244e+00
8.989861490568264557e+00
1.228327758333185971e+00
2.757524198677178795e+00
3.790340162324232764e+00
7.427863011277338501e+00
8.062090221394850431e+00
1.206552266788132854e+01
3.616666747356061862e+00
5.897981837377445302e+00
3.730285828251509006e+00
1.414813777566573227e+00
-1.927270972904114643e+00
3.394721647429705946e+00
-4.067829127416286994e-01
9.588478759625682635e-01
2.205192456754836883e+00
2.871787305130082402e-01
1.809084345390469917e+00
1.084709362204391514e+00
1.786123496399718569e+00
3.471116288071405709e+00
3.492951145949493075e+00
4.186299870043159732e-01
5.047377196982695269e-01
-3.069405771832525165e-01
2.684078618442006459e+00
3.348298519173848131e+00
4.376276096680445704e+00
5.473735562778568209e+00
3.879895463763908037e+00
3.185811928339885135e+00
1.083527805227335161e+00
-8.353977197959534529e-01
-4.442479553303491091e-01
-2.310674982602828109e+00
2.233107366210878908e+00
-3.723966136195984600e+00
-2.326682920214947714e+00
6.041511446915045269e+01
9.450147340075483271e+01
-2.270089729263640610e+00
3.773704170758050758e+00
-6.515847671292809284e-01
-3.725568317421082742e+00
1.367598348043267187e+00
-2.429088282634810358e-01
-2.613574209259422521e+00
1.731260120268590441e+00
2.418476169474470083e+00
3.561779549006646395e+00
3.569757093991431152e+00
-1.644575732966844228e+00
1.785002519887426420e-01
8.708538434852364674e+00
9.866898284463458069e+00
6.668978373988114328e+00
1.172154383064447192e+00
1.684578204488000885e+00
9.493639713037440586e-01
6.129170245401413197e+00
1.482549582392855170e+00
-1.307791358136543103e+01
-6.909202481445495536e+00
-3.909709981045970562e+00
6.127768058860111111e+00
4.484634618622609814e+00
5.850326514715600723e+00
3.044345201613164242e+00
2.187898307425729882e+00
1.864216992544045937e+00
-9.883205579375911043e-01
4.989705431752522458e+01
5.855763921278688144e+01
1.149365594680892855e+01
6.185740402600091059e+00
8.369100975371971396e-01
7.712429151016268136e+00
2.066628093872776351e+00
2.244104954283825393e+00
3.104951670668426811e+00
6.214230914361974500e-01
-2.045367200239934125e+00
-2.155232444298068373e+00
-5.530554900066544377e+00
-3.552622468208281870e-01
-2.707601890029106340e+00
5.700796712213428430e-01
-1.881294157900329278e+00
-2.756188151813911080e+00
-1.619463902539813205e+00
-2.124883262829842856e+00
2.692658533898384388e+00
-2.266368113902299530e+00
-3.711633901269909774e+00
6.417791452007419739e-01
3.248449607122709804e+00
2.332680182725712648e-01
-1.531040172494886331e-01
-1.034412458326366746e+00
7.317458904429944289e-01
-3.760984602024190604e+00
-1.274515163662128803e+00
-9.896595500757765507e-01
-1.134306812358529370e+00
1.202291028748744939e+00
1.910129343834086724e+00
-1.314513713191717503e+00
-5.731160808065038914e-01
-9.551588011427396552e-01
1.993480901165630037e+00
-8.045782723187548946e-01
8.069953468539825536e-01
-8.991518472830581921e-01
7.890470456037921299e-01
-3.638632190764186092e-01
3.586624661495047217e+00
1.653785300899080601e+00
-9.833028133354786426e-01
-4.336948747589998376e+00
1.030068036703384982e+00
7.575161989156340425e-01
3.512832081488892921e+00
1.407329051498811268e-01
-2.507298578426789604e+00
-9.360980561026965852e-01
-2.974974803442680393e-01
2.042249973704971744e+00
3.867763191853563765e+00
3.881939403091176022e+00
3.853899035889246871e+00
5.454065597595628034e+00
-3.938900161541680323e+00
-2.740931387437013367e+00
-1.616233276629337468e-01
-9.784622502800743860e+00
-5.973489111122564310e+00
-2.747304367251858181e+01
7.883678070257561288e+00
-1.110449241561625477e+01
-1.387707003100724279e+01
5.806427598413499425e+00
7.588087146785939652e+00
7.640559490029684042e+00
5.610745500110903450e+00
2.181647683119127823e+00
1.919370698982477697e+00
2.483742256313928642e+00
1.653094270654946518e+00
-1.360032217545233291e+00
5.002080902899971093e+00
6.447866624109417799e+00
2.910084160308499257e+00
4.862465520261814333e+00
1.291177925625010658e+01
6.902271049798529567e-01
-8.395855855397256562e+01
-1.692932995963478859e+01
2.472521315317302992e+01
-5.665487734631899031e+01
-2.588049509980301810e+00
8.385871791881664095e+00
3.981685426600113153e+00
-3.529231624191020433e+00
-3.444777698992573800e+00
-6.493812366466151786e+00
2.556060169398101323e+00
4.616578020205858168e-01
-5.449229938690582031e+00
-6.586056737826233132e+00
-3.059301781673387399e+00
2.200485815481749263e+00
-3.947223244569435519e-01
-2.669394760037762104e-01
-3.120182763201149623e+00
3.832184569585316947e+00
-3.675615582395441727e-02
-9.934535091457532552e-01
-2.108797044759996187e+00
-5.741145561124564978e+00
-5.490775636372653423e+00
-2.877680921022669924e+00
-2.946569561303060691e-01
2.021753947465542822e+00
3.151138010484964980e+01
1.925606506717336686e+00
2.201067824112963223e+01
5.513705180581435883e+00
1.258481295303184844e+01
-6.166785787950048725e-01
-3.918327330388915453e+00
5.152321538106134469e+00
6.137066457109552786e+00
5.792899589842335217e+00
1.279203263214967468e+00
1.685550573701799060e+00
1.246130879912654699e-02
-1.382797268068891139e+00
-2.515524673569301317e+00
-4.226708752503396394e-01
-2.801712907234382488e+00
-3.325501801749955799e+00
-3.104814508466199552e+00
3.341341619732191681e+00
-4.482158048446360787e-02
1.465171477435581959e+00
3.206568224497559072e+00
5.263242059380120352e+00
2.272789758049194475e+00
-4.133161817963957319e+00
-4.029126600910130307e+00
-3.269076039611686912e-01
-1.645168768759612821e-01
-6.679530369560549019e-02
-3.905212013759871148e-01
-1.970993712452870916e-01
1.015079384562729947e+00
3.195876536708941451e-02
-1.853552402039055469e+00
6.332104004046739121e-01
-3.373201668545031673e-01
-1.086139729088915207e+00
-1.854181260059347913e+00
-2.153334612717386243e+00
1.585117387871659567e-01
-9.692347667145884138e-01
4.015656182599713908e+00
1.230786976612392447e-01
-3.984742362077700051e-01
-1.197349765915297848e+00
-2.878520724474783687e+00
9.207828112781649699e-01
3.582684713387014774e+00
2.674596383776923769e-01
4.327350089824189006e+00
-4.620785708573492911e+00
-3.213213824006458719e+00
-4.849427413295684275e+00
-3.927905471854872044e+00
3.281161042216425461e+00
4.179464067054647458e+00
4.125840534047844343e+00
-2.407349095623199098e-01
-1.116815500914106973e+00
-6.791173002471905917e+00
-1.722091919659098025e+00
-4.035084973739003544e+00
-7.054900287481506993e+00
-6.011021507305521538e+00
-3.352432853381837052e+00
3.670502541653591244e+00
3.129370252100681871e+00
-1.190189859777093684e+00
-5.192742986730166876e+00
-5.053714618069342634e+00
-7.282664790936971499e+00
-7.367908430563767652e+00
1.575509854074101268e+00
1.358387195144775994e+01
3.628648194549042927e+01
5.160052092149088310e+01
4.232036863920905034e+01
1.679810636125639434e+01
6.721110319782205522e+00
-2.425258834587074031e-01
-3.125876474868597210e+00
-3.115329753312889860e+00
-5.083589497689152026e+00
7.390981941085808415e+00
-2.162036194714850534e+00
-5.225737349418187350e+00
-5.504169493162613946e+00
-8.068219747083515969e-01
-1.223747076071322049e+00
-6.308717818255120680e-01
3.365244259971535978e-01
-4.481810742275719406e+00
-3.304624842601046719e+00
-1.293988997500181259e+00
1.381759029696430163e+00
4.032806519770610443e+00
1.684245412654760354e+00
3.344941848628582903e+00
4.534665103980547229e+00
4.978222136924829400e+00
3.306643597532359813e+00
1.645891873286032592e+00
7.427130892386302197e-01
4.471066738760514081e-01
-2.544055055213965577e+00
-9.720577009888975439e-01
2.222591459923823010e+00
-9.618190983386748272e+00
-4.731601474892169534e+00
-1.430950632372221243e+01
-3.342177755009517970e+00
5.742830160170967702e+00
4.073520202970961179e+00
5.883117370915840638e+00
2.347595102260967348e+00
2.079408827826390471e+00
-8.469519888628212811e+00
-4.806200806318152274e+00
4.183297746575567189e+00
3.287963289312550330e+00
-2.490428786377516079e+00
4.288614941087990573e+00
1.236329720291348444e+01
1.267623729194786542e+01
3.510326726022772448e+01
5.774114003906844772e+01
2.677032160911204528e+01
1.111198791844265656e+02
1.089537020938152097e+02
2.434647932803375170e+01
-2.809573825987010665e+00
-3.615933712794440869e+00
-3.451297802074252186e+00
-1.128460816007906153e+00
5.545934126779794582e-01
-1.399919076009790153e+00
2.442190993045213254e+00
4.143338998143670793e+00
3.551831479464786945e+00
3.727697331247472157e+00
8.208921265027322889e+00
4.237669555812667355e+00
6.447955645114067380e+00
3.346830133128672280e+00
7.011335404261282989e-01
1.843105218647488330e+00
-7.118735878357281166e+00
2.680926087706884076e+01
2.484001246633940063e+00
3.488096551923201005e+00
-2.567008581908847287e+00
1.287977598011008951e+01
2.607769669410299862e+00
3.888282346658372468e+00
7.122649992982964307e+00
6.120222378831437382e+00
6.561936745152822326e+00
7.681716615769470735e+00
3.159510302075548616e+00
5.582827108027776930e+00
6.489242922673373215e+00
7.308701556993586479e+00
1.356790082737110836e+01
6.406215156544490696e+00
1.141128942041616945e+01
1.056709675414950489e+01
9.651890714237495672e+00
3.621565409854906825e+00
-3.631566041431262715e+00
-6.341327560292208787e+00
4.452275778653982385e+00
7.823741110278751520e+00
4.399985574480643535e+00
-4.057260620518622574e+00
6.252122749007439140e+00
7.209390549956504302e+00
6.751162738204211422e+00
4.295810777498177302e+00
-6.567074250639732824e-01
1.415054541388983456e+00
-2.338727157440539273e+00
5.777075998861228356e+00
8.615664377787670247e+00
1.171822154629973411e+01
2.172992888845146808e+01
5.741505511999372402e+01
-4.774448738830443517e+00
7.758593748973648729e+00
6.987801423523558597e+00
3.603995312192633360e+00
1.597922650587395133e+00
2.045432660664351587e+00
1.779155056344781993e+00
3.198259933322607385e+00
6.134612165756125890e+00
1.022016819143752864e+00
4.423224204346288602e+00
4.165016923100978374e+00
-1.304175586883677962e-01
6.049829903226341399e-01
5.026108877138677400e+01
9.771380903176550703e+01
6.607641127311008233e+01
4.326640579669416553e+01
1.118145894925270234e+01
8.594473376774710571e-01
5.443033724842287757e-01
5.475984455432671183e+01
2.036752156233996658e+01
-1.069380283596482073e+00
-1.160940101823653148e+00
-7.827892320016016647e-01
1.111842754905389974e-01
1.299589285616948420e+00
3.178895221716455666e+00
4.385430172109328950e+00
7.172297048847825707e+00
2.291374379731306643e+00
4.770339453446021061e+00
5.879646460412324416e+00
1.179504883054790509e+00
2.126402765193367017e+00
9.411163628615715204e-02
-1.470810329471845534e+00
-3.861659037310347653e+00
-2.751080670271969897e+00
2.360016948829437311e+01
6.339796875816227129e+01
1.329471054422228065e+02
4.991405659463654132e+01
1.154126011580532918e+01
9.612337066536813523e+00
5.290857604921014712e+01
4.690127264838397991e+01
1.186781725764379303e+01
7.259287983554415291e+01
1.226469848453696159e+02
7.072604699995537203e+01
1.040545335752863423e+02
4.681100229143034142e+01
-8.212285196901230044e-01
-2.140909577860290902e+00
1.707213697719048540e+01
1.886691350190455552e+01
-2.217297800070748170e+00
8.939863122733983758e+00
2.192170902740915750e+01
6.396939600963026606e+00
3.634569044367146340e+00
5.104800789442241360e+00
9.220693719135750754e+00
1.076670023616446414e+01
2.777991363755522691e+00
3.392306051673673384e+00
1.583312394918944044e+00
-7.579157223704147128e-01
-2.702752815038314882e+00
-8.468745433120714594e+00
1.601379785810275536e+01
-1.404333209848677768e+02
-6.284048928401180234e+01
-4.600287594706992422e+01
-3.464019665457038144e+01
-2.083145096788756945e+01
1.449256198818650976e+00
7.224028815569064932e+01
1.183435365837612636e+02
2.707416654296354963e+01
7.237991404612127866e+00
9.850986060810305034e+00
1.623909707745483288e+01
1.179971078471675305e+01
1.791730393520071729e+01
1.051983868740223116e+01
-7.259133042373624445e-01
4.434362783417297393e+00
1.597927579524059105e+01
4.062372304898944719e+01
4.270613686974009227e+01
4.543965853870674465e+01
7.979905899034843486e+00
4.763571051457954342e-01
-1.196192303828051529e+00
-1.852040797956574281e+00
2.442631201393312690e-01
1.420874020406113214e+00
-1.556524412201184315e+00
-2.193588779728290916e+00
-3.720588281042509937e+00
4.211743036188414635e+01
5.307785626268025680e+01
-1.140125423452720099e+02
-5.437575556823217227e+01
-3.357985809380765829e+01
-1.096237002050305165e+01
-5.464163085341303017e+00
4.831858499794311257e+00
-3.629070827457480330e+00
5.880632279106974281e+00
7.673379661219154713e+00
4.755211728058700515e+01
9.107303223698495742e+01
1.013723567106926140e+02
6.820442507072662863e+01
2.597879145668674994e+01
8.222615950482223823e+00
-8.224169671427629780e+00
-7.071657865306031354e+00
-4.615223393961027654e+00
-4.170511645580678106e+00
-3.234462027904778214e+00
4.424656963278284394e+00
2.764304135475699198e+00
5.264219264723651648e+00
2.905587669376995308e+00
4.348299377180901537e+00
2.146743529032001163e+00
2.335242726032521254e+00
2.762004751849534756e+00
1.293157039068771219e+00
3.346447806846332362e+00
2.053925734848406126e+00
9.707784760808245705e-01
-1.759545512779179255e+00
2.105021765782987053e+00
1.824962230005329644e+00
-1.031829474453437978e+00
2.187586263787777430e+00
-6.291531067134243926e-01
-3.642562985625871885e+00
-9.457973987635819313e-01
-2.232851717107415368e+00
-2.427231093974518750e+00
-2.777858787702113030e+00
-7.160386126228727832e+00
-6.089309338806701888e+00
-5.179009460285007194e+00
-8.093458471093402551e+00
-5.788967955131914422e+00
-2.549089369673269090e+01
7.934176001816823032e+00
8.433197066778831408e-01
7.732615802851073639e+00
5.328039978479349514e+00
2.855589381808556926e+00
1.085394123301785108e+01
-2.945612009444448010e+00
-6.996371007438728640e-02
2.842194375861685440e+00
2.297958848232101836e+00
3.038691482796601839e+00
2.991205803292029231e+00
2.001698533436509386e+00
-1.166216029690160916e+00
-6.665002791330818521e-01
-9.405324314849239364e-02
-2.629172689370566474e+00
-5.334604273398310781e+00
-3.196569239932162798e+00
-5.720310526470861134e+00
-3.744813357870379722e+00
-5.563822909476009215e+00
-7.900663889611186264e+00
-6.338446072669780662e+00
-6.186656377141824592e+00
-4.512171680637607096e+00
-5.443731015894709202e+00
-3.066024507869791638e+00
-6.692824079374244395e-01
2.685620302030142348e+00
9.255779650788167334e-01
2.632394473023568437e+00
2.420371954288578209e+00
-3.048463701980086427e-04
-2.838765692147557917e+00
-2.241660955413447009e-01
8.152645959902193873e-02
-7.053807234555653505e-01
-2.245649474228300857e+00
-1.706478005308137647e+00
-3.927931350340693850e+00
-3.068195184241652829e+00
-6.672317008342762534e+00
-6.859234952375546257e+00
-2.299999341615162951e+00
-2.402134029321195019e+00
7.715698917784445943e-01
-2.546123434974134625e-02
2.498680653562030507e+00
-6.573057076404518195e-01
-7.308779345432462549e+00
-3.463733338915301108e+00
1.568549550153407246e+01
-1.328927660108786935e+00
-4.272307392398163373e+00
-6.365569593981032170e+00
-7.752975135462104816e+00
-6.639253484398166094e+00
-7.157893357718622340e+00
4.384213508263247405e+00
-2.939860476425689040e+00
1.248216026865327066e+00
6.521500798441524083e+00
4.654665386932391513e+00
3.310383673086334078e+00
2.642462080409467617e+00
1.908883790067238184e+00
9.610087267659491728e-01
1.114112684823951760e+00
-1.543548816902221787e+00
-3.622858701246757018e+00
-3.030065086428449295e+00
-1.819780640836433871e+00
5.692825411695211502e-01
-9.619970794867955810e-01
-2.126731584708057010e+00
-3.495597858173811634e+00
-5.011372737884034478e+00
-5.834716764775887299e+00
-8.253722206557153385e+00
1.646437972424546103e+01
9.108109583371932771e+00
-7.326193507272433791e+00
2.627638545594210395e+00
3.552188635763730673e+00
1.747289050089771756e+00
2.944147089893791147e+00
4.768679787928744140e+00
2.056457668902785585e+00
-1.318382315119201564e+00
-5.513009640769903630e-01
-1.200677372530517317e+00
-4.033073088751860880e+00
5.707563174177657572e+00
5.861030206434313783e+01
3.997942356192558577e+01
2.554764197919779178e+01
7.381344220069607331e+00
4.122355796509314274e+01
8.514033612270633000e+01
4.790424642342230754e+01
1.283962689999530653e+02
6.585989949118776110e+01
1.598271895212937643e+01
5.396984632895414080e+00
1.842575920850113791e+00
1.951809345369204474e+00
-3.638417646411462592e-01
-2.292591542511625669e+00
-5.897281064371851400e+00
-3.700081195980913673e+00
6.571487977302833405e-01
-2.997108585447965101e+00
-5.894055241161929359e+00
-2.274368417378557883e+00
2.945788403296970515e+01
1.498231756132311787e+01
1.171967596128253852e-01
-2.553740360700079037e+00
-3.393986660893123730e+00
1.511432803673804948e+00
-2.932832092886867859e-01
1.369095152262313375e+00
3.566358400688643293e+00
2.354888447552003328e+00
3.011795787602062902e+00
9.660604127168452848e-01
2.508602594115783901e+00
2.403146162061134739e+00
-1.052823839858321175e-01
-1.239512613470948210e+00
1.651325930963630562e+00
1.994365712271866986e+00
8.891376181622628883e-01
6.753708068046021529e-01
-1.211957885826049353e-01
-4.063905557689160286e-01
3.152503951314059583e-01
-1.595488448403193260e+00
-4.527504425825163992e+00
-2.672340166782752657e+00
-4.399830265550573216e+00
-2.981374664677392428e+00
-2.350893493661106337e+00
7.311029475264541055e-02
1.123475775004974198e+00
1.284500226076250584e+00
-1.942629969119696653e+00
-3.386711320756121690e+00
-3.351666283304322480e+00
-6.042693324107530017e+00
5.251508589998913346e-01
7.374817878461831810e+01
7.158596085370955109e+01
1.199828985543919480e+01
3.514770783919475861e+01
1.172654647217738102e+02
6.741254787658047576e+01
1.488381562838798544e+01
9.490515785163681217e-01
-1.355664098760624992e+00
1.297050263197399911e+00
4.649508153882520034e-02
-4.226245048033172580e+00
-4.810787428452934833e+00
-3.922674795746007970e+00
1.551687049831053766e+00
1.174861385665342484e+00
-3.057915103720426853e+00
-4.167232347710104534e+00
-8.976713356252677301e+00
-3.338923104468317415e+00
-5.485561442025133516e+00
-7.989751941632929899e+00
-4.925763863814081489e+00
1.326353272327870592e+01
1.398628068965741544e+00
2.225867542874861993e+00
2.918965593532112379e+00
5.960864201438976551e+00
6.862678662850917988e+00
4.776199755589848550e+00
7.595495442786733165e+00
2.148587794071297630e+00
4.196521237166008333e+00
6.911132057673745166e+00
1.494381742138172431e+00
4.309555307882943609e+00
3.718220197956672024e+00
1.666160544251188647e+00
3.894171175820518638e+00
3.636487567934991283e+00
3.014934543119978994e+00
1.754411357703415275e+00
1.091930841068556424e+00
7.057241482752872885e-01
-8.427768208964847574e-03
3.173333555966976860e+00
3.695586557748237189e-01
2.226716081617384546e+00
1.444434366631061728e+00
7.735160353620641471e-01
-3.942722702072654517e+00
7.204053494375090239e+00
4.167752653140266261e+01
7.636102883897910587e+00
8.831839043057780003e+00
2.665014425793029496e+00
8.163994640188843022e+00
5.458819178284459284e+00
8.100940712732521476e+00
6.253438166547869770e+00
6.036667782102460578e+00
4.155705970486668122e+00
4.764143582339169569e+00
1.681030816529624161e+00
-1.082006824874189199e+00
-1.068230138320864331e+00
5.762499941577612361e-01
3.533514822928392807e+00
2.451228285835372134e+01
1.764437245406656274e+01
7.032340633748876968e+00
6.368690172621027656e+00
2.594899443135325612e+00
2.862499491605360546e+00
2.218822367106479376e+01
3.390208444632797580e+01
2.314012274228799271e+01
5.948973974977654677e+00
2.053576340407822887e+00
-2.355239189498514740e+00
-9.074322018647005272e-01
3.044981882331827538e+00
1.053707930254244030e-01
-4.188371234740666083e+00
-1.038691958104424096e+01
-3.887557760196060475e+00
6.036575737063381908e+00
1.751291388221706269e+00
-6.706763427610791695e+00
-7.226440576040790376e+00
-7.238860594115887892e+00
-6.779329247584170659e+00
-3.422922748472555288e+00
5.200778714202134445e-01
1.356055363481859111e+01
1.781254175110818849e+00
-5.767705224748407744e+00
-6.057219586649660314e+00
1.029784234123737985e+00
-3.209204708236585102e+00
9.865045184581968662e-01
1.741960422671288811e+00
4.980709515836487356e+00
4.452369925267019468e+00
1.849922650201592411e+00
2.472421966631666912e+00
7.938805982956880225e-01
-1.987086878110619903e+00
-2.110562520220987448e+00
-2.278105917274028336e+00
1.763391106083882054e+00
2.417523876290943008e+00
6.106755483999185552e-01
1.585929220788727445e+00
1.332275380011290089e+00
4.304453023941205991e+00
1.928125442837608361e+01
4.164481895495757424e-01
-7.246235138728104985e+00
8.249034055850223979e+00
2.923087671387880615e+00
9.113767681402299425e-01
7.382567190111624100e+00
6.791408508610038197e+00
7.524076864934498232e+00
-7.317291714502713873e-01
-4.394142366310722636e+00
-4.162155567677160661e+00
4.085359617262309229e+00
1.048424939841289749e+01
3.369712173561841828e-01
8.239260077454549958e+01
7.662561064812341272e+01
1.960823465128940057e+01
2.374071795639264515e+00
-2.374587119964080895e+00
-2.031905691592494900e-01
-2.278962928282052047e+00
-4.755690013920410575e-01
1.502023261432106738e+00
8.664755803562773639e-01
1.385214471868641439e+01
-2.452237858382568803e-01
6.277880747990312926e+00
6.598506181164500717e+00
5.635317974764479931e-01
-3.888142139676508346e+00
1.067233012069695341e+00
-4.031301551152965956e+00
-4.421751989679718164e+00
-5.557983227562697248e-01
-7.218171708700760192e-02
-3.991565338941434060e-01
1.744426542010540260e+00
-5.230166995664382590e-01
-4.474962277056254933e+00
-6.091434230165695851e+00
-2.342874999987654139e+00
-3.798620398060841286e+00
9.475214867498154003e-01
-7.055483098315171731e+00
-8.492733895924780008e-01
2.454108623293789204e-01
7.004550270694744896e-01
3.760191492053774009e+00
1.583298324019789538e+00
6.739011881780745838e+00
7.179689584767562138e+00
8.128437451164403527e+00
9.419312013320203292e+00
-8.592194411157811906e-01
3.186791684711276940e+00
4.325341436845340226e+00
1.296914752438915075e+00
4.994098382732007124e+00
3.031260006298579057e+00
2.891737006876392790e+00
5.397066344653872472e-01
1.346774727092722834e+00
-4.724915412119756741e-01
2.132185005314582771e+00
-5.936586773067746847e+00
-2.100221905346643325e+01
8.914035172265254658e+00
8.911331248031165941e+00
7.796419156785800553e+00
5.134601404265239921e+00
1.283881602808379485e+00
2.284174019181243409e+01
9.716097347395303174e+00
2.060277765241508519e+00
2.500624254063407292e+01
3.832261582950687995e+01
8.061518859373116186e+00
-1.977913051420014057e+00
-2.851031591850448965e+00
2.607075676310827816e+00
1.753838068259827576e+00
3.507407001650147738e+00
7.334438484439642636e+00
4.641911199891382900e+00
4.443856847209811001e+00
2.666862894685790408e+00
2.811354182022912429e+00
2.165316114799984870e+00
1.936253928265363466e+00
-1.683105959550705855e+00
-1.995241394557937031e+00
-1.140429356476094114e+00
5.411982833946709093e+00
2.470063245104934690e+00
3.135059143583474928e+00
2.985929851781024880e+00
7.141455127610671028e+00
8.339592159404570992e+00
6.554128993161599581e+00
6.799475198363662543e+00
2.377411541475076717e+00
8.769097800556235001e+00
1.491987868113963778e+00
2.822033680050330062e+00
5.446538614549973900e+00
5.459820598446214035e+00
1.669574080727814103e+00
3.039642854981524867e+00
-4.556893485875139760e-01
-1.582583138348879537e+00
1.922719493580989258e+00
1.762732099785406126e+00
1.760589121847416560e+00
-4.494651055396490236e+00
5.051085058048160548e+00
4.328650577841511193e+00
2.268706612758707220e+00
-2.758289917017157311e+00
1.465270676058576527e+00
2.169859804159599648e+01
-3.201732623563970481e+00
-6.421805044174334398e+00
-3.272757895214697843e+00
1.395892841596669598e+00
5.233544310791342635e-01
-1.207903270557128206e+00
3.071735317958521172e+00
3.236850147288334423e+00
4.489169117726680369e+00
6.044919717109097590e+00
7.373185038273293301e+00
2.176213139398254004e+00
7.579565808918850678e+00
5.654854354263056493e+00
5.461528092567428772e+00
5.219286007165862884e+00
7.514650208730580871e+00
7.487536407287869622e+00
8.718113478293393115e+00
5.643622172238549339e-01
-1.174285729109128873e+00
6.782964725108085347e+00
1.015459430925683115e+01
6.681873796471098359e+00
-3.109393353076402189e+00
3.492287558534381553e-01
1.668493499135012215e+00
5.504531081164948603e+00
4.357719381754375121e+00
4.186708196270710225e+00
1.829941067475436833e+00
3.118418309723691273e+00
2.279062114699754282e+00
7.259273861637270286e+00
6.669364747842418950e+00
5.402172294200255465e+00
5.489413104994262937e+00
4.995238622241114257e+00
4.766930233691212493e+00
5.732536650668810907e+00
4.060341069476542941e+00
6.758051793890235359e+00
5.385247618361745481e+00
7.310646916698281927e+00
6.144737658963853377e+00
3.479787466979842758e+00
-2.834605335730719933e+00
-2.866525691564479228e+00
-4.580514593151956859e+00
-4.625389507625838448e+00
-7.338597413300058658e-01
-2.299029423402667138e+00
1.624009816211141555e+01
-3.988097219031297325e+00
-5.090723179296668732e+00
-5.012958933878626233e-01
-9.726203470693759456e+00
-1.104603851946620807e+01
-2.654039860427840569e+00
-1.559565679704251195e+00
4.658321630228144272e+00
1.638221564471733505e+00
6.017469537097960952e+00
4.404223139281950417e+00
3.081235406274351885e+00
-4.045062014934600825e+00
-3.763916436336284033e+00
2.921071450894044119e+01
3.003208234094593809e+00
-6.728905501662264754e+00
-5.707662549908011584e+00
-6.387114539106317324e+00
-4.788690492786216168e+00
-9.141069984964609318e+00
-6.320416829171598749e+00
-7.923880905957792820e+00
-4.636162998737006546e+00
-7.526212150417169511e+00
-7.308734485269274828e-01
2.076810620049455380e+00
2.912630340927165662e+00
1.381100075184038989e+00
-1.484698730156445379e+00
3.578145392645724066e-01
2.020910066566154129e+00
7.069276602439792612e+00
7.865056452200652970e+00
8.896661302964119500e+00
6.573275920147208851e+00
4.982688447597245940e+00
1.665958436852910340e+00
-7.432133443972279707e-01
5.471592319282604366e-01
-5.607546547345414467e+00
-4.659949735931689929e+00
-1.616335502409583125e+00
2.518433756965659853e+00
4.647388960764853749e+00
5.879738714935575317e+00
2.563896400386647567e+00
3.780296527797130324e+00
1.954673471231511694e+00
3.674322901396045893e+00
4.186216253687117472e+00
-4.865881424968456770e+00
-6.223554486831739396e-02
-1.541611237107536336e-01
-1.306708987694474633e+00
2.091367316940383247e+00
-3.522020068871063447e+00
-3.353219876906443631e-02
-4.154967046221761606e+00
1.240222706937367692e+00
2.107511457677291311e-02
-2.680870002476849479e-01
-2.194041112690570117e-01
-2.126711123629919431e+00
-2.731622601588627575e+00
-1.920854371600841937e+00
-1.311353673994040125e+00
-2.772403432582605465e+00
7.129484989680950235e+00
3.911872333316468442e-02
3.820136853542879241e+00
9.946378590947535514e-02
2.690284898477294906e+00
-3.470888345261489150e-01
7.086530839235347656e-01
2.597769088190396758e+00
-1.201523562779493126e+00
-4.638781644665378678e+00
-2.280793299949329889e+00
-1.392189637900646648e+00
-9.111739441985213794e-01
-1.407806790134932928e+00
-5.777683808290596801e+00
-4.705262289391166419e+00
-4.345843873494545928e-01
-2.600911193193260473e+00
-1.453086506001250999e+00
9.426760699332573656e-01
2.389906753209449786e+00
3.916109926044678335e+00
3.689457750904943545e+00
1.354480207018785132e+00
2.059387154397366970e+00
2.050208472677518934e+00
3.006005562112687990e+00
3.551383296411138257e+00
3.658983250414096222e+00
1.471624121195031387e+00
1.420618966470726274e+00
2.593011289728853974e+00
1.020577501502399231e+00
5.687583124529599354e-01
3.015105429746332000e+00
1.489258992613919474e+00
2.871950608533325955e+00
-1.252562486304660716e+00
1.278730592507740482e+01
2.414525126345574080e+01
5.657450763286564666e+01
8.302912833832836270e+01
7.934176958070426622e+01
1.124140584714619564e+02
4.836998841830430251e+01
9.551458918804518472e-01
-7.181879192624450070e+00
-2.520869096901819262e+00
6.649713073657149698e-01
2.269839138547223856e-01
7.906369323108577429e-01
2.368646804565811337e+00
5.409489992711174366e+00
5.873385998321181134e+00
2.081867682105696282e+00
3.534745839733169248e+00
2.632050001949834517e+00
2.157632554812383585e+00
1.356948464699091028e+00
3.133202623765390271e+00
2.347980411287309721e+00
4.411826886908123413e+00
-1.874840001822757340e-01
-3.211130304304193661e+00
1.682331771127587583e-01
-1.536410607779907345e+00
2.595034640897503353e-01
2.307544426485257372e+00
3.929304254178728861e+00
2.049414755651408626e+00
2.950862972576314469e+00
3.427158943483736397e+00
2.287596575028589818e+00
3.029200719184612201e+00
6.464196149492611454e-01
3.064489175196099868e+00
3.822804547274618603e+00
2.751233868634129998e+00
4.529995341210501181e+00
1.146626604906016134e+01
3.181296059026711198e+00
3.987862925414863646e+00
7.497807479044857004e+00
5.781769082655488390e+00
3.381437687365281608e+00
1.537239146439442727e+01
-2.877535352962889537e+00
-1.434884898529063157e+01
-1.574074205332497911e+01
-4.525573032602835610e+00
6.288006644139231938e+00
3.093835451609793807e+01
6.457142351273067504e+01
9.011497523200617366e+01
1.078761922117741534e+02
1.573625394823060333e+02
1.399469187004852166e+01
7.368577921096951755e+00
3.299759943003582219e+00
3.948221076896625714e+00
6.650903111983840432e+00
1.398878502898350007e+01
-1.744733397976330380e+01
-4.151843279712483792e+00
-1.544000148279745943e+01
-1.006395875944507878e+01
6.335087013465257044e+00
8.615966689739083861e+00
7.412389772350618244e+00
7.919870440553760105e+00
9.502522209287381116e+00
-3.707621563756287042e+00
-9.464477669370397805e+00
-3.531403979405328020e+00
-4.747992045207890754e+00
8.926879305344667115e-01
4.169978659782384689e+00
8.950061547232680326e+00
5.630957661658102964e+00
3.863310529731963427e+00
6.394368474057689156e+00
5.496926818068356368e+00
5.191184820499932684e+00
5.014867698830489218e+00
5.565956024027506999e+00
4.973455684952543976e+00
3.456194997261685220e+00
1.554965231170492679e+00
-2.422475111554079685e+00
-2.882194693185575307e+00
-2.573765302103793218e+01
-1.011128212665160220e+01
5.159597624830002394e-01
7.303269884922586996e+00
8.896624894158829733e+00
9.538187247917633727e+00
3.833447704352686447e+00
3.232593600993722838e+00
8.215037189846856602e-01
1.057988268227198825e+00
5.508744487570549353e-01
-2.996155670063697318e+00
3.075083513221477993e+00
9.056679998113967400e+00
3.996110614902827596e+00
1.631035474286479436e+00
-8.703354903591426606e+00
3.220296738296332340e+00
-3.244352317167413702e+01
-2.102151796379921933e+01
-1.605732591708015278e+01
-4.745142805328589120e+00
-5.326556922322756016e-02
2.262527968847103832e+00
4.250433401057009064e+00
6.265478230251229519e+00
1.447503439560309690e+00
6.880015671770065566e-01
-5.537111779852557092e+00
-1.792115985480700058e-01
-3.537833950408645567e+00
5.013215121613469272e+00
2.676159185738841373e+00
2.394067739401005923e+00
5.720945196661922694e+00
-4.530322065722294234e-01
7.840152391118817121e+00
1.242724069640146389e+01
2.863514427894618564e+01
1.236755687111127378e+00
7.399074445898712327e+00
7.848259992296441112e+00
1.880831286164090788e+00
-1.457930106689263372e+00
-4.658153193967271122e+00
4.969328961929624811e+00
-1.592373436736695957e+00
3.393345292760980847e+00
-1.770782516042334276e+00
3.834898833558749942e+01
5.782839533960172673e+01
5.994378919114927129e+01
1.013360155929996154e+01
-1.675641726767345130e-01
-5.969625562121343432e-01
-1.752882600590399687e-01
-5.191562413785575814e+00
-1.106694558999405498e+00
1.707345592948894009e+01
-1.229470317150356067e+02
-1.007285577221933863e+02
-5.647187334590574892e+01
-2.553872320738222257e+01
9.912447808095496971e-01
1.239936901852545459e+00
-3.420536064797141673e+00
2.454183080740209633e+00
-1.061185507725990185e+01
-1.721432053373183990e+01
-1.959601559017939465e+01
-2.141036469581967694e+00
3.854611478322531148e+00
5.875323533372927898e+00
6.200495982912714865e+00
5.607444102676071296e+00
-1.152565094926580880e+00
-1.107752578612974936e-02
-3.096989423029171906e+00
-9.180557955908875911e+00
-2.034276247095067802e+01
-1.932493281767975191e+01
-1.188940082422236770e+02
-1.090612951724609871e+02
-9.731843699100409140e+01
-8.108872218347623573e+01
-6.893122763150664412e+01
-4.137648045397140351e+01
-3.623884121055476726e+01
-2.163390476543804652e+01
-2.312712397340687787e+01
-1.301156113736212383e+01
-7.237310834504887325e+00
2.829712914842793126e+01
-1.056428513167780103e+01
-2.446226334817681902e+01
-4.718586709048216221e+01
-5.758105394525787801e+01
-2.669041406530884686e+01
-2.197834034110383783e+01
-3.061363545938657182e+01
-3.084924354822891246e+01
-3.747026761726696975e+01
-4.541128276391385299e+01
-7.437264813993999724e+01
-6.299026384610817075e+01
-3.668260945189035738e+01
-3.422743508777688248e+01
-4.477816275683615999e+01
-5.229577410787422309e+01
-2.824204164460757127e+01
-1.789402342209284669e+01
-1.353220181475428952e+01
-1.553257652117664378e+01
-2.461405898850915364e+01
1.287504320927379320e+00
3.253994525899720713e+00
6.116847435948614020e+00
1.048479554754386101e+01
1.018722671522486145e+01
1.176685725821580419e+01
9.613568370494940396e+00
1.119866366532897572e+01
1.099606618765177757e+01
5.287333898348689942e+00
5.100147398649474084e+00
2.417594553616389419e+00
1.723151352999203745e+00
1.467417982298726997e+00
1.188530134416705630e+00
9.485149038406350819e-01
3.606002953923803211e+00
8.660265632474720476e+00
8.836760252737200005e+00
8.436884770099345232e+00
4.106469284684610699e+00
3.981667433629054731e+00
4.126308495394544806e+00
4.675260566486320712e+00
4.027356315470594694e+00
4.810013233867060478e+00
5.811387153820129825e+00
1.292159745192952514e+00
6.984653025920886549e+00
5.434298773844082220e+00
2.499546484097222798e+00
4.629020896376440319e+00
6.399583586465517726e+00
5.457502085721881002e+00
3.489248139615085620e+00
1.605123447378900003e+00
8.050802586219768520e-01
8.825135360442422083e-01
3.399106736769427428e+00
6.719374403621166891e+00
-5.839871550758082286e-01
6.354528741858632701e-01
2.669733746947048125e+00
7.108670002416154432e+00
1.415951500366803906e+01
1.017527672625502788e+01
-1.415917678552839298e+01
-2.318723911452572395e+00
-4.178182796015999401e+00
6.944221863916128612e+00
8.367561982083321581e+00
5.008613366207328887e+00
-7.456343803197884590e-01
3.491223543789672146e+00
-1.121593403019551793e-01
1.501465934763067889e+00
1.979170608998381820e+00
2.076609917793755145e+00
1.460060921443512072e+00
-1.348871582033304151e+00
2.336201482532444196e+00
2.991888541291865877e+00
3.899047585494137103e+00
2.172237219147463705e-01
-1.926517423147751984e+00
7.852442810517983318e+00
-8.884171605018826412e+00
-1.377202821830401103e+00
1.726854229479080960e+00
-4.881429227004179250e-01
-1.644239561401379390e+00
-1.117826473420047595e+00
-4.951878859321316995e-01
2.858887279888796762e+00
4.163320689127337104e+00
5.575616395089486588e+00
4.483634076135402324e+00
7.258056186081185412e-01
3.810667324525581545e+00
1.680080327217558178e+00
1.614232807972030415e+01
-3.260012782289223754e+00
6.164383025377539127e+00
5.516547846253040177e+00
2.817411076396050262e+00
6.460355399553665556e-01
4.495761039154022587e-01
2.369209580600988296e+00
4.644427088044079666e-01
1.869721662353625691e+00
3.076889510050774934e+00
3.701371228517195355e+00
1.345813052393292786e+01
2.215769706255444227e+00
4.929156429654140581e+00
-1.235640328370524976e+01
-2.327218319870969054e+01
2.334601938002163646e+00
1.353590490728265827e+01
7.466833348497504019e+00
1.160234628888080088e+01
-3.104899371917109363e+01
-1.748239462814221667e+02
-1.300344491147711778e+02
-7.937143374810584362e+01
-5.699216303368176995e+01
-3.029168539270328608e+01
-2.886500832910318692e+01
-1.876923878016516056e+01
-1.067885407012220789e+01
-2.350614098390293449e+00
2.072789054376976914e+00
6.092431184736824434e+00
9.210688163341266943e+00
7.479467065676320914e+00
7.104784350599786080e+00
9.349220501944037309e+00
8.515151161034959060e+00
3.103407611299473512e+00
5.008401426397009359e+00
7.013059053146061927e+00
4.782070302375531767e+00
9.212163760742013707e+00
9.269060827747164666e+00
1.343284690327777930e+01
1.561087846128601875e+01
-7.999088946999268757e-01
-3.260834404290050514e+01
-7.066660404824561681e+01
-1.843902858490689596e+02
-9.620969676271224102e+01
-4.174116248755770897e+01
-2.182472281015095827e+00
6.983483761457703665e+00
1.061400771368603735e+01
1.256727180145519362e+01
1.047297631188211930e+01
9.899313659410578836e+00
6.432005053735611710e+00
1.162032143506045756e+01
1.055691378020137527e+01
8.732043763503563483e+00
6.488192558845071289e+00
-1.018235816123032045e+01
-2.540113428091682479e+01
-4.355794476744057420e+01
-6.010224646472332211e+01
-4.446150490484997420e+01
-2.192107939499599567e+01
-2.728657293932738259e+00
-3.519156222902950049e+01
-2.526220799575466813e+01
-6.259475703030416227e+00
4.163300077337745542e+00
1.041436532100230927e+01
8.028771425287510866e+00
8.285637370176809569e+00
9.525988491306595307e+00
8.157612652465946468e+00
3.083417574190375099e+00
6.290862426749681546e+00
2.963608040577235592e+00
6.122498042448345501e+00
-7.903846868535384651e-01
2.026928785829251112e+01
5.004963700141630056e+00
1.216295679734389168e+01
6.318931820114988440e+00
7.082833775448424518e+00
5.810473551763207567e+00
8.228462564618320485e+00
7.821378342270961070e+00
7.795078704541790415e+00
8.781747532195524286e+00
1.238849306167862707e+01
1.144837497798648762e+01
1.142390038685918796e+01
1.439702516822351974e+01
1.330256881778391076e+01
1.384575372171924101e+01
1.309900943122855033e+01
1.375752855970602795e+01
1.285804849619879953e+01
2.226160556634010135e+00
-3.093569480055040177e+00
-7.767468967194789187e+00
-1.098102778991426653e+01
-1.625434003229546676e+00
-8.364206139582543997e-01
5.612921261495477765e+00
1.921670341890311562e+01
1.972846238756873305e+01
1.727177178556708981e+01
1.967459441010151622e+01
2.001807253289959121e+01
2.136433672619021706e+01
1.157409379761914181e+01
8.582582583501825013e+00
-6.311067113623215263e+00
-8.666374493656959999e+00
3.530967530325169434e+01
1.370423315775056672e+01
-1.566641534610594704e+02
-1.222539735525358680e+02
-1.410076612920745731e+02
-3.778907875044728826e+01
-4.948421033463105800e+00
7.530882211112013280e+00
1.089303470308056987e+01
1.371171842656882234e+01
1.206823362856475512e+01
9.341144690534799011e+00
7.917783316566078256e+00
5.830636023857872274e+00
8.433116441044468559e+00
3.682235004471049677e+00
6.601952082920782061e+00
7.830777961392382025e+00
-3.787061949118983417e+00
-8.793198807410840701e+00
4.611809452437800161e+00
6.954455086224667681e+00
7.619973749637420468e+00
5.996021128864491345e+00
5.184498063728605999e+00
8.130659039606754845e+00
1.032825854527572673e+01
6.535713864080598512e+00
4.855199648508091492e+00
6.722910972385617967e+00
3.115892854794461542e+00
7.430675171896265141e+00
4.409212784251818285e+00
6.094449879116547564e+00
5.863809847175652123e+00
8.402733726350485099e+00
8.206415511216601288e+00
8.245549441941429691e+00
7.827268660759910901e+00
9.602411863406070225e+00
4.979509591210982578e+00
3.690032848333720583e+00
3.950089187557157100e+00
6.055787520082139608e+00
4.383352208033414854e+00
1.451536898914763007e+01
3.438527904893806664e-02
3.349613387397636188e+01
3.208787960151382634e+01
-4.012360039980290338e+00
-7.047295604875280617e+00
1.190610789308528261e+01
3.878605064356709153e+00
1.455858185070077582e+01
1.331430074029123212e+01
1.144912509194100281e+01
9.614248458288876975e+00
6.968074660532153075e+00
8.977164889918601176e+00
9.397431158349355940e+00
9.544971067951301791e+00
4.040349569491645099e+01
6.868412993005922118e+00
1.610800675041518559e+01
2.939329064325195162e+01
1.665683559702961958e+01
-1.015385173769074072e+02
-1.043076595915698022e+02
-2.063978876892740999e+01
-5.887461975560167105e+01
-1.264816316495345347e+02
-6.927375911880669435e+01
-3.974481499274586582e+01
6.226110792141323458e+00
2.687739578703302001e+01
-2.456775682003241812e+01
7.933346218991042420e+00
2.264838521600317733e+00
1.582191630515955350e+00
3.335425935183729873e+00
6.388606388188768914e-01
-4.168572540248758340e-01
1.414739577942565329e+00
5.581092600535491499e+00
4.395039601076855540e+00
3.626314394031123989e+00
4.915295394902672754e+00
5.571131368318040344e+00
5.365052509853738272e+00
4.622191423700703794e+00
5.782975039851661947e+00
-2.847585525140861051e-01
3.385188832496531131e+00
9.311527808918157456e-01
3.650083948678055190e+00
1.686566915005216494e+00
-1.500617789987706452e+00
9.481383826928325709e-01
3.159899136678752107e+00
8.220688587976098916e+00
3.328205166188860087e+00
5.127652125359356106e+00
3.217144476100742612e+00
3.802327422560618064e+00
2.835748913703275420e+00
3.480199754042832883e+00
5.388164110895587555e+00
2.251037433747014482e+00
2.815627274204954134e+01
-3.228423282150262708e+01
-1.877201716746989746e+01
-3.955452416668161675e+01
-6.074090558480563828e+01
-3.269663188020137312e+01
-2.087081170394904106e+01
7.917419009449849554e+00
-7.681237034800471974e+01
-2.452617977151231443e+01
-1.398466890375818750e+01
-5.766808501020796029e+01
-1.595808400502788160e+01
2.064509703294414855e-01
-2.767063346772206334e+00
-5.612986757771517787e+00
-3.876853288170374778e+00
-1.222030755095459931e+01
-3.144861494516286715e-01
-6.385473658787320872e+00
-1.946624647622569526e+01
-5.735894895487157896e+01
-3.762646507348031122e+01
-4.183006370550562991e+01
-7.633503593125119835e+00
-5.969951868740764667e+01
-2.605698062952485827e+01
-3.610860451032709761e+01
-4.066859285641740485e+01
1.116088176517153974e+00
9.259362999628141466e+00
8.684583213750787678e+00
4.332636420533399146e+00
5.544819857723693346e+00
9.179949551702977217e+00
4.164264423926137937e+00
-4.464273781553533382e+00
4.355748567376680924e+00
1.447616123742803929e+01
7.678871231083810756e+00
4.576394028627834842e+00
1.222627416147260071e+01
4.433144720693993790e+00
8.959616685534570024e+00
6.148428520099825434e+00
3.697258927200744338e+00
1.927790761808368725e+00
-1.863089026386490765e-01
-5.395219327986171542e-01
-2.644236000457919733e+00
-4.680978407248124640e+00
-9.387590839581832824e+00
-1.561598516699333583e+00
-1.376448009281976415e+00
2.632617110707926589e+00
3.836720557972306711e+00
7.906683731273139060e+00
3.964076752674523973e+00
-5.788867216540412031e+00
5.896669723690497467e-01
2.306850100198473186e+01
-5.427740236114459549e+01
-1.092189451462643603e+02
-4.989972806097053848e+01
-4.753062265990352842e+01
5.994425735020415758e+00
8.901139620326304680e+00
6.690230299088293364e+00
-5.543665180527213465e+00
-4.499308874617796050e+00
-7.152903166424380288e+00
-1.586508253538450930e+01
4.125243641525388583e+00
1.157826020123828847e+01
6.777997813642633318e+00
6.823400738891534090e+00
9.876411952638322944e+00
8.576001773450231624e+00
6.147103429350041282e+00
6.948850116384004849e+00
2.821644690256699306e+01
8.396301847112452421e+00
-1.016854780097148669e+01
-3.197286772404648758e+01
-4.996849715621385002e+01
-1.605484096463242860e+00
-2.128063852865452077e+01
1.254953606472604832e+01
1.391146898092963013e+01
1.131157402899337150e+01
1.051724095501167966e+01
6.610391345087029080e+00
3.707817381561259840e+00
3.879985018140716058e+00
8.364926702329325892e+00
-1.744241232834074840e+00
4.180051341214468863e+01
-6.170391285767186318e+00
4.189101497093918880e+00
6.400048471031379194e+00
3.067829022227117619e+01
1.545513351924424850e+00
2.732770510026208299e+00
-3.396459672361730409e+00
7.340622481654996534e+00
1.285373424092845873e+01
3.550585497160917647e+00
6.292289413467946346e+00
5.037915789460909011e+00
-5.842065243865155466e+00
4.470371352906125750e+00
8.649942186548702949e+00
5.083244660415374483e+00
-1.829415605144179668e+00
9.480351871021897026e+00
9.268115407811576389e+00
-2.810305141940576679e-01
9.620757202289881960e+00
9.133103613076828609e+00
2.864599062534851726e+01
-5.340683223051234307e+01
-1.075511107140425793e+02
-1.210799524094369843e+02
-6.082903439522354461e+01
-7.755920226001582307e+01
-8.754734600963247715e+01
-7.107014032674538839e+01
-4.737736945015316081e+01
-3.427635837550570841e+01
-2.317692797742600419e+01
-1.630405812112629604e+01
-1.819700412637348919e+01
-5.016685572791681480e+00
3.027745203735261459e-01
4.127504718224340508e+00
2.885331542015395989e+00
-1.027570696186670407e+00
-6.921444432200834385e+00
-2.808669095321040921e+00
-1.120513636480436581e+01
-2.163346357896284289e+01
-5.339630283433033142e+00
-7.034291279985872336e+00
-8.473706955438707666e+00
-3.401460688409022826e+00
-1.330901055046191139e+01
-1.504973714668807006e+01
-6.041710254986927708e+00
3.909196769991194476e+00
7.622573476656942404e+00
6.253089975272203560e+00
4.624899572164386186e+00
-6.743373593229216922e+00
-5.220136099991041334e+00
-1.872311814893816262e+00
-3.776727429629472166e+00
-5.134064167949782487e+00
2.392410641890554857e+00
-2.654468413826577500e+00
1.257355074155913854e+00
-1.512752304115025481e+00
-4.591841113046221778e+00
9.960969833033056275e+00
-1.510053452595619774e+02
-2.027046140469174702e+02
-1.676935362994294394e+02
-1.482335078892181173e+02
-1.267553719482811232e+02
