4.978612093261954863e-01
4.288414208902217029e-01
1.571361805945060697e-01
3.457718347860040398e-01
5.321145130598520234e-01
4.778289116069077691e-01
1.116530720692909817e-01
3.766148727348851422e-01
1.577365076626836560e-01
4.571369401907531271e-01
-4.481485855789766326e-01
-4.078999157307382495e-01
-1.055661892148657133e-01
1.332650922781440928e-01
4.056990454307218830e-02
1.515279895806488364e-01
3.821255543703797608e-01
5.665405790626897309e-01
5.484433494431294465e-01
8.793703467544956576e-01
8.168685023838785364e-01
8.655402023573705028e-01
1.044845829115135238e+00
9.021460730946350148e-01
9.900931677210343951e-01
7.649438079644136357e-01
8.780936929650250411e-01
6.440162707167528255e-01
5.640713156725004618e-01
4.288577007154189547e-01
4.506213562611404155e-01
7.417652285556531888e-01
6.297918484243908432e-01
6.089111112087440825e-01
7.117298970878681574e-01
4.955730884411503334e-01
8.526031672607455869e-01
7.235209828290233292e-01
6.688410648252113289e-01
7.643008454485255010e-01
8.779136205329441944e-01
1.049326395606548168e+00
8.581332881343194385e-01
5.796712521730443823e-01
6.368113085817367347e-01
4.047568172221968075e-01
7.526443521794635716e-01
8.209763354406264257e-01
7.948126630593969066e-01
5.858436517826400847e-01
4.888103569155722861e-01
4.574613056518371801e-01
8.698108592487485691e-02
4.538906119022235730e-01
3.073439392793752001e-01
4.470061912099457802e-01
5.629676435630078801e-01
3.086487893721386877e-01
8.449293643599512516e-01
6.857151769534511887e-01
6.917933444382186048e-01
2.266918154506977201e-01
1.770911297001368512e-01
1.689837878470260568e-01
4.479532338286645876e-01
1.391141510212657861e-01
1.995104386596652235e-01
-7.252545293370371571e-02
-3.674933122761595006e-01
-3.342733108896334127e-02
1.790655483110586976e-01
-1.882660326607697998e-01
2.090089404487632807e-01
1.971639643721033730e-01
6.796039187810029025e-01
5.184430184499988492e-02
4.269838666283406470e-01
7.674915631867623711e-01
9.184328030817020538e-01
7.529006738915507979e-01
7.752822458959472973e-01
9.262214649108667652e-01
1.062930656376370298e+00
7.241451480520956219e-01
9.217364518152947328e-01
1.121793033680790419e+00
1.284057535922302318e+00
1.040132701667325410e+00
1.003916214646963567e+00
1.035081942304945102e+00
1.203057537073481509e+00
9.589989652663316599e-01
8.066452322501872496e-01
8.576149471294943760e-01
3.698999717502601259e-01
6.442124625252479975e-01
7.281299475461425752e-01
7.827176308998847754e-01
9.341471839040077496e-01
8.212773547395387785e-01
7.623142552234715152e-01
7.168645785361272837e-01
9.236251368420819174e-01
7.388689827592916926e-01
9.124104611067976878e-01
1.159469679878750270e+00
1.285564877844792786e+00
1.156329851330232916e+00
1.135393251868061171e+00
1.016268762433021777e+00
1.026217001518017646e+00
7.478178592795207136e-01
9.889539933005774275e-01
-7.853877055372338045e-02
-3.265058844007079353e-01
-2.577680863810966061e-01
-2.110886952351550550e-01
-1.283806236188536065e-01
3.439067696099573634e-02
1.337278993875952171e-01
1.451729037154992907e-01
6.766025023441402109e-02
-8.920908832626195384e-02
3.429727010965172296e-01
2.352149043992471933e-01
3.209093136349016051e-01
5.632115779695384683e-01
7.298765240145114186e-01
8.818569162447512655e-01
7.180080483528828994e-01
9.646890213571902573e-01
1.273635995060189430e+00
1.146727119911846948e+00
1.142510875296615325e+00
1.201031222795077458e+00
1.232535421845271095e+00
9.110021369112862866e-01
6.465300030200834547e-01
1.244372385249438828e+00
9.361610836137140845e-01
1.052171755029176925e+00
-9.672857116872677352e-01
-1.150994255606777372e+00
7.698783368432160490e-02
6.902335159384548335e-01
-1.030781352308039800e+00
4.860759802373958438e-01
1.527765531136507926e-01
8.355322912902861665e-01
-1.825572662325145146e+00
-2.252036817938133151e+00
-1.623681204610943229e+00
-1.320392243885581962e+00
-2.051034181085610975e+00
-1.903055935272590649e+00
-2.295914701456912788e+00
-2.299191127826353931e+00
-2.074768685463670881e+00
-1.867272361686753701e+00
-1.848200059631040393e+00
-2.193423607251737906e+00
-1.840180388037754078e+00
-8.119774363127236771e-01
-7.104201063951132156e-02
-9.114523550716968625e-02
2.678031354782012263e-01
7.471482435754365214e-01
5.971414618580158651e-01
9.315089484812736353e-01
9.357834218992627795e-01
1.209641314320378580e+00
9.600254255934715930e-01
5.958215507761474017e-01
1.183336791254543385e+00
1.468959419243977660e+00
1.350175989769884399e+00
1.326875824562734785e+00
1.494828637509153513e+00
7.585025104062236290e-01
1.175506151669817978e+00
9.003824235799081643e-01
1.170115126077482692e+00
1.221655912713112802e+00
1.838998371872314630e-01
8.159390958320337228e-01
9.507449026716682239e-01
1.028957563814042686e+00
2.304290299831220912e-01
7.174906298609594613e-01
5.882968874485562383e-01
7.641141426163612360e-01
1.006157289480385852e+00
8.743022532526186774e-01
4.415698242043296640e-01
7.750230878555873781e-01
3.389302323061654798e-01
2.554721464960206800e-01
3.637375604492502079e-01
-5.458432018819296960e-01
-2.202173930572638438e-01
-1.628803634421212010e-01
6.599120458861107430e-02
3.404505915112655545e-01
-3.022770800692899940e-01
-2.550982727666496475e-01
9.954496800372314436e-02
-2.987780317304825628e-01
-1.074509764923382571e-01
-5.671435734406137241e-01
-1.009728098468418711e+00
-1.988115093633076480e+00
-8.308583339128901013e-01
-4.202848647199656784e-01
5.729814738479044323e-02
-1.224237929076393838e-01
2.632322743052269987e-01
3.493556149177733383e-01
4.594507295947528602e-01
5.287603366523864201e-01
3.834033030150189036e-01
7.233901747864938114e-01
8.190708003618517585e-01
-1.001302157285373085e-01
-1.856582714786255917e+00
-3.566876656432574899e-01
2.922836535702066918e-02
3.955876633321075975e-02
5.522215092463899078e-01
6.229932117993229879e-01
1.376866806018129941e-01
6.386758601279740599e-02
-1.093911604610516397e+00
-1.938054237507629285e+00
-1.517536017413858129e+00
-1.265691958278235774e+00
-9.688043331739530917e-01
-4.360360844433186500e-01
-5.224842547823227434e-02
-9.211487257437400711e-02
8.422873374788830692e-02
2.662908101696105367e-01
5.973822511667957746e-01
-1.006449399728616134e+00
-2.024603245049878097e+00
-1.450532206266426982e+00
-1.486572956387430589e+00
-1.188632720944100551e+00
-5.950931370102956475e-01
-7.603815857306199799e-01
-9.427837691475637882e-02
3.809668775654971862e-01
7.718972469703534456e-01
2.962599173707044509e-01
4.605551520939933363e-01
-8.691044156191405357e-01
3.060714658732488491e-02
4.293434375113268642e-01
5.906402837816077112e-01
-2.038514881697292003e-01
2.277428393267866280e-02
7.205825790884801130e-02
5.030961227124483015e-01
8.610463180187873933e-01
3.637316849083976900e-01
1.900867304916055156e-01
7.339442689934690955e-01
9.377746195782860061e-01
5.968729993688409730e-01
4.966903767231597433e-01
-1.407033286963531582e-01
2.835101666103599927e-01
-4.688028905862726692e-01
1.858401450236579766e-02
-2.102493433915954002e-01
-2.675938692326590429e-01
-5.897691327125543781e-01
8.193978638786347801e-04
-6.400874740353228454e-01
-8.121904157396497848e-01
-1.048054515371771300e+00
-5.962148713604273897e-01
-9.789851477626747567e-01
-9.033102605242993022e-01
-1.137666604455618957e+00
-6.627185364779675236e-01
-9.709572334969552854e-01
-6.288205145269256668e-01
-1.901714915389921545e-01
1.052346890715439853e-01
-1.218144965757783638e+00
-2.315475948131547890e-01
-4.158790601901389827e-01
2.111761575091678500e-01
3.988953476041784407e-01
-2.014426799503832299e-02
2.154482638123432769e-01
1.909360154269960086e-01
6.550756476653051275e-01
6.882690107700494275e-01
8.036512650856796336e-01
6.444192325251220099e-01
5.084766156207815024e-01
6.937228005791262753e-02
-6.387478466930891496e-01
-1.533367146842076867e+00
-1.802856827616230007e+00
-1.227602170284917582e+00
-2.180194508622050442e+00
-2.098141506365540643e-01
-1.997754400330491453e+00
-1.420069238394870759e+00
-6.022298753857314724e-01
-4.335063194511049600e-01
-5.385906168821075202e-02
2.596775217075512066e-01
2.441571677001409535e-01
4.202253895300461783e-01
6.362831326238814755e-01
5.803389988935320210e-01
1.075054487300929340e-01
2.302779309068495595e-01
3.941494761280509573e-01
7.294683108149236928e-01
9.217072112608651890e-01
1.005090602825075674e+00
2.664993040814572778e-01
-1.606822021079349350e+00
-3.685998289672791639e-01
-3.447416656988631090e-01
-2.060827872119796567e+00
-5.397075235287925876e-01
-1.284989340456189622e-01
3.209290237645955335e-01
1.993171027604089263e-01
-2.510920428087034528e-01
-2.691194498427703641e-01
1.823714464384706968e-02
1.739338698719224974e-01
2.022754648536270183e-01
9.400643519668971937e-02
6.089800387112542790e-02
-1.552119704722495497e-01
3.493750923074506742e-01
5.470196894463988935e-01
2.407372103787209783e-01
4.532277101072573755e-01
5.121414233066864385e-01
3.994419739965221483e-01
1.907473398627931305e-01
9.799541795610478001e-02
1.372728408866238370e-01
3.310917224326248576e-02
2.671988120358209651e-01
3.115927998309214741e-01
-5.286242051629705951e-01
-2.656253241586922220e-01
-3.429296951365556900e-02
-3.881890737341657238e-01
-3.745073670940527455e-01
5.191243298860314104e-01
8.493044687791645453e-01
-2.621837140669515120e-01
-7.451143818716621237e-02
3.700099061145277757e-01
1.460401343888616532e-01
7.978126306730198847e-01
6.215422845482142522e-01
2.827129571611229908e-01
-1.242918828860748448e-01
4.089663505474524507e-01
8.515646758992888588e-01
2.880969526293598593e-01
4.049671962795401425e-01
6.055107291527327407e-01
5.386547809033693790e-01
6.475212927471717395e-01
6.191717366516010790e-01
8.165292538422584956e-01
5.189284985985925802e-01
3.734499779557698407e-02
-2.820059135501645775e-01
2.153398451676263869e-01
3.467136957360860139e-01
5.882001326613371939e-01
5.845490275249535239e-01
1.079504589697102279e-01
3.387078755404963060e-01
9.571652583180062512e-01
6.187348806161888648e-01
5.887182933812439289e-01
3.911142677656115341e-01
2.906442320444807548e-01
4.482917255412447455e-01
3.543760419052274235e-01
5.678156458177482380e-01
-1.802886380134417488e-01
3.405242548155099636e-01
5.056309528377701534e-01
5.769901245668448420e-01
4.768109888281496511e-01
4.101553150361347821e-02
-4.470843489324964892e-01
-1.104901503777586669e-01
2.177946127514519548e-01
3.989838954157917117e-01
-1.419095849887744842e-01
9.041176192697630842e-02
3.211156411488580442e-02
-4.319091360775992872e-01
-1.442438310975411975e+00
-9.819712113041861867e-01
-2.873701058403460573e-01
9.226026622797145471e-03
2.065006068523832505e-01
-7.086163314474014374e-02
-6.885979954450791585e-01
-4.184066310091865137e-01
-1.323601768834988812e-01
-2.401587589262749178e-01
-1.243191879679824918e+00
-4.092404493792783371e-01
1.357234203334120037e-01
2.229303279323147091e-02
-1.256820122403497164e+00
-1.256055036570296046e+00
-1.246015542998858860e+00
-9.829990144171322219e-01
-4.575230815679439678e-01
-9.947560309449252625e-01
-1.730430254522514755e+00
-1.676251443088350168e+00
-2.112642222667866498e+00
-1.374195806798483188e+00
-7.111014613984284471e-01
-4.018773945651393786e-01
-2.317224555142857190e-01
-3.982246497582606626e-01
-4.134932323964921608e-01
-1.109660027763721191e+00
-6.520728904572619111e-01
-6.762308116081139353e-03
-7.800922469806130799e-01
-4.149678872162012588e-01
-3.165877352009586199e-01
-3.576210651987299372e-02
3.759142646370935426e-01
7.910971929090848676e-02
-4.579856886671001548e-01
-2.395098308487312311e-01
9.259778659042894322e-02
4.098070372424090779e-01
5.887344813313527547e-01
7.593433676163022783e-01
4.941072481205460720e-01
6.076138949724164684e-01
5.082422223347068391e-01
1.440458419886204711e-01
3.979720253455097945e-01
2.907800914053756403e-01
1.901402952888008313e-01
-9.098925602847240945e-01
-1.568549044731226916e+00
-1.005670738443177559e+00
-1.246663579253394660e+00
-1.644850939291691461e+00
-1.261395368101006831e+00
-1.005203843634933092e-01
-9.028733770092509658e-01
-6.477199778206588210e-01
-6.417385536368533927e-01
-5.926871086330091076e-01
-2.430712205558677397e+00
-1.475696812329988283e+00
-6.500820596975214194e-01
-2.303454097782726695e-01
-2.981176337215828420e-01
-1.783582165289254728e+00
-1.597247183457131126e+00
-1.273205582931697943e+00
-1.935319046175834057e+00
-2.024679843969944937e+00
-1.458089148120380152e+00
-1.815769321899978195e+00
-1.727802314432783426e+00
-1.119743199016254742e+00
-1.960528227071935969e-01
-5.764382117902000502e-02
-1.927742940804019200e-01
-2.975903287738106417e-01
6.679236882542194387e-02
-3.408710324190565855e-01
-2.274704965657725619e-02
3.186066380179527480e-01
2.985086170879228673e-01
2.819337950615291577e-01
4.727635722153528119e-01
3.317501788244935357e-01
5.075680870719919691e-01
3.664920443686575657e-01
3.390864036847817120e-01
2.873850016175533151e-01
-1.338969972277034293e-01
-1.072490057235284899e+00
-9.985013936920513755e-01
-5.911945185928821900e-01
-2.388690495999589158e-01
-1.220869052789858022e-01
-1.147611395459820827e+00
-8.449872502743644986e-01
1.687715734355322850e-01
-2.089861914294076639e-01
3.705458225189394161e-01
6.269528179063369455e-01
-1.258277510704434166e-01
4.651413826726712442e-01
6.566896910779383978e-01
9.735361871540734180e-01
1.041793653041735102e+00
3.922791654094347491e-01
8.183888901921859693e-01
6.400989943627329870e-01
6.690581515875601015e-01
3.022905506366523332e-01
-3.453153650845013356e-01
-1.364699521191809595e+00
-6.747409119997854754e-01
4.914159825000152804e-02
3.695756800551716070e-01
-1.402824334537996265e+00
-4.960438449438155373e-01
-3.673062291994269035e-01
-4.394990440163448753e-03
1.204386312070644394e-01
1.762567329059315790e-01
-1.710628861166811898e+00
-2.165366492051749692e+00
-4.108716670741308086e-01
-1.837979206666326526e+00
-1.273433829917906435e+00
-1.765408721575949524e+00
-1.665813314354200214e+00
-1.070277549332508737e+00
-8.332067366794990715e-01
-9.043158599325202829e-01
-2.228726532479048394e-01
9.724794478306153511e-02
1.359848977757186494e-01
-6.366715345064744014e-02
1.881084374936455861e-01
1.367246080624440197e-02
-9.827258564656744522e-01
-2.338457666494225817e-01
-3.301512265094794785e-01
-2.377343537505395288e-01
-6.679640271282485386e-01
-1.388347659658685007e+00
-1.689550768577628315e+00
-1.504511711560988285e+00
-1.185329851288005276e+00
-6.994434865992857908e-01
-5.457575540160592986e-01
-5.972571933966576152e-01
-1.440373039206638062e+00
-1.033182128932958577e+00
-5.816128807258423850e-01
-2.286504728674795262e-01
1.377522261502217571e-02
1.529983973024263699e-01
-4.927523749223586269e-01
-6.395823793579811234e-01
-6.512710434365754919e-01
4.868628898369298241e-02
8.068595220007135360e-03
-1.719388556766343612e-01
-1.554906491474902230e-01
-3.901027173031934581e-01
-2.949944354952316328e-01
-9.979845685193311500e-02
6.802873395061381778e-02
-1.909523258636749432e-01
-5.984147160084170025e-01
-1.304370481167778761e+00
-1.309206825655184092e+00
-1.193265523887168111e+00
-1.685533476231043659e+00
-1.116818847641208201e+00
-1.041368764586093620e+00
-1.105648532790195704e+00
-1.752902711743227648e+00
-1.028025310151228000e+00
-1.410898734332294291e+00
-1.746379664368156615e+00
-1.532750098454330967e+00
-1.538437035476459602e+00
-1.193595061983933059e+00
-3.640185555634696812e-01
-8.429132634814378022e-01
-2.856959536702025071e-01
-1.359714426393210385e-01
-8.591206640483137758e-01
-1.137425503545475003e-02
-2.993047504057207986e-01
9.389606009705497858e-02
3.944674339979040711e-01
5.206509868231757876e-01
-1.008340444029586225e-01
-2.345101226924074522e-01
-1.060641586090872002e+00
-4.962428715319499584e-01
-2.140855528533839314e-01
-1.112012049406401193e-01
-2.623071132302406960e-01
-6.447673291101816417e-01
-1.092014020970420329e+00
-1.503508053883259921e+00
-1.155176784408268986e+00
-1.404592724692267591e+00
-1.511310199797339937e+00
-1.160699481296013191e+00
-1.594497142811968304e+00
-1.431838175198641983e+00
-1.169379848381718823e+00
-1.302420104709098858e+00
-9.679462356798758105e-01
-8.990362171081265341e-01
-1.899333133546442287e+00
-8.527067792152812631e-01
-1.768733242171366404e+00
-1.877364622805473005e+00
-1.994791729031254679e+00
-1.167023271324497458e+00
-1.373865619313063835e+00
-1.843620160024143972e+00
-1.753994557082982242e+00
-2.032285239469997506e+00
-8.558287194454430313e-01
-3.495844263053612400e-01
2.225564400215140903e-02
-1.976119453926450387e-02
-1.813274168412559728e-02
-4.160946102806917235e-02
1.479089542713263317e-02
-1.367309390654521950e-01
3.645434933389091192e-02
-8.709856396510660126e-01
-1.001934296427934745e+00
-1.010788419753530620e+00
-7.842441089466776205e-01
-1.318675852873346432e+00
-9.084553066153620016e-01
-7.528668926884061197e-01
-9.541925225663684396e-01
-8.014108787563898328e-01
-1.221272576017576883e+00
-1.318996539063274520e+00
-1.890094907119314271e+00
-2.219207984034387238e+00
-1.854158464657496452e+00
-1.583194394827709850e+00
-7.131090951769344377e-01
-3.796039706382234313e-01
1.776423251315784047e-02
-7.725055128550928352e-03
-4.562555306313276215e-02
1.530360258360353720e-01
-5.737919602448511291e-01
-1.980463730102187681e-01
-9.566837449980614139e-02
2.240828835994957968e-01
-6.384138650272797033e-02
3.604809773730784928e-01
-2.872860832110076812e-01
1.166864342683042732e-01
2.869844906885500313e-01
-2.611981444579501987e-01
9.174291381204102702e-02
1.943859132141286805e-01
4.227356586795280036e-01
-5.481606913181406027e-01
-2.324910872516546823e-01
1.520424365535176792e-01
2.763616673552725667e-01
4.207987796535125335e-01
3.503634449176894483e-01
1.198706443932843202e-01
-3.667593074325780078e-01
-6.458754419136505387e-01
-4.650058744101207009e-01
-4.153388834960891618e-01
-2.540285379241646879e-01
2.379529398823633235e-01
3.052480703166698950e-01
-2.815425739566691510e-01
-6.536324654332270612e-01
-1.901937775925734986e+00
-2.640438248770092811e-01
-5.901589778555139665e-01
7.796728869930236172e-02
5.293807504791059326e-02
-1.055914564683735346e-02
-2.506861092544589997e-01
-1.036620434923904766e+00
-1.016494503035546781e+00
-3.698544338011554578e-01
-4.266978047529404461e-01
-2.938772778347443770e-01
-4.932083215827165468e-02
2.275623741292075453e-01
6.917285535992212520e-02
1.303068700977156880e-01
2.213229167894800176e-01
9.510806596097609589e-02
1.312822695837149167e-01
-2.069954526498896108e-02
1.315522300113488585e-01
9.642596181461904337e-02
2.455677326301383134e-01
1.074257777029915539e-01
-2.796012142347202856e-01
9.545457250835853724e-02
2.425422432421490138e-01
2.977087696206259793e-02
-4.853579640725580457e-02
-2.163802181868658137e-01
1.197882853247559387e-01
-4.499291794351180651e-01
-2.413882971028633584e-01
4.426544793041176096e-02
-8.855030996312773794e-02
-1.011696470126819847e+00
-6.745021252789934474e-01
-5.637589331915751067e-01
-4.506669209246018104e-01
-3.709126094119903350e-01
-1.701100196566299738e-01
-2.982255199891069575e-01
-3.625152200131150915e-01
-3.752005939588473060e-01
-6.392059811067705155e-01
-7.363965463366969333e-01
-4.290416032519005496e-01
-1.351612236009244850e+00
-3.918522051653587357e-01
2.648410387690992573e-01
7.113577577739882418e-02
-3.994562903322596004e-01
-8.729462157462408722e-01
-1.565506153144827550e+00
-7.126181068195089896e-01
-3.124769054168121674e-01
-2.480707766639099754e-01
-3.361902833383760836e-01
-7.403815288556991892e-02
-5.915859268260479364e-01
-2.189512656597052853e+00
-1.905381426778578025e+00
-7.952053974649833101e-01
-1.714480855326130371e-01
-2.464992780777292003e-01
1.581008487376825977e-01
-7.657530637340059787e-02
-3.867944740706280027e-01
-3.541604902412270883e-01
-2.604498357875649761e-01
-6.490963099850255436e-02
-1.804058795126657344e-01
-7.059803805804765187e-01
-1.222928277243675366e+00
-4.473169505069525265e-01
-5.600872188363241744e-01
-2.059288784794688354e-01
-2.497680861093707350e-01
-5.729783759607780524e-01
-2.556953051560059142e-01
-3.820769769215027201e-01
-2.106380793446815058e+00
-2.136504842651550717e+00
-1.598525421919609446e+00
-3.556035912593739079e-01
-2.467307770423610158e-01
-3.761291493681809261e-01
3.801303713097148318e-02
1.372558334386931866e-01
1.892750753526296625e-01
-1.219591378682208793e-01
-5.419144575315164580e-01
-6.422416484748318943e-01
-4.538343776808764773e-01
-9.878410607288636847e-01
-1.911846926117280798e+00
-1.576424546458527587e+00
-1.277344779854016288e+00
-1.074881284847928775e+00
-1.654548034713277271e+00
-1.877394146088394944e+00
-1.545028170144434831e+00
-1.787768194588264858e+00
-1.646296018222197954e+00
-1.044089235863463694e+00
-8.228594119825388686e-01
-2.823041211231950287e-01
-1.428150547864645015e-01
8.355783913102665661e-02
1.006792724953553542e-02
-5.780299472825656260e-02
-7.404084492607470036e-01
-7.043072812857690268e-01
-3.263985967695072210e-01
-3.879004536249975876e-01
-7.516059345551506787e-01
-1.611300479863577273e+00
-1.202091134036853415e+00
-3.663821173832537137e-01
-1.865699347991637280e-01
1.149863907429955479e-01
2.955257160343741640e-01
7.417882499620831460e-02
3.323052645019676232e-01
4.576222470000822495e-01
4.290664811757104458e-01
4.859871228660556097e-01
1.167059459598716042e-01
2.721771455033953346e-01
3.238651327189957518e-01
3.603609120699021728e-01
-8.647829339448043218e-02
3.917718190735408612e-02
1.678186252110768217e-01
1.375204516092584095e-01
1.619246819402359039e-01
6.963242495064159154e-02
-1.094234649874060716e-01
1.248301308471101434e-01
1.074905841854600919e-01
-8.804677364421154007e-02
1.863628001446987481e-01
-1.936155366426652868e-01
-2.823334244877528931e-02
-4.534784150637805045e-02
-1.107168642388817181e-01
5.626351275967000909e-03
2.101837899946127353e-01
5.472156466464117575e-02
-8.252744578872872605e-02
-5.546184106139941949e-01
-4.792774275288048114e-01
-7.524183785179374695e-01
-1.659025317591740656e+00
-1.459503085131759859e+00
-1.192626535739619520e+00
-1.498489096584301628e+00
-2.232581167334261707e+00
-1.828762861939788431e+00
-1.148754367484405403e+00
-4.230185127290960190e-01
-3.872618318002717941e-01
-2.673608224215250351e-01
1.784646618908480864e-02
-5.736232047929268330e-02
2.602810276596467798e-02
-9.587133254334319066e-01
-7.145096447665597594e-01
-4.268630799386783914e-01
-2.945555472238421402e-01
-3.976874849043637861e-01
-2.805181844483423115e-01
-7.352210189751569036e-01
-2.359172464852264950e-01
-1.192701848241027873e-01
-8.403445276276533260e-01
-1.675418870989177522e+00
-9.540734434640165684e-01
1.718281537324070074e-01
-9.059514505581189869e-02
-6.983074836709224353e-02
5.037238480426142750e-03
2.750491562688847091e-01
2.545466830336073905e-03
-1.311347520332006411e+00
-5.751257541018846009e-01
-3.900596384267275285e-01
-1.214836558479880591e+00
-3.707488968388477635e-01
-1.532086289090035525e-01
-2.743005329770081824e-01
3.628150007658126341e-02
-2.416659664858566980e-02
-4.367902741121609811e-02
-7.690072415615367696e-03
1.854694878720897222e-02
6.007180017102087266e-02
-1.245298831604634282e-01
1.436851110035425316e-01
-2.654431337554018500e-01
-1.595498017707756011e-01
-1.944668660709616415e-01
-1.427074852164417207e-01
-1.955663744127567050e-01
-1.318060099604143387e+00
-1.708406745027784890e+00
-1.612858394234843118e+00
-1.026216147137495538e+00
-1.283070513442466476e+00
-4.760967484013665096e-01
-4.602372173706826830e-01
-1.720003405897964077e-01
-2.021487327373103771e-01
-1.194132378087003898e-01
-2.776631802203931576e-01
-2.348769932823123741e-01
-2.476611268804512767e-01
-1.863508328792321533e-01
-8.193432555766306802e-01
-4.835512465427909690e-01
-5.536072620454768334e-01
-8.382533655760067148e-01
-1.576737782713806268e+00
-9.103444606082089496e-01
-4.753846838460197288e-01
-7.920745372310276089e-01
-7.702932993970950104e-01
-1.748203266910767439e+00
-1.843410370114719532e+00
-1.493593344190949246e+00
-5.625407856761333036e-01
-5.877634695085149907e-01
-3.613281848183457767e-01
-5.068331234312722922e-01
-5.067713258757189365e-01
-4.646378256627853309e-01
-4.137856857609159000e-01
-2.727707333368919462e-01
-2.196975429205892949e-01
-1.063843531782066032e+00
-5.322915128812740759e-01
-1.822297256489554540e-01
-1.781116756199099260e-01
2.032887334308897120e-02
-2.953380529923120834e-01
-5.677900934631796570e-01
-7.316534990324058407e-01
-8.720113534504557729e-01
-7.260135750337384231e-01
-5.753436253017744084e-01
-5.031953357274681071e-01
-8.138561509111863490e-01
-4.903458615461506742e-01
-3.156041218606606691e-01
1.955828692040617600e-02
4.667318320120027453e-01
3.710376973608836559e-01
3.855263779525451850e-01
2.987807325807260161e-01
4.067583911217248493e-01
3.138097037978208048e-01
-3.815166903112199304e-02
-5.057589233857573419e-02
-2.363773091428790218e-01
-7.924312453205667461e-01
-2.549162759707662707e-01
-3.594044368732295380e-01
-2.821323813971700067e-01
1.626097592094603028e-01
1.348277654179660390e-01
-1.008911521359703523e+00
-1.362114249776334107e+00
-3.133158056166255312e-01
-1.204265455023022291e+00
-9.808593233064668571e-01
-8.507245354430486017e-01
-1.138518443938768110e+00
-9.488008442983169033e-01
-3.829394449324808880e-01
-2.805906753731830516e-01
-3.666168012304273360e-01
-7.454809000187103685e-01
-1.088911021735922802e+00
-8.033219200778818347e-01
-1.608845231820925425e+00
-1.968008285117117229e+00
-1.536333022706168450e+00
-5.448431010228480531e-01
6.665640567108055414e-03
-1.839225939461622827e-01
-7.361885634249243360e-02
6.301362585370207103e-02
2.040905457546929869e-01
1.203643593067141859e-01
-4.711153602681558694e-01
-9.403608270350855003e-01
-2.812765776071356472e-01
1.852986486307545144e-01
4.290886612769784225e-02
-1.354992113072436277e-01
-9.692761410279545631e-01
-4.890357829056983796e-01
-3.862596013356202063e-01
-6.914071734894766674e-02
7.112145962039373437e-02
-1.778563776118572415e-01
1.390721718059266809e-01
-1.062005806289256782e-02
-1.288833642777230670e-01
-2.829527605706556592e-01
-6.175698385372101473e-01
-5.039784983004507168e-01
-5.679131192389113014e-01
-1.762233226285805365e-01
-1.846694321013504503e-01
1.730483313829511705e-02
4.033710052942030000e-02
3.113630585306373932e-01
3.942447563456231707e-01
4.326216973592501569e-01
3.476628690702193714e-01
3.251679159442238953e-01
5.310580939318781946e-01
-4.223927765907190546e-01
2.496890453092291962e-01
-1.131243019460765886e-01
1.982421528764266583e-03
-1.567647623883533514e-01
-2.135492555321466535e-01
2.464827267986188231e-01
1.502427348063539725e-02
-1.695639007207033755e-01
-3.302904668853353654e-01
-4.188019974409697976e-01
-1.105165940588471951e+00
-1.017311041998282706e+00
-2.821171695872095597e-01
-2.429440878496286205e-01
1.560901331618681498e-01
1.757744699789930420e-01
3.836274514351382114e-01
-7.536477180459772995e-01
-1.482299979226983311e+00
-8.554994331052362400e-01
-1.534886893549320952e+00
-1.514837890377417118e+00
-5.525734332043618080e-01
-8.939933564163016211e-02
1.967941852688427362e-01
1.934265295506432114e-02
-9.420509937972210146e-02
-6.040474049597699402e-01
-2.139441719658842223e-01
-4.105434303456434453e-02
-1.598386130201684407e-01
-1.026818854868226660e-01
3.678670612083101421e-02
2.746419540427010864e-01
-5.068888807656823925e-02
-4.711843244121166618e-01
-1.051818081724761322e-01
-8.640891071038325766e-01
-2.021813635034722667e-01
-4.548093245932505191e-02
-2.411876326492596867e-01
-6.420347939054343867e-01
7.296967386617025930e-02
2.824236773588392202e-01
1.546338502491051425e-02
-5.658247686328901072e-01
-8.607047790568472800e-01
1.677923238344943835e-01
4.827376705875249252e-01
-3.735751063376394621e-01
-4.963240330887869756e-01
5.711591789893877280e-02
1.565465213206512773e-01
3.175155056708068857e-01
2.572804439841790414e-01
-4.486187092964314393e-01
-7.084437821309930161e-02
-4.790874010934287330e-02
-6.452846212013774174e-02
-1.149173579631748821e+00
-4.027966800166246641e-01
-2.971967372123979212e-01
1.784477105722626078e-02
-1.049713170125124995e-01
-5.175073359356668901e-01
-1.183708450358895714e+00
-3.796894032844809197e-01
1.891777419658035031e-01
8.623843061060787463e-02
-1.325972582945490474e-01
1.594547856603912850e-01
5.838809435314048502e-01
-3.196721181752396612e-01
1.125596475259852403e-01
-4.811440497048484755e-01
2.403197671330914442e-02
-4.012470048702420633e-01
4.403557901367446403e-01
1.580879737181418720e-01
-3.937338826445946349e-01
7.924150711209554387e-02
2.210176272917442342e-01
4.570283797843743834e-03
2.239221975378621332e-01
-2.488385599049603991e-01
4.878670279655706876e-01
5.856365331810752251e-01
-7.600518022387259265e-02
-5.033075003316409557e-01
-7.859320445449310411e-01
-1.027635523034028608e+00
-5.795969423181952518e-01
-7.224519714613746313e-01
-3.151853242524347287e-01
-2.444295823262937484e-01
-6.563040898460015260e-02
-1.247762582954117239e-01
-2.605351677016450873e-01
-6.508536590363191987e-01
3.717880930641770387e-02
-1.370729740082150538e-01
-3.740042747914023025e-01
6.971188024574292985e-02
-2.692728304729716804e-01
3.510432285288273002e-01
-5.118198239050053555e-02
5.057241705772027585e-01
-3.856990617298723389e-01
-5.051422848998088355e-01
-1.828687742343649836e-01
-2.708111188428102833e-01
-1.406691981869093722e-01
-4.780480373384058401e-01
-6.573343424277156011e-01
-1.609727520257759892e-01
2.428309077162519314e-01
1.504429849738927460e-01
1.334497270562885474e-01
1.394492940612234166e-01
-2.803235066335431069e-01
-1.465035085996629904e-01
1.303270391592913358e-01
3.947970756586079988e-01
-4.403898544306793505e-01
3.852784561436407573e-01
-8.700290410662849805e-01
-1.555995517693061769e-01
-7.366389714178279702e-01
-4.197615204173042458e-01
5.723771135732225179e-02
1.968446381267107137e-01
-1.556901929933887097e-01
-7.490437156199303281e-01
-1.643107693020904758e+00
-8.266980739988096794e-01
-1.383136011216510308e-01
-1.975050561949464045e-01
-8.043806586163559924e-02
7.004319628601485270e-03
-2.509800432442365059e-01
-3.169475288157418413e-01
-1.243190728244450982e-01
-7.554056471163794750e-02
-1.638575165582585313e-01
2.265027435665437627e-01
1.869341119896429371e-01
6.634408984784206931e-01
4.737686585622798985e-01
1.813257927908517031e-01
5.010498926644141315e-01
-2.952193726786119798e-01
-3.653568040977969722e-01
-4.260109956290326072e-01
-3.616835752312106411e-01
-3.332866001180355697e-01
-5.230410214582781325e-02
2.780643520030382509e-01
4.320842957531428885e-01
4.716694782914595541e-01
4.624247942168598913e-01
5.237284409116010897e-01
1.843578685667471850e-01
4.642998450810892352e-01
5.279143720473938872e-01
3.522481840354335647e-01
2.087341062095412481e-01
1.470401116158627230e-01
7.329858441012093717e-02
6.205577471639911469e-02
3.315008736150958368e-01
-3.653831601251441574e-01
-2.225722730478043587e-01
-2.319638461281775532e-01
-5.371535734972743281e-01
-5.121630099072254083e-01
-4.755282706408502369e-01
-2.365980902879453174e-01
-7.597701542057084811e-01
-2.701848827457414837e-01
-1.206392825756342768e-01
2.198016473327457643e-02
-6.971786748773978193e-02
-3.317596779337163015e-01
-1.923398371630452575e-01
-1.167100795339474084e-01
-4.079093593586770594e-01
-8.207016251543947094e-01
-1.493243066856040135e+00
-7.978708170650676834e-01
-7.954990935448618128e-01
-4.947979988081818714e-01
-5.094994645485479978e-01
-5.474605132116179274e-01
-6.269599643826921920e-01
-6.017374583484302875e-01
-2.226375793955364113e-01
5.945877111352637634e-02
9.406732916008431200e-02
1.196264731632176170e-01
-1.830315089326378653e-01
-3.584700859149306806e-01
-2.856832021332755822e-01
-2.695071195505750472e-01
-9.656980634516121320e-02
-4.292878388326809569e-01
3.460430347572148735e-01
4.867450979228636898e-01
3.825308913638391095e-01
3.463162791907899996e-01
3.415059573115249991e-01
1.714578755539398758e-01
4.105366527933022036e-01
9.988652707855572022e-02
3.774380976113923536e-01
3.714309088679231818e-01
1.299532293731101573e-01
1.532516322152971400e-01
2.235816080855176358e-01
1.432339395666101245e-01
-3.776885301883414203e-01
-4.510365390914218287e-01
-2.013135087469261064e-01
-3.924570526845476692e-01
-1.547282662794183805e-01
-2.094701432855906598e-01
-1.225174177147957622e+00
-1.364072772315481519e+00
-1.601794234376164416e+00
-1.660224461425266806e+00
-1.606105363371635786e+00
-1.633938445573754450e+00
-1.306386331773587095e+00
-4.896658659321029838e-01
-2.178923933142615788e-01
-1.150203633040383089e-01
4.449035016610414228e-02
2.556003824476515973e-04
4.858361796716592629e-02
1.827378319687483765e-01
2.301752041872552335e-01
1.743067445935292392e-01
-7.761744569960926654e-03
6.426999684195300322e-02
-1.420295595333455063e-01
1.392446066126012960e-01
-2.695649858124233855e-01
-2.309242832656092093e-01
1.192343588103575991e-01
1.235373641528560995e-01
5.096365652855450179e-02
-5.556304281402288936e-01
-3.094990240573574081e-01
-1.351195385983180453e-01
3.381281808499035924e-01
3.717289031502958307e-01
3.810905826015843489e-01
3.463977230259051021e-01
2.965930852360395553e-01
2.345661528710235588e-01
5.020529798142329136e-01
3.639402931703897837e-01
-5.701985253333397008e-02
-8.286546433300693293e-01
-7.863870810094242270e-01
-9.650404768736984273e-01
-7.621394398291060357e-01
-7.103084289540259055e-01
-6.703651514647531728e-01
-1.077002176920601739e+00
-8.181700262641494747e-01
-5.962439645526933507e-01
-8.224133998335332318e-01
-6.312292467222224701e-01
-1.148815175838274083e+00
-1.325031442594374997e+00
-1.160137137212295944e+00
-1.519930181342179054e+00
-1.283999228414341776e+00
-1.319501734770195167e+00
-1.703277822179531942e+00
-1.650365176778592957e+00
-1.486398442577630874e+00
-1.131431081465296806e+00
-1.126688702999122826e+00
-9.990498818349452526e-01
-7.098501576963476278e-01
-1.184123541161787418e+00
-8.740607859373213939e-01
-1.020358743302297810e+00
-1.207205042847049326e+00
-7.758423152752642604e-01
-1.737287696032806750e+00
-1.628253923134300951e+00
-1.102475430558778280e+00
-8.628945697263279424e-01
-9.003284986686691527e-01
-1.119794406920237018e+00
-1.001287044264921544e+00
-1.461423813529058702e+00
-1.399690577229335542e+00
-1.081174225286920088e+00
-9.847086765863641844e-01
-1.078209729182810106e+00
-8.545707531046243810e-01
-6.723616427220426850e-01
-7.177853584275595278e-01
-8.256780975114307308e-01
-7.150102114600114245e-01
-5.981724623833479804e-01
-5.509381706079841123e-01
-6.290192814685315881e-01
-6.769403905958600864e-01
-7.274736169052825607e-01
-7.454416683526716714e-01
-6.807083666443591863e-01
-6.626565513577962196e-01
-1.464892903899007504e+00
-1.401153547402110178e+00
-9.503036378560906217e-01
-7.562697686957997600e-01
-8.877489052453844121e-01
-7.756196437539879529e-01
-5.511221836507249616e-01
-6.125448498651625551e-01
-6.208837421887669628e-01
-6.217198635235006154e-01
-5.973026537602084129e-01
-9.887847328322817431e-01
-1.448739633830337770e+00
-7.731355768157626152e-01
-6.193046285361650805e-01
-1.031594993378797787e+00
-1.090824829311692001e+00
-1.182651356940568999e+00
-1.393269455713358695e+00
-1.615429008511873210e+00
-1.173453499980549042e+00
-1.191602233464537086e+00
-1.206359183030974558e+00
-9.867854771337738473e-01
-8.568230290097780255e-01
-6.752524509487087823e-01
-5.992972947061755429e-01
-8.508805120557976220e-01
-8.610296596946418468e-01
-1.263586580620871480e+00
-8.879908342284711376e-01
-1.074817945081656845e+00
-6.368343025515836864e-01
-6.902921845562854930e-01
-9.630659944995823007e-01
-6.304318403912320123e-01
-1.240220646937952420e+00
-8.081241189835910443e-01
-6.280478630423214081e-01
-1.019452017609341121e+00
-1.068092795679652429e+00
-1.002997361702534729e+00
-7.467139014800724395e-01
-9.290139108581380034e-01
-1.503883263398793080e+00
-9.868041487820873314e-01
-9.142528215322148766e-01
-8.798948798487268297e-01
-9.498447687753841517e-01
-7.017113834578929676e-01
-1.158026714782735223e+00
-1.589268207088126994e+00
-1.831191852748188076e+00
-7.822829859368536365e-01
-6.630241182291913837e-01
-5.739248544765279680e-01
-5.114903378062891637e-01
-7.458747786445426575e-01
-1.120473577093256790e+00
-1.330923950538984268e+00
-1.254698630888378297e+00
-1.493471115067819266e+00
-1.125090046309744851e+00
-1.069299266976297957e+00
-1.015839762818888659e+00
-1.228804198049102014e+00
-1.004730773618208950e+00
-1.317869944641501423e+00
-1.052638874217791898e+00
-1.236519301526178616e+00
-1.403852735316687639e+00
-9.490671057445744241e-01
-8.262631481629042485e-01
-8.758098186689413645e-01
-9.856080090251616577e-01
-8.480518013531084254e-01
-1.023203054566885983e+00
-8.759885294626463814e-01
-8.947552235995539505e-01
-1.041102499484241495e+00
-1.160520468508117631e+00
-9.774337285354922633e-01
-1.290150197362192053e+00
-1.532345375882289362e+00
-1.723140901428726668e+00
-1.969349027908119165e+00
-1.766174542045923168e+00
-1.184242171189965998e+00
-1.090145049713203251e+00
-9.458932341417177758e-01
-1.122883205084883596e+00
-9.695728458318624288e-01
-8.640077661002147913e-01
-7.864108031468276527e-01
-1.036696554191174569e+00
-1.236492823695930499e+00
-1.576544217983112173e+00
-1.683521852910187855e+00
-1.214024327446448170e+00
-1.351155383288169753e+00
-1.572505717347421506e+00
-1.510619371655741450e+00
-1.729653776690951439e+00
-2.049723361620410245e+00
-1.561145447560195354e+00
-1.430029637470820791e+00
-1.307061918879195872e+00
-1.579342326149560938e+00
-1.923337278317502452e+00
-1.714394216376635693e+00
-1.178313195575369843e+00
-1.114956938443710133e+00
-1.019037590982307950e+00
-1.246223819158053692e+00
-1.801841212845626039e+00
-9.928931747416713804e-01
-8.470809560317835718e-01
-8.533001278989881255e-01
-8.098060828881754603e-01
-8.755298112341175498e-01
-8.219152953548590768e-01
-7.247589954276829616e-01
-9.271390558969400120e-01
-7.778914288005885913e-01
-6.664464870478098435e-01
-7.069786085622618010e-01
-5.799551431055183226e-01
-5.744108636886723351e-01
-5.314482783527390009e-01
-6.488944622462182732e-01
-5.370293730393890241e-01
-1.052838400333329982e+00
-7.643914197473558048e-01
-1.128168165468055539e+00
-5.848200671280587848e-01
-7.932752438958640129e-01
-6.491479395118724405e-01
-6.713320579481707462e-01
-5.406120452840550428e-01
-6.001161169649915639e-01
-7.690075821901097841e-01
-8.177325472515266647e-01
-9.754185178048950799e-01
-7.645172738413821278e-01
-4.231692714754610174e-01
-7.967379307715058978e-01
-6.046841434924004055e-01
-8.419730936823963674e-01
-6.368021081697667896e-01
-4.890150125602475972e-01
-4.449755388643377718e-01
-4.989029091326947496e-01
-4.473503701438740765e-01
-3.788994629779607326e-01
-4.116806763112808021e-01
-5.469568013193201184e-01
-3.964095747940571957e-01
-3.920043575546020564e-01
-2.763415121448271616e-01
-6.578129835689793259e-01
-1.222003519973890118e+00
-1.504145244128488823e+00
-9.503684080842546011e-01
-1.166751969143725365e+00
-9.180698655158504584e-01
-4.772675589179549149e-01
-4.877321775376324275e-01
-4.420727261899715099e-01
-3.435208853339188906e-01
-3.923564126000141372e-01
-2.012539864131555056e-01
-2.353217792720440071e-01
-4.981031919485893189e-01
-2.665932799367408679e-01
-4.124190899647445785e-01
-3.979894322218595626e-01
-3.593570702891459856e-01
-1.755534102577224198e-01
-1.906880024808218499e-01
-4.357821253553990637e-01
-1.621105472511816803e-01
-9.922375648626062805e-01
-6.237896154697688544e-01
-5.234620940207332929e-01
-3.636917925975713395e-01
-4.278841350844398428e-01
-4.890249642857332213e-01
-4.847105899788071159e-01
-4.918423438149303051e-01
-5.292556104042276388e-01
-4.066414414212881079e-01
-5.330890018237692818e-01
-2.278324843807121303e-01
-3.148179359209368755e-02
-7.060682007829528484e-01
-1.270833418700361150e-01
-1.280524711752144551e+00
-8.410232507800985413e-01
-4.592378011577654684e-01
-2.500697761083706672e-01
-4.003927431409898263e-01
-2.658263567263430271e-01
-2.796440060706083530e-01
-6.256995559280139618e-01
-3.465345633684354665e-01
-1.626479709243212612e-01
-1.950458963743483265e-01
-1.292984048948175868e-01
-5.103934127095348661e-01
-7.815333898705651983e-01
-1.757423891251525649e+00
-1.873134023779718049e+00
-9.005240073242664067e-01
-4.231554808044017957e-01
-2.439696418752445028e-01
-1.094422660346334952e+00
-1.272322476015093073e+00
-1.034976947775818612e+00
-9.487432087080771570e-01
-9.254055775099225833e-01
-9.360696311552463289e-01
-8.325643066254303504e-01
-9.139372441280654291e-01
-8.810266637571124715e-01
-8.170100673684173032e-01
-8.740219518217523520e-01
-8.205557729828529823e-01
-7.997617532750247449e-01
-8.502820477163892665e-01
-7.459383919985446143e-01
-6.720690278155234676e-01
-4.038476501047011391e-01
-2.404786493895554322e-01
-4.035481866184479904e-01
1.556312459195795528e-01
3.711522402763934858e-01
4.206824366601827903e-01
3.263990355314777547e-01
-3.768724612233615434e-01
-3.805015843749999793e-01
-2.700363009012664017e-01
-1.189387001043551884e+00
-1.433535687174567030e+00
-1.222321655456731104e+00
-1.210660672215183808e+00
-1.241006113163027891e+00
-6.610586024526391435e-01
-2.120280076082818876e-01
-1.012265420221613033e-01
-4.387974579455899971e-02
-3.482967190246988309e-03
3.296931651969968735e-01
2.932351476732042439e-02
1.135162208525622995e-01
1.107805922368194640e-01
1.888176246567047079e-01
-1.527070140688077116e-01
-5.315549174433246149e-01
-1.050529692299786211e+00
-1.315305292227426426e+00
-1.380149610191830467e+00
-1.308342055382938796e+00
-1.148355514511138153e+00
-9.683167801565485400e-01
-8.545119262004057248e-01
-1.430006612351774065e+00
-1.034579115467383348e+00
-3.228226134788617641e-01
1.881725093887953726e-03
4.202837553366697287e-01
-4.266057269652911987e-02
9.018778581960273932e-02
-2.737331378523562009e-01
-2.758444302145667271e-01
1.190380845629220863e-01
6.863274644724404183e-02
2.916029995025953836e-01
1.231629814230101871e-01
2.066468368858104254e-01
-3.411889131059201441e-01
-4.635330757990400175e-01
1.425888854810716255e-01
4.657909407939383462e-01
6.716405944763331748e-01
7.002177708572737691e-01
8.191308073345032748e-01
8.211533507595606407e-01
9.562694214417813976e-01
8.396938431199295616e-01
9.590386752453604613e-01
8.956863875794084384e-01
9.109615824235232084e-01
1.036983894525492111e+00
9.139624600666099719e-01
8.915252054715362418e-01
1.004269473265926305e+00
1.077283667142558521e+00
9.643180464071273716e-01
7.881101705438616767e-01
8.672361366954194350e-01
9.550984883679768389e-01
9.515234429954703144e-01
6.590448244470322736e-01
9.765927258563048552e-01
8.890966920011053043e-01
7.489475084993389986e-01
1.166816456593984697e+00
1.000968683018146343e+00
1.088645186337394044e+00
1.044519809260981535e+00
7.205303829150794259e-01
5.954279836240311541e-01
5.226158283454952480e-01
1.587810971419468808e-01
3.215082101696767891e-01
-4.599871626063091745e-01
-9.569501605188774906e-01
-1.243174151415914030e+00
-1.038852736963576717e+00
-1.064362262258090608e+00
-6.181297436595124539e-01
-7.334132931920611664e-02
-1.167658373828126539e-01
-6.009372502611010081e-02
8.695138688215364731e-02
3.170418791558032856e-01
2.909499135666165914e-01
2.765459820275858460e-01
-2.353327800540883086e-01
-1.591111683525118226e-01
-3.231162250158556848e-01
-1.718466149860919945e-01
9.581473870244539004e-02
-3.994274242406626874e-01
-7.271307627458971634e-01
-4.340503664487625479e-01
2.641225495026714443e-01
5.166336058359218830e-01
9.627279239660246901e-02
3.037228145039460037e-01
1.989780841930647304e-01
3.180480595794726861e-01
5.748376414495494080e-01
5.718195728942018219e-01
8.171687334532743430e-01
1.256779683655081525e-01
4.194233956181300238e-01
7.703771354810479144e-01
8.189437635025537121e-01
4.571447098736022285e-01
2.691450200602759635e-01
3.582319055901047600e-01
5.770892792666321158e-01
3.922976131259358068e-01
1.437405274430599844e-01
5.954346074108373132e-01
8.556818278666163957e-01
5.792324239578542366e-01
6.492395490320889140e-01
6.286232450272900563e-01
3.716075914805505587e-02
1.865774890013295328e-01
1.934753684355451364e-01
-1.107520039980721460e+00
-1.090081529989139320e+00
-1.064470090246496303e+00
-3.755433892422589404e-01
-9.774879912841833995e-01
-2.113802131850963661e-01
2.195255339272528250e-02
-4.026230266800490121e-02
2.728885451977008936e-01
1.397538100246488169e-01
3.814820522064031882e-01
3.905659535261382098e-01
4.946924376938394152e-01
-3.409021231325660706e-01
1.689600635983307120e-01
6.487172665147011852e-02
-8.295090370430048266e-01
-1.007784643827896121e+00
-1.224059300639681158e+00
-1.423429934932334273e+00
-7.734225720497133194e-01
-1.028424715290203517e+00
-1.457395570673525986e+00
-1.034009480379886714e+00
-9.414171895541544322e-01
-1.179582710434474269e+00
-1.481376687309574613e+00
-1.323612377490829273e+00
-9.942461530528249325e-01
-6.690068994164996008e-01
-2.615336949594586624e-01
-2.696589639896157520e-01
-4.200945329520697769e-01
-4.425301946317989898e-01
-4.425379495629255810e-01
-1.934675291793908070e-01
-3.245640585447662207e-02
1.702538663979147326e-02
1.304564730522601579e-01
6.062637946841031855e-02
1.184199637151359674e-01
1.921681249817716042e-01
4.433277007363789490e-02
-1.244423479379985764e-02
1.321590730354976762e-01
-3.127117024715289073e-01
-2.877583191229216020e-03
1.262199597275281970e-02
-1.578539244989970447e-01
1.555356411056337818e-01
2.527543783541849054e-01
2.392285134907109478e-01
-4.003224112167969029e-02
2.489619012380085428e-01
2.348666797345074775e-01
2.407706960657679529e-01
-4.203738840005899480e-02
-1.971431730439776597e-02
-1.061919962769716230e-01
-8.189441408738828976e-02
-3.065489883790689651e-01
-1.172272995402675377e+00
-9.653882212474034219e-01
-1.634726916233871119e+00
-1.682892659176616235e+00
-1.192376620078543947e+00
-8.253403529656270221e-01
-7.496761015279567175e-01
-1.652352450519922078e+00
-8.125081123078162770e-01
-1.106422829368356675e+00
-1.564404723920470808e+00
-7.389835903667706374e-01
-4.957003158938850240e-01
-6.275166713234177074e-01
-5.972457314672352524e-01
-9.012640781298842940e-01
-8.578703032713397292e-01
-2.837544776087268517e-01
-9.491647530728078985e-01
-1.053654284735246360e+00
-1.325609377040211534e+00
-1.044452233240544148e+00
-1.253648156622298337e+00
-7.470814069136868518e-01
-1.705639805936668196e+00
-9.092510597118067528e-01
-1.202715972715035164e+00
-1.149676287623501825e+00
-3.766929422390884463e-01
3.292127129400718166e-01
3.090938222026419213e-01
4.709709642194340740e-01
2.671716141590746441e-01
4.064651175786270221e-01
-4.595768528326367175e-01
-1.075196868942520201e+00
-7.839415272717853433e-01
-3.740118841039242747e-01
4.858527191165106229e-01
4.759243674721197470e-01
-1.124612583623503248e+00
-1.735898571538362356e-01
-7.416720099364337848e-03
1.531067520230026124e-01
4.549421976098070308e-01
4.671704283508634203e-01
5.495024393695074894e-01
5.609419830285319319e-01
2.336439931029513639e-01
3.478290178637387653e-01
2.028803586381427992e-01
2.708876252563915399e-01
1.668884893994034835e-01
2.698673782177135605e-01
-6.430357816637177759e-01
-4.241451263481608724e-01
2.003274989777714676e-02
1.890025779071996537e-01
-5.479831466805251683e-02
-2.913346823399951546e-01
-1.608109370946079419e+00
-1.016146132581957184e+00
-7.741113072614982382e-01
-8.704375262773721422e-01
-4.641938692777646813e-01
-1.687192927723815128e-01
-1.461996346162980354e-01
-4.436333243597405107e-01
-3.763662357707632244e-01
-3.884688977826465939e-01
-6.709279653386555076e-01
-1.810913592018139617e-01
1.181685327204186065e-01
1.309661233139647329e-02
6.755097353178252106e-04
2.145122388067653985e-01
2.256698306050380909e-01
1.903233123020783291e-01
-2.925936256058744300e-01
-9.436804863442350699e-01
-6.101894823731250916e-01
-1.341335034712995977e+00
-1.306759803163295874e+00
-1.805964988763074874e+00
-9.192134801484219686e-01
-1.660095542379990796e+00
-6.445282446485185446e-01
4.045718636899364729e-02
3.674961638623385207e-01
2.073548336412845972e-01
2.019692257116801892e-01
2.050723664392241075e-01
-2.278705916509898843e-01
-1.380216671188370103e-01
-2.919271235254975450e-01
-8.752094060431814260e-02
-8.505548525449875275e-01
-6.494846388606609899e-01
-3.045243829294300708e-01
-4.966168860233840521e-01
-1.611855122233446735e+00
-5.056753526602586479e-01
-1.202103305022158120e+00
-3.403678217418556473e-01
6.289083152526264708e-02
5.220223672074076893e-01
5.872185673341546730e-01
2.967730123458670599e-01
-1.002994933670812161e+00
-3.663912115804750513e-01
-1.075490223630005682e-01
-1.821912938733094567e-01
-1.264314913537453844e+00
-3.913531537243775116e-01
-4.625753459975384674e-01
-8.068051922716207303e-01
-1.417911416192635388e-01
-3.015867211501996881e-01
-1.458066881178871288e+00
-9.656596061829610944e-01
-1.060703413143132767e+00
-1.357462423149933262e+00
-8.938612539730548257e-01
-9.284842338331280587e-01
-8.811670530495449016e-01
-8.496839063574421758e-01
-7.597615624654698863e-01
-7.461116935778268067e-01
-6.331955221889915553e-01
-3.075553604858904944e-01
-7.668566276512965851e-01
-3.887883028360551996e-01
-3.150505324614069069e-01
-3.064061549047377708e-01
-1.627330874557777474e-01
-3.834075959040132986e-01
-5.768293017609882334e-01
-2.193001781057292154e-01
-4.090301662202906474e-01
-1.130202532824335471e+00
-2.488086291010912499e-01
-5.425459417370102067e-01
-5.850567843378520205e-01
-2.185443974830373337e-01
-7.736471867741550046e-01
-4.726582690148130039e-01
-1.298831790224852512e-01
9.108692058843737005e-02
1.243604927592792952e-01
1.510891648190099135e-01
-8.350878469073330646e-02
-3.613361783146765704e-01
-5.805897005360590724e-01
-1.578825240495606019e-01
-1.479876975853795518e-01
-5.730025486673792079e-01
-3.449272551400264231e-01
-7.300047832333111941e-02
1.808370778870896922e-01
-1.354067876588959107e-01
-4.992292430077391319e-01
-7.462129059526744213e-01
-9.917278771315785058e-01
-1.141081508828770907e+00
-1.168621148453004022e+00
-1.351406274552957143e+00
-1.340781286818253371e+00
